17 37
17 136
17 62
17 129
17 32
17 97
17 19
17 148
17 105
17 158
17 41
17 133
17 11
17 90
17 146
17 161
39 81
112 136
112 60
112 57
112 94
77 162
33 152
142 117
117 30
117 142
158 150
158 135
158 162
158 65
150 158
65 158
91 60
73 136
66 89
162 158
162 77
94 60
66 130
143 60
133 136
133 141
133 19
133 73
133 144
133 62
47 82
47 78
33 45
108 60
47 136
146 17
132 102
146 19
44 47
33 60
44 60
33 135
117 57
136 19
136 133
136 166
136 73
136 123
136 84
136 39
136 107
136 112
166 136
108 17
35 161
17 108
116 83
116 166
19 136
152 47
81 95
47 152
81 64
81 166
116 94
81 60
81 94
118 37
91 77
143 152
116 60
77 91
116 47
147 94
39 136
127 65
127 94
137 47
137 126
137 27
80 166
80 94
64 60
136 69
136 86
136 36
136 85
136 161
55 60
105 97
129 18
129 163
129 110
129 14
129 158
135 158
105 60
62 133
62 136
123 136
69 152
90 152
97 105
97 17
166 54
133 90
54 166
137 90
137 136
137 112
137 19
137 65
137 73
158 129
69 136
90 137
19 137
136 137
73 137
62 146
90 127
90 41
30 135
128 81
127 90
32 97
32 17
14 129
86 136
153 152
167 94
152 153
113 82
36 102
113 121
135 90
90 135
65 137
136 3
136 152
166 132
112 137
36 152
132 166
84 136
152 136
121 130
130 121
166 36
36 166
58 60
33 162
161 136
33 77
161 83
161 90
161 35
110 129
19 133
11 153
83 161
36 14
73 133
36 136
17 110
110 17
158 119
8 155
8 47
107 136
85 103
103 85
36 155
65 90
65 127
41 90
47 137
150 60
77 137
77 123
77 136
77 19
128 8
123 77
14 17
17 14
27 86
128 166
103 95
136 77
166 128
35 83
60 103
19 77
135 151
135 97
103 60
47 65
153 11
60 83
60 8
60 13
60 128
60 67
60 36
60 156
60 132
60 155
60 85
60 102
8 60
67 60
102 60
86 27
41 150
41 162
132 60
36 60
128 60
150 41
45 126
163 129
163 90
163 18
153 33
153 90
153 143
153 130
153 69
153 77
153 136
152 85
118 85
37 17
73 112
152 121
121 152
130 91
126 78
137 130
137 152
137 118
137 143
137 85
137 163
137 148
137 33
137 36
137 104
137 121
137 113
118 137
81 103
103 81
121 137
45 82
148 137
85 8
162 41
36 137
113 137
90 65
117 126
85 128
117 47
81 69
81 39
81 97
81 156
81 17
81 130
81 86
81 148
81 161
81 104
14 148
14 160
14 11
14 80
14 163
97 81
17 81
80 14
128 56
133 17
11 14
161 17
62 102
110 163
57 52
148 14
136 155
148 161
148 81
155 136
13 60
90 161
102 62
152 137
163 110
163 137
163 14
148 69
148 86
65 129
85 98
127 74
155 60
133 80
62 80
80 133
47 117
47 57
13 90
13 127
13 74
13 41
33 137
135 30
86 148
86 69
86 81
65 108
65 64
65 57
65 47
65 56
119 126
119 158
135 138
55 54
126 57
103 141
47 27
47 126
126 47
45 137
57 72
54 55
126 137
126 45
83 35
126 89
126 117
126 119
69 81
69 148
72 57
118 163
14 62
62 14
89 126
156 39
156 60
156 81
155 36
128 85
140 39
140 60
140 56
130 86
39 156
74 90
74 127
74 41
161 81
145 72
145 47
145 60
143 137
90 74
161 148
136 62
35 90
35 105
117 97
97 117
160 14
90 69
69 90
119 90
119 129
86 130
130 66
105 35
47 97
83 13
83 60
97 47
152 3
152 50
152 56
152 2
50 152
82 47
56 152
36 27
151 135
90 35
90 119
151 14
97 57
117 94
94 117
104 81
104 137
104 121
90 97
90 17
97 90
85 27
102 83
104 94
104 166
41 74
83 102
104 126
104 27
128 107
92 84
14 61
92 119
90 83
84 92
102 107
13 83
77 135
135 77
35 65
65 35
56 81
83 90
55 107
103 36
103 156
103 107
62 3
62 73
62 152
62 56
62 50
56 62
50 62
41 163
83 3
163 41
65 119
97 121
118 103
118 8
118 128
118 13
118 86
118 52
118 36
118 83
118 155
118 67
118 102
118 132
62 39
152 62
121 27
27 121
8 85
119 65
73 62
130 135
119 92
83 127
83 74
84 165
127 83
165 84
102 132
62 88
39 62
52 57
74 83
92 165
165 92
39 16
39 157
39 116
39 140
39 28
39 111
39 49
39 95
123 73
123 19
162 33
3 83
3 62
90 163
13 39
8 128
116 39
130 133
130 90
130 143
69 118
155 102
118 69
107 150
102 155
62 103
27 69
103 62
17 155
8 103
8 67
8 13
54 17
17 54
155 17
112 73
47 22
22 47
133 161
39 17
39 97
39 132
19 123
17 39
152 90
152 69
152 33
152 133
152 143
107 55
107 128
107 102
132 39
97 39
35 127
136 153
119 30
30 119
127 35
61 39
61 28
61 95
130 89
130 57
22 153
103 54
103 44
103 152
103 56
103 50
17 130
39 61
133 152
65 91
152 27
91 65
52 37
164 60
27 152
27 47
52 148
52 160
52 80
52 11
62 107
163 86
145 97
166 133
166 35
166 90
135 22
107 62
83 36
36 83
90 166
133 166
92 29
90 129
35 166
22 148
82 113
121 150
121 86
121 69
69 121
150 121
148 22
86 121
8 81
153 22
86 101
37 36
37 52
37 85
37 83
37 155
37 103
37 8
37 67
37 102
37 128
37 13
37 132
37 135
37 118
135 37
8 37
67 37
13 67
13 85
102 37
13 37
83 37
132 37
128 37
58 166
89 130
132 36
130 69
69 27
166 58
36 132
103 37
69 130
160 80
160 148
160 79
27 148
148 27
121 113
121 39
121 148
121 126
121 47
121 61
121 45
121 163
121 85
121 36
121 104
61 121
47 121
128 148
36 37
148 121
36 121
148 11
97 30
97 150
97 130
97 116
97 136
97 123
97 126
97 156
97 73
97 101
97 55
97 152
97 82
97 118
97 78
97 3
97 135
97 64
97 95
97 119
97 163
97 19
97 77
97 11
97 145
97 133
97 112
97 65
97 91
97 62
97 45
97 36
97 32
97 154
97 14
97 165
97 86
77 97
36 97
118 97
136 97
165 97
101 97
64 97
39 121
45 97
32 19
28 61
152 97
156 97
28 39
116 97
28 58
62 97
126 97
126 121
3 90
30 97
133 97
65 97
73 97
90 148
148 90
36 107
90 3
55 97
80 118
62 17
39 123
30 65
30 90
30 35
30 136
30 19
30 161
19 97
30 112
30 73
19 30
14 97
30 129
82 97
30 143
77 152
35 30
144 3
135 33
152 135
152 132
152 77
152 130
152 154
152 163
152 36
152 83
152 119
152 86
8 152
52 119
52 33
52 118
52 30
65 30
136 119
163 121
107 36
135 152
130 126
136 30
83 152
119 97
118 148
118 11
65 109
65 154
86 118
86 97
86 152
130 17
19 17
73 30
143 30
152 156
152 162
152 150
152 148
143 117
132 152
112 97
162 152
112 133
73 17
17 73
73 123
69 86
47 113
47 151
47 72
47 89
57 47
89 47
148 152
130 137
156 152
151 47
133 112
156 27
155 37
150 152
27 156
3 144
150 97
123 97
123 39
3 13
3 152
107 8
130 30
94 45
45 94
13 3
117 143
161 30
35 117
35 152
35 74
35 15
35 124
35 13
35 143
117 35
90 30
74 35
143 35
85 137
13 35
152 35
163 148
163 160
163 11
163 80
128 133
119 152
119 136
91 97
45 121
130 163
130 97
130 85
130 36
130 83
130 148
148 80
148 160
80 148
8 107
8 141
57 37
133 128
141 133
141 8
65 41
163 152
126 72
72 126
37 57
41 65
105 17
11 97
11 135
135 11
124 35
166 152
77 45
45 77
50 56
56 50
73 3
133 55
85 36
85 163
83 52
113 47
112 30
112 142
55 133
119 39
55 62
39 119
57 97
152 166
62 55
148 130
52 83
66 148
148 66
150 162
121 118
166 102
77 33
77 119
77 90
77 69
102 166
118 121
133 125
62 85
125 88
103 55
90 77
90 13
39 101
101 39
32 88
162 150
101 86
13 152
35 41
41 35
55 102
55 36
102 55
27 164
27 94
94 27
118 98
39 85
55 61
55 98
55 151
55 22
55 58
55 44
22 55
151 55
55 141
55 130
55 66
130 55
61 55
39 89
39 152
39 130
130 39
89 39
58 55
113 80
113 160
121 156
98 55
44 55
166 107
103 166
156 121
156 36
156 155
152 39
119 77
36 156
161 133
155 156
155 39
103 118
103 52
8 121
85 121
157 39
49 55
36 55
36 86
36 69
36 163
36 90
36 148
36 80
36 160
36 85
153 57
39 155
125 133
111 39
11 150
166 103
81 56
164 27
69 77
150 11
150 126
150 47
107 166
163 154
56 8
137 164
164 137
126 150
162 148
8 56
3 73
47 150
8 52
8 118
143 124
143 15
143 142
143 134
163 101
17 89
17 66
14 150
150 14
66 17
89 17
117 166
64 65
64 88
64 119
64 35
64 154
64 117
64 94
64 108
64 62
35 64
117 64
65 60
166 117
108 64
88 64
142 143
119 86
119 64
62 64
112 19
30 162
162 30
30 45
47 148
47 11
19 112
135 84
135 165
84 135
152 8
45 30
134 143
102 36
148 136
148 133
82 45
128 63
85 118
136 148
86 119
63 128
17 118
17 52
81 128
52 103
52 8
52 102
52 128
52 113
52 36
52 85
52 155
52 67
52 13
52 132
52 17
45 55
45 17
45 151
45 39
45 83
45 85
45 47
45 66
45 92
45 88
45 108
45 73
45 16
45 13
45 101
45 138
45 152
45 15
45 63
45 132
45 127
45 56
45 162
45 155
45 107
45 78
45 149
45 57
45 118
45 25
45 2
45 58
45 84
45 3
45 72
45 166
45 143
45 135
45 64
45 95
45 54
45 159
45 119
45 59
45 18
45 74
45 163
45 89
45 148
45 160
45 19
45 115
45 157
45 98
45 8
45 111
45 44
45 144
45 27
45 153
45 11
45 150
45 109
45 12
45 110
45 145
45 51
45 28
45 128
45 35
45 79
45 130
45 133
45 142
45 140
45 116
45 41
45 90
45 112
45 33
45 65
45 75
45 91
45 136
45 52
45 61
45 67
45 129
45 161
45 62
45 123
45 158
45 31
45 69
45 117
45 167
45 102
45 48
45 49
45 36
45 113
45 146
45 37
45 124
45 141
45 80
45 68
45 103
45 86
45 147
45 32
45 125
45 104
45 154
45 14
45 22
45 60
45 100
45 105
45 21
45 81
45 156
45 164
45 29
45 165
45 50
45 134
103 45
130 45
22 45
136 45
155 45
17 45
128 45
81 45
56 45
61 45
41 45
107 45
102 45
13 45
8 45
17 22
60 45
35 45
142 45
164 45
135 45
150 45
63 45
36 45
72 45
14 45
164 39
80 45
127 45
118 45
118 17
84 45
19 45
98 45
148 45
148 162
3 45
132 45
119 45
22 17
103 8
86 45
139 138
96 132
99 95
122 134
114 61
120 103
26 121
70 130
12 12
5 36
7 118
10 7
9 8
162 45
32 45
112 45
133 148
133 45
146 45
95 97
95 39
62 45
95 61
95 81
95 45
50 45
151 45
140 45
152 45
152 107
152 73
37 45
117 45
47 45
78 97
165 135
165 45
166 19
65 45
91 45
18 129
18 95
18 45
73 152
54 45
107 152
147 45
78 45
44 45
143 45
92 45
161 45
94 64
108 45
58 45
116 45
74 45
113 45
134 45
125 45
55 45
126 27
27 126
135 162
133 163
110 45
105 45
83 45
69 45
64 98
64 82
19 166
64 45
118 61
61 147
61 33
61 135
98 64
135 61
33 61
121 8
18 163
18 90
18 110
18 47
162 135
18 60
129 30
129 65
129 90
129 119
147 61
129 45
108 89
108 66
107 73
73 45
119 94
94 119
98 151
151 98
27 82
109 65
154 77
154 33
144 45
37 32
156 45
32 37
163 133
166 144
166 84
84 166
55 17
33 154
153 45
109 45
156 132
132 156
123 45
137 45
85 107
77 154
107 84
107 85
132 116
116 132
8 166
166 8
77 147
136 115
107 133
150 77
147 77
67 45
91 92
92 91
148 135
135 148
89 163
163 89
18 150
163 118
8 50
17 55
50 8
145 45
133 107
119 151
151 119
52 45
136 163
88 45
80 52
163 136
82 27
8 3
135 69
30 66
30 89
160 45
18 14
101 45
83 163
163 83
55 166
69 153
138 11
19 119
82 64
82 60
82 32
82 3
60 82
82 117
82 98
117 82
128 67
98 82
33 151
60 54
60 97
60 105
32 82
97 60
133 146
67 13
67 102
67 54
67 83
83 67
102 67
146 133
36 133
78 130
78 17
130 78
17 78
156 8
156 85
8 156
119 19
73 119
55 11
163 36
163 85
55 135
55 152
55 30
55 132
55 150
55 110
55 137
55 14
55 165
150 55
135 55
55 47
55 126
152 151
152 55
3 82
11 55
22 117
117 22
133 36
132 55
14 55
151 152
30 55
126 55
165 55
110 55
47 55
32 66
32 89
11 121
11 36
11 27
11 118
11 156
11 85
11 148
14 152
27 11
36 118
36 52
36 11
156 11
47 39
128 152
121 101
166 69
166 33
101 121
137 18
18 137
152 128
69 166
85 133
85 62
39 47
30 33
90 133
33 166
105 82
56 13
33 30
13 56
119 73
166 55
85 152
152 14
78 121
119 89
119 66
35 154
128 141
15 45
15 35
15 143
11 138
150 33
141 144
154 64
57 32
56 32
17 156
63 113
92 89
92 66
89 82
89 162
89 166
89 119
89 92
89 88
89 108
89 73
89 16
89 101
89 55
89 138
89 151
89 8
89 128
89 152
89 15
89 63
89 132
89 127
89 56
89 30
89 155
89 107
89 78
89 149
89 57
89 118
89 25
89 2
89 84
89 3
89 72
89 83
89 143
89 135
89 64
89 95
89 85
89 54
89 159
89 59
89 18
89 74
89 66
89 148
89 160
89 19
89 115
89 157
89 77
89 98
89 111
89 44
89 144
89 27
89 153
89 11
89 150
89 109
89 12
89 110
89 145
89 51
89 28
89 13
89 80
89 103
89 79
89 133
89 142
89 140
89 116
89 41
89 90
89 112
89 33
89 65
89 97
89 75
89 91
89 58
89 136
89 137
89 61
89 67
89 129
89 165
89 161
89 62
89 123
89 158
89 31
89 69
89 117
89 167
89 102
89 48
89 49
89 45
89 36
89 113
89 146
89 37
89 124
89 35
89 141
89 68
89 86
89 147
89 32
89 125
89 104
89 154
89 14
89 121
89 22
89 60
89 100
89 94
89 105
89 21
89 81
89 156
89 164
89 29
89 50
89 134
89 52
164 89
77 89
60 89
50 89
135 89
56 89
136 89
86 89
37 89
84 89
128 89
33 89
94 89
162 89
41 89
78 89
165 89
81 89
98 89
35 89
148 89
127 89
151 89
83 89
95 89
103 89
117 89
102 89
13 89
36 89
67 89
97 89
118 89
63 89
22 89
110 89
107 89
142 89
54 89
60 163
166 141
14 89
132 89
113 63
113 89
11 89
150 89
32 56
116 89
55 89
90 89
74 89
112 89
156 17
80 89
156 89
160 89
82 89
72 89
91 89
105 89
88 89
101 89
146 89
44 89
58 89
95 103
73 89
32 57
62 89
123 89
137 72
69 89
133 89
19 89
163 60
103 73
64 89
133 69
167 89
167 45
163 97
155 89
54 60
144 166
144 133
144 141
144 89
162 92
153 89
153 3
152 89
65 89
149 89
125 89
54 67
161 89
162 69
52 89
137 57
69 162
57 130
103 2
163 27
141 127
145 89
127 141
18 89
147 89
143 89
72 137
117 108
117 91
166 123
166 73
166 39
73 166
108 117
91 117
123 166
107 103
39 166
15 89
151 66
126 14
56 55
14 18
14 126
55 56
141 166
78 3
78 152
3 78
69 135
103 39
33 69
154 65
39 103
39 133
39 73
128 55
156 86
52 63
52 98
52 61
52 22
52 78
154 35
8 36
152 78
101 156
136 33
60 44
56 103
83 85
113 78
78 113
33 136
121 11
134 89
72 47
118 78
156 101
85 130
39 8
39 128
133 39
73 39
11 80
11 160
102 133
133 102
17 85
17 36
50 103
80 11
80 98
36 17
143 66
66 143
98 80
128 62
61 89
141 44
141 58
152 103
118 63
118 113
118 22
103 154
148 17
163 130
98 118
78 118
149 141
149 56
149 166
149 45
148 118
148 163
148 129
156 66
135 150
166 44
150 135
103 83
86 156
16 39
16 45
16 89
129 148
129 89
54 103
117 15
37 65
37 119
119 37
65 37
143 33
143 136
143 69
136 143
57 98
166 50
50 166
97 92
33 143
98 57
13 128
107 141
69 143
47 129
47 90
133 153
121 55
55 121
153 133
164 143
164 90
164 136
136 164
153 129
143 164
119 69
36 126
112 130
65 126
129 47
69 119
52 18
52 105
52 94
52 117
52 110
52 112
13 95
11 17
30 117
30 132
44 166
129 35
148 18
133 103
133 85
133 132
103 133
18 148
129 153
118 126
35 129
90 47
135 119
164 73
127 41
41 127
90 164
119 135
55 83
55 67
67 55
60 55
73 164
90 18
27 130
82 105
130 27
63 103
103 63
15 117
41 18
128 54
98 78
158 45
158 89
105 118
118 105
47 130
54 112
55 112
130 47
27 57
85 166
57 27
8 69
8 78
35 3
128 103
78 8
3 8
69 8
98 63
98 113
83 116
63 98
113 98
112 126
112 55
112 54
126 112
126 65
166 130
166 17
17 166
166 85
136 144
41 110
3 35
103 128
8 97
110 41
117 119
52 64
80 78
113 61
85 136
61 113
140 89
102 140
140 102
94 108
94 91
78 80
78 148
95 13
91 94
18 41
119 117
52 28
117 121
117 3
141 103
83 18
18 83
108 94
121 117
132 30
132 133
119 148
119 130
119 113
113 119
119 33
33 119
144 136
103 144
128 155
97 61
160 11
11 8
8 11
39 112
107 18
142 19
66 45
154 11
11 154
132 141
132 54
54 132
19 142
130 42
157 45
95 113
112 39
141 132
141 54
73 107
98 72
98 52
148 78
148 119
105 151
105 54
105 52
105 37
105 11
37 105
11 105
80 160
130 118
130 92
130 8
130 153
130 88
130 108
130 73
130 16
130 101
130 138
130 151
130 152
130 15
130 63
130 82
130 132
130 128
130 75
130 136
130 127
130 56
130 162
130 155
130 107
130 149
130 2
130 84
130 3
130 72
130 166
130 64
130 95
130 102
130 37
130 54
130 159
130 119
130 59
130 18
130 74
130 160
130 19
130 115
130 157
130 77
130 98
130 111
130 44
130 144
130 11
130 105
130 150
130 109
130 12
130 110
130 145
130 51
130 28
130 13
130 79
130 142
130 140
130 116
130 41
130 112
130 33
130 65
130 58
130 61
130 67
130 129
130 161
130 62
130 123
130 158
130 31
130 117
130 167
130 48
130 49
130 113
130 146
130 124
130 35
130 141
130 80
130 68
130 103
130 147
130 32
130 125
130 104
130 154
130 14
130 22
130 60
130 100
130 94
130 21
130 81
130 156
130 164
130 29
130 165
130 50
130 134
130 52
148 47
148 36
148 85
148 83
148 156
148 153
83 148
11 133
133 11
148 154
54 141
54 105
72 98
8 83
85 11
128 156
156 148
153 148
135 153
153 135
105 61
105 22
105 152
105 63
105 57
105 47
105 110
105 129
105 113
105 36
105 126
105 80
105 165
80 105
36 105
152 105
22 105
61 105
63 105
47 105
126 105
151 105
11 22
22 11
128 3
80 22
22 80
113 105
110 105
165 105
54 13
129 105
85 52
85 67
8 133
8 54
13 54
132 3
85 86
85 148
85 90
85 83
85 80
22 78
133 14
133 110
69 33
14 133
110 133
62 18
18 62
78 22
78 47
3 132
33 121
62 154
61 148
61 30
148 61
30 61
156 83
83 156
85 126
154 18
18 154
90 154
129 83
118 80
83 129
143 166
154 148
128 13
92 77
64 110
64 109
88 32
88 51
88 62
57 89
57 66
57 42
42 57
22 77
77 22
80 27
27 80
98 47
98 112
98 61
98 56
98 67
67 98
67 85
67 8
67 128
110 64
77 92
72 65
72 108
72 101
72 56
72 32
52 39
52 32
52 72
52 48
61 63
117 52
117 83
117 54
117 84
117 145
61 98
112 98
84 117
112 42
112 66
32 72
32 112
32 52
32 50
32 105
32 141
50 32
112 32
42 112
50 58
50 81
50 95
50 28
156 130
95 50
54 128
54 81
108 72
105 32
81 54
58 50
90 136
136 90
58 44
58 141
58 103
103 58
40 66
47 98
44 58
101 72
35 17
17 35
83 117
17 83
83 17
39 27
142 112
142 119
142 35
142 152
35 142
112 107
112 166
107 112
54 102
54 117
132 155
155 132
102 54
85 17
118 27
90 121
65 72
145 117
145 101
145 82
145 83
145 8
145 85
145 27
145 126
81 50
18 91
152 142
101 145
44 82
83 145
11 45
33 94
126 145
82 44
22 121
121 22
47 145
22 27
22 152
22 143
152 22
22 133
67 17
17 67
121 90
22 90
143 22
8 145
143 153
119 142
36 3
119 127
109 89
109 64
127 119
22 136
35 150
136 22
90 22
133 22
117 13
117 153
13 117
33 147
22 129
22 137
153 117
22 33
82 145
121 33
129 22
135 92
83 39
22 118
39 83
33 22
92 33
33 92
150 35
22 39
107 52
61 154
8 63
39 22
137 22
86 78
148 52
22 130
22 156
156 22
22 85
22 36
36 22
42 66
58 54
42 130
62 128
62 8
8 62
126 95
54 58
54 126
54 165
165 54
13 81
165 13
165 150
150 165
13 165
166 91
18 8
88 154
88 110
8 39
8 95
8 18
91 166
57 17
17 57
27 104
98 110
156 163
3 166
160 130
110 98
126 54
22 135
60 58
101 69
69 101
18 33
33 150
150 18
150 30
30 150
13 129
78 98
129 13
166 3
119 164
164 119
36 103
112 123
112 52
112 72
112 62
112 47
32 146
32 108
32 151
32 149
32 166
32 47
32 115
32 44
32 150
32 51
32 62
32 167
62 32
62 112
150 32
149 32
146 32
47 32
47 112
52 60
64 52
60 52
22 52
22 66
22 108
22 15
22 132
22 25
22 64
22 95
22 18
95 22
72 112
60 108
64 22
95 82
95 72
95 83
95 16
95 2
95 157
95 111
95 28
95 140
95 116
95 67
95 117
95 49
72 95
72 28
72 67
72 55
72 151
72 82
72 64
72 51
72 58
72 34
64 72
22 163
50 108
50 149
50 44
50 51
67 72
66 42
83 95
67 132
67 56
67 135
67 58
67 117
67 105
67 95
98 37
98 160
98 11
98 97
98 32
98 22
22 98
117 67
55 72
117 95
108 50
108 16
108 101
108 55
108 132
108 30
108 107
108 39
108 83
108 166
108 95
108 54
108 18
108 47
108 92
108 19
108 98
108 8
108 150
108 73
108 138
108 151
108 152
108 15
108 63
108 82
108 127
108 28
108 56
108 162
108 155
108 78
108 149
108 57
108 118
108 25
108 2
108 84
108 3
108 143
108 135
108 85
108 159
108 119
108 59
108 74
108 163
108 148
108 160
108 115
108 157
108 77
108 88
108 111
108 44
108 144
108 27
108 153
108 11
108 109
108 12
108 110
108 145
108 51
12 108
85 108
150 108
39 108
30 108
118 108
77 108
37 108
37 55
37 151
37 63
37 82
37 56
37 72
37 112
37 97
37 34
37 117
37 98
116 95
19 108
78 108
72 37
95 108
18 108
92 108
63 37
83 108
83 55
129 69
63 108
55 37
110 108
55 108
55 49
55 28
55 13
119 108
54 108
132 108
132 67
132 22
13 55
47 108
98 108
152 108
102 116
58 67
58 133
74 108
58 56
143 108
58 95
58 102
58 34
58 111
58 157
58 39
58 72
102 58
117 37
32 98
39 58
102 64
102 52
102 156
102 103
102 167
88 108
8 108
123 112
69 129
116 102
148 108
127 108
107 108
152 126
149 108
126 152
153 108
97 98
133 58
97 164
97 52
97 63
97 56
97 155
97 54
97 8
97 44
97 158
97 37
144 108
54 97
63 97
98 30
30 98
101 108
101 55
101 82
101 57
101 165
156 102
158 97
156 47
156 52
156 55
156 151
156 82
156 56
156 57
156 54
156 98
156 13
156 117
15 108
15 22
98 156
155 97
47 156
155 108
64 102
117 156
164 97
165 101
112 37
54 156
166 153
17 119
17 65
101 78
84 108
130 34
130 25
36 130
156 118
85 156
118 156
103 102
151 156
151 37
151 108
151 72
151 32
146 111
65 17
78 101
56 108
119 17
55 101
55 156
167 102
105 67
135 108
135 67
13 156
16 95
111 58
111 95
111 16
111 47
111 28
111 126
95 8
16 108
82 156
82 101
82 37
82 108
82 72
82 95
135 19
135 123
56 72
56 98
73 108
56 156
56 58
56 97
56 67
56 37
80 62
19 135
95 17
17 95
83 151
136 135
32 133
32 144
94 33
123 135
135 136
82 133
64 17
132 85
17 64
153 47
63 78
151 83
47 153
156 69
148 155
155 148
156 128
33 153
52 95
61 97
82 152
152 82
18 22
140 95
95 52
39 52
94 166
166 94
133 82
132 107
167 32
94 17
94 61
17 94
166 112
61 94
101 8
101 36
36 101
8 101
50 134
163 155
58 32
141 107
58 28
150 151
151 150
126 151
144 19
19 144
103 13
32 58
104 78
104 45
104 89
57 104
134 50
69 156
104 57
121 155
155 121
157 58
47 143
47 164
47 94
94 47
136 47
135 105
117 124
117 134
164 47
128 95
78 126
56 133
56 102
102 56
153 166
133 56
66 135
37 64
135 66
64 37
52 56
52 88
65 83
65 88
65 61
133 32
83 65
61 65
88 65
56 52
88 52
56 28
88 117
58 83
58 81
72 52
83 58
141 146
134 117
113 95
165 166
165 136
165 44
165 107
41 14
136 165
166 165
146 141
50 83
94 123
14 41
163 22
123 94
35 14
14 35
3 107
81 58
162 108
108 37
108 32
108 22
143 47
78 52
126 82
22 61
61 22
39 32
39 3
39 113
94 103
94 92
94 65
94 22
94 52
94 165
11 52
35 82
22 94
165 94
65 94
92 94
57 64
57 112
57 65
57 117
64 57
72 97
72 91
97 72
119 91
119 35
119 154
119 22
35 119
3 39
56 95
22 119
95 56
88 37
113 39
47 18
22 60
58 47
58 126
47 58
60 22
103 94
129 62
62 129
82 35
32 39
82 126
126 58
77 151
77 94
94 77
164 33
164 152
88 18
152 164
33 164
22 63
63 52
63 22
33 165
156 166
64 61
121 82
151 77
98 105
102 85
91 72
91 119
82 121
11 78
78 11
105 98
80 156
83 132
132 83
156 80
90 153
61 64
164 147
85 102
39 150
150 39
143 3
147 164
132 52
151 91
128 52
13 116
13 52
136 8
8 136
67 52
165 33
165 77
77 165
83 118
128 161
155 52
161 128
54 107
77 30
30 77
126 130
78 104
107 54
107 132
107 165
107 3
61 156
17 80
129 17
136 17
158 17
92 30
30 92
62 36
36 62
49 39
80 17
56 65
57 36
36 57
33 42
42 33
156 61
92 11
11 92
149 125
151 101
11 57
85 45
27 45
8 132
8 102
78 57
82 151
151 82
80 113
78 61
57 11
61 78
121 78
156 34
3 117
11 18
11 98
153 123
77 153
85 39
119 137
78 66
66 78
80 61
135 118
85 113
34 156
148 102
148 103
148 8
148 128
103 148
8 148
128 39
133 54
54 133
112 49
102 148
49 112
117 90
39 104
39 78
78 39
121 34
121 52
52 121
18 11
90 117
118 135
94 102
102 94
129 154
154 90
90 33
135 154
135 94
33 90
94 135
34 121
83 86
83 136
83 80
136 83
80 83
117 62
117 2
117 150
62 117
150 117
86 83
84 94
94 84
80 132
132 80
126 136
136 126
8 73
33 130
82 90
85 60
90 82
37 47
78 128
78 86
78 67
78 13
78 103
78 85
103 78
14 154
18 135
57 78
101 27
47 37
94 143
94 121
94 34
94 39
94 83
143 94
60 94
153 161
39 94
61 80
47 86
47 69
154 101
69 47
67 81
83 154
83 94
34 94
34 58
84 112
66 154
39 74
39 36
36 39
112 84
74 39
136 27
86 47
65 82
135 129
82 65
103 67
103 155
8 55
32 55
36 78
55 32
90 27
27 90
101 130
45 34
133 88
18 19
108 65
27 55
27 145
27 73
27 147
143 57
30 22
22 30
57 82
57 126
57 56
57 45
34 45
47 147
47 73
56 57
154 83
57 143
112 117
117 112
81 67
77 164
164 77
156 153
153 156
47 34
52 145
52 34
113 52
102 81
81 102
103 3
102 3
102 152
152 102
61 52
166 56
61 118
61 11
61 110
56 166
85 132
85 14
85 110
145 52
11 61
110 61
78 36
34 47
34 52
135 121
47 52
110 90
90 110
128 50
132 56
132 50
56 132
50 132
52 47
115 45
115 136
94 105
115 89
104 39
105 94
13 17
133 127
127 133
85 13
103 113
13 78
128 78
85 78
141 45
39 45
124 45
110 18
90 45
135 143
128 132
61 14
109 108
166 45
143 135
154 45
85 153
36 153
18 98
165 108
108 165
153 36
39 56
39 50
50 39
56 39
118 119
153 85
153 86
166 167
118 130
3 128
157 49
49 22
49 28
49 47
49 16
49 58
49 54
49 126
49 60
49 94
49 166
49 56
49 89
49 45
49 95
49 140
140 49
49 157
56 49
17 61
17 98
17 151
17 113
17 63
18 126
61 17
113 17
98 17
103 135
18 102
56 144
118 42
63 17
154 3
17 82
17 92
17 8
17 88
17 16
17 101
17 152
17 15
17 153
17 132
17 127
17 56
17 30
17 162
17 107
17 149
17 25
17 2
17 84
17 3
17 72
17 143
17 33
17 69
17 135
17 159
17 18
17 74
17 163
17 47
17 115
17 157
17 77
17 111
17 44
17 144
17 27
17 86
17 60
17 150
17 109
17 12
17 145
17 51
17 28
17 13
17 128
17 79
17 142
17 140
17 116
17 112
17 91
17 58
17 137
17 42
17 123
17 34
17 117
17 167
17 102
17 48
17 49
17 126
17 124
17 141
17 103
17 147
17 125
17 104
17 154
17 121
17 21
17 164
17 165
17 50
17 134
12 17
41 17
8 17
69 17
153 17
103 17
42 17
18 17
30 17
101 17
165 17
88 17
82 17
132 17
92 17
121 17
47 17
34 17
150 17
107 17
112 17
116 17
128 17
91 17
33 17
74 17
69 104
69 78
123 17
72 17
78 69
104 17
104 69
135 17
142 17
77 17
86 17
152 17
127 17
101 163
149 17
134 17
141 128
58 17
102 17
56 17
140 17
162 17
50 17
145 17
117 17
164 17
11 47
62 2
125 17
126 17
80 128
128 80
77 39
77 129
77 143
129 77
143 77
39 77
143 17
83 155
144 17
144 56
147 17
109 17
80 163
86 36
86 155
15 17
155 83
83 8
143 90
84 17
90 143
11 37
37 11
95 58
33 123
18 130
8 58
16 17
112 27
3 143
154 103
132 81
81 132
13 36
141 56
141 50
141 152
56 141
50 141
18 34
133 64
64 133
11 83
11 90
11 129
11 166
11 107
107 11
154 135
90 11
129 11
166 95
95 166
83 11
166 161
161 166
95 128
50 13
13 50
133 154
83 130
36 116
94 153
153 94
39 64
64 39
155 16
16 155
16 116
116 16
140 16
140 155
47 36
47 85
16 140
73 155
36 47
144 94
82 154
82 78
78 82
157 17
132 84
84 132
155 73
155 140
95 126
132 103
103 132
8 113
99 33
133 8
52 55
44 97
44 17
125 19
44 108
44 165
167 17
44 50
167 166
55 52
84 19
19 84
163 66
135 86
86 135
129 135
119 52
128 118
153 101
153 121
153 137
153 19
121 147
147 121
86 33
8 86
101 118
101 150
101 148
101 85
101 90
101 136
101 143
101 33
101 137
101 83
101 119
101 164
101 94
101 166
83 101
150 101
94 101
136 101
118 101
33 101
27 101
85 101
148 101
110 14
141 88
141 32
90 101
14 110
164 101
143 101
119 101
27 36
80 57
80 72
57 80
76 33
137 150
91 143
150 137
143 91
14 39
39 14
135 78
78 135
150 66
72 80
147 69
69 147
112 119
68 17
135 47
47 135
88 48
119 112
36 145
62 54
54 62
124 110
34 61
34 97
30 62
36 8
162 112
112 162
56 128
121 135
150 64
150 57
150 54
150 65
150 95
65 150
54 150
145 36
64 150
62 19
19 62
126 34
62 30
150 22
22 150
34 126
36 91
91 36
156 154
35 110
110 35
150 98
150 61
98 121
98 150
61 150
157 108
157 95
157 89
157 166
157 140
131 107
62 141
37 88
145 121
166 32
166 83
83 166
143 123
123 143
22 113
22 97
97 22
113 22
91 110
143 110
110 143
50 140
50 116
50 146
116 50
166 108
166 30
166 162
166 155
166 149
166 57
166 72
166 135
166 159
166 16
166 101
166 151
166 15
166 63
166 82
166 127
166 78
166 118
166 25
166 2
166 143
166 64
166 119
64 166
127 166
135 166
63 166
30 166
162 166
78 166
118 166
32 73
32 95
110 91
146 50
82 166
119 166
132 118
30 105
98 83
98 62
98 101
98 102
82 57
102 98
83 98
37 15
37 78
37 39
37 95
37 54
37 18
78 37
112 2
112 3
112 115
112 22
11 162
54 37
101 98
22 112
105 30
162 11
73 32
101 64
101 54
101 151
101 152
101 63
101 56
101 155
101 47
73 21
56 101
18 37
63 101
57 55
39 37
62 98
54 101
55 57
47 101
113 57
140 157
155 101
140 50
155 166
27 33
52 108
52 16
52 151
52 109
52 116
52 65
52 81
65 52
146 62
116 52
33 27
110 52
88 133
88 129
88 158
88 146
88 141
88 125
88 14
129 88
129 84
129 39
129 143
129 85
129 66
129 150
129 28
129 117
84 129
117 129
39 129
150 129
67 51
14 88
143 129
105 28
105 117
105 108
105 16
105 56
105 72
105 39
105 83
105 64
105 109
105 145
105 116
105 112
105 65
105 88
105 48
105 81
56 105
108 52
108 105
83 105
117 105
166 92
95 150
39 105
145 105
65 105
116 105
64 101
124 117
88 105
92 166
136 132
112 105
64 18
132 136
82 118
118 82
18 64
15 37
15 166
73 19
78 107
107 78
19 73
133 155
147 153
153 147
18 88
111 166
111 94
111 56
158 88
110 48
81 105
81 52
136 141
78 83
86 163
67 78
83 78
112 82
82 112
85 69
3 69
3 33
3 136
3 133
3 137
52 82
82 52
8 30
30 8
133 3
62 161
33 3
102 39
39 102
60 95
95 60
8 44
155 86
146 72
146 94
69 3
11 35
95 37
95 32
85 161
64 105
156 103
35 11
8 34
155 47
47 155
83 69
69 83
136 103
161 103
107 161
161 107
163 156
128 69
103 136
103 161
103 42
69 103
103 69
80 63
34 60
34 57
34 56
34 64
34 72
34 166
161 130
34 37
153 119
42 103
55 8
39 144
101 103
19 47
103 101
121 66
66 121
47 19
86 103
86 85
33 145
80 161
161 80
94 3
94 57
161 36
72 105
128 136
69 128
72 166
11 86
3 94
86 11
155 3
52 130
56 94
44 54
94 56
54 44
132 66
66 132
83 103
103 86
103 163
103 90
103 80
132 130
95 112
95 105
112 95
117 155
117 102
117 101
117 72
117 77
117 65
117 136
117 60
117 56
77 117
72 63
63 72
60 117
73 55
73 132
73 2
73 72
73 64
73 85
73 47
73 66
73 148
73 92
73 8
73 11
73 16
73 101
73 151
73 15
73 63
73 12
73 128
73 82
73 127
73 56
73 162
73 78
73 149
73 57
73 118
73 25
73 84
73 83
73 143
73 135
73 33
73 88
73 95
73 54
73 159
73 18
73 74
73 163
73 115
73 157
73 77
73 98
73 111
73 44
73 144
73 27
73 153
73 150
73 102
73 36
73 37
73 103
73 86
73 121
73 60
73 109
73 110
73 145
73 51
73 28
73 13
73 79
73 130
73 142
73 140
73 116
73 41
73 90
73 65
73 91
73 58
73 61
73 42
73 67
73 129
73 161
73 158
73 34
73 69
73 117
73 167
73 48
73 113
73 146
73 126
73 124
73 35
73 141
73 80
73 147
73 125
73 104
73 154
73 14
73 22
73 94
73 105
73 81
73 156
73 165
73 50
73 134
73 52
12 73
85 73
94 73
50 73
67 73
78 73
11 73
132 73
127 73
35 73
60 73
22 73
63 73
92 73
13 73
95 73
84 73
165 73
81 73
128 73
72 117
80 73
72 73
118 73
64 73
98 73
41 73
65 117
65 73
56 73
161 73
83 73
148 73
135 73
56 117
117 73
18 73
77 73
14 73
136 117
150 73
15 73
113 73
58 73
8 42
134 73
116 73
55 73
88 73
149 73
146 73
74 73
110 73
143 73
34 73
42 73
91 73
162 73
129 73
158 73
61 73
52 73
90 73
156 73
110 148
110 11
110 80
13 103
155 117
11 110
80 110
148 110
86 73
125 73
101 117
101 73
147 73
44 73
145 73
54 73
126 73
27 39
33 73
37 73
69 73
103 33
142 73
82 73
39 18
66 39
39 66
37 126
18 39
33 103
132 113
113 132
77 150
104 73
27 85
144 39
144 73
16 73
16 105
16 52
16 166
140 73
133 18
55 85
85 55
22 126
3 103
36 161
132 8
128 44
90 141
141 149
110 130
141 90
109 73
126 44
109 105
109 52
60 17
111 89
111 45
111 73
61 34
63 61
81 8
142 147
147 142
97 166
18 133
137 3
140 136
136 140
90 66
66 90
152 141
152 19
152 129
105 73
105 95
3 141
3 19
3 129
129 3
19 3
141 125
39 148
102 161
148 39
161 102
132 161
161 132
3 102
137 39
22 166
166 22
80 130
83 153
86 52
39 137
11 161
161 11
153 83
161 39
161 85
39 161
60 39
39 60
132 57
132 119
132 74
132 47
132 92
132 44
132 11
132 110
132 16
132 101
132 151
132 15
132 63
132 82
132 127
132 13
132 65
132 58
132 61
132 42
132 162
132 78
132 149
132 25
132 2
132 72
132 143
132 135
132 64
132 95
132 159
132 18
132 163
132 148
132 19
132 115
132 157
132 77
132 98
132 111
132 144
132 27
132 153
132 150
132 109
132 12
132 145
132 51
132 94
132 28
132 128
132 79
132 142
132 140
132 41
132 90
132 112
132 33
132 97
132 91
132 137
132 129
132 88
132 62
132 123
132 158
132 34
132 69
132 117
132 167
132 48
132 146
132 126
132 124
132 35
132 86
132 147
132 32
132 125
132 104
132 154
132 14
132 121
132 105
132 21
132 164
132 165
132 134
12 132
14 118
118 14
11 69
41 13
117 98
117 19
117 44
19 117
44 117
98 117
164 19
19 164
69 11
14 132
54 155
54 83
54 8
54 36
54 56
54 39
54 85
54 94
56 54
155 54
36 54
94 54
55 155
55 128
55 34
55 117
55 103
83 54
117 55
14 161
161 14
61 57
57 61
62 116
62 91
163 166
57 60
57 105
57 34
57 165
60 57
3 36
50 102
165 57
72 61
72 110
72 113
72 14
72 22
72 60
72 94
72 156
94 72
22 72
61 72
166 74
110 72
60 72
91 62
113 72
116 62
14 72
74 166
117 66
155 55
102 50
81 36
81 85
81 155
85 81
36 81
155 81
77 3
47 56
47 118
47 64
47 61
47 104
47 60
97 132
102 117
118 47
161 62
94 19
94 37
94 55
94 151
94 82
94 132
94 30
94 155
94 66
94 115
94 150
94 109
94 110
94 51
94 28
94 133
94 142
94 90
94 112
94 97
94 42
94 129
94 62
94 36
94 126
94 164
36 94
133 94
164 94
19 94
37 94
141 55
164 108
164 55
164 132
164 30
164 162
164 72
164 83
164 166
164 135
164 64
164 98
164 153
164 16
164 151
164 15
164 63
164 82
164 127
164 56
164 155
164 107
164 78
164 149
164 57
164 118
164 25
164 2
164 84
164 3
164 95
164 85
164 54
164 159
164 61
164 18
164 74
164 163
164 66
164 148
164 92
164 115
164 157
164 8
164 111
164 44
164 144
164 11
164 150
164 141
164 109
164 12
164 110
164 145
164 51
164 28
164 13
164 128
164 79
164 130
164 133
164 142
164 140
164 116
164 41
164 14
164 105
164 112
164 65
164 91
164 58
164 42
164 67
164 129
164 161
164 88
164 62
164 123
164 158
164 34
164 69
164 117
164 167
164 102
164 48
164 36
164 113
164 146
164 126
164 37
164 124
164 35
164 80
164 103
164 86
164 32
164 125
164 104
164 154
164 121
164 22
164 21
164 81
164 156
164 165
164 50
164 134
164 52
103 164
36 164
85 164
118 164
30 94
126 94
115 73
110 94
115 112
115 94
62 94
42 94
3 77
124 143
74 125
19 121
121 19
129 94
150 94
55 94
142 94
125 74
33 47
69 133
97 94
135 103
135 132
39 54
155 94
19 153
156 72
125 141
83 143
153 97
105 13
103 84
91 39
143 83
39 91
13 105
54 50
54 152
152 54
50 54
135 98
30 133
82 94
133 30
98 135
103 153
153 103
8 130
135 57
19 61
11 130
61 19
105 8
8 105
50 128
135 164
135 137
52 97
86 104
135 39
11 137
11 164
113 118
19 152
137 11
42 89
129 152
89 42
62 65
62 95
18 158
101 18
141 136
18 101
82 34
34 82
82 39
39 82
146 97
97 146
118 141
61 101
61 91
61 117
61 102
61 126
117 61
102 61
157 73
91 61
101 61
126 61
136 121
121 136
125 149
143 154
52 156
154 41
41 154
126 134
141 80
141 161
141 19
19 141
161 141
65 62
80 141
95 62
90 36
90 102
102 90
134 126
44 141
19 69
123 164
69 19
34 18
27 163
137 69
86 39
86 150
69 137
39 86
39 141
150 86
8 27
27 136
47 8
47 103
47 132
47 128
47 14
47 110
47 163
38 36
20 21
4 8
23 121
24 27
27 8
83 128
128 83
85 141
110 47
35 135
111 108
135 35
14 47
142 2
37 141
121 145
27 65
37 14
14 37
143 36
36 143
18 61
65 27
61 161
141 14
141 110
141 163
14 141
125 127
127 125
117 18
18 117
110 141
107 2
13 51
145 108
161 61
28 60
28 56
28 94
28 64
28 72
28 166
28 105
28 73
28 129
28 52
28 17
102 113
141 85
113 102
155 8
121 89
35 69
78 42
42 78
112 141
83 110
141 36
69 35
115 32
115 108
110 83
101 110
80 85
80 36
110 101
35 86
78 90
141 62
47 33
86 35
97 129
121 97
129 97
163 141
91 108
150 92
108 91
74 13
166 163
126 158
16 18
16 19
117 118
117 103
158 126
163 132
90 78
36 141
118 133
35 56
35 50
50 35
78 151
36 19
39 69
39 13
39 19
19 39
56 35
28 50
69 39
37 163
37 133
141 167
133 37
166 134
134 166
1 2
1 3
6 8
6 11
71 90
53 95
87 94
91 22
22 91
56 83
83 56
166 148
148 166
121 162
162 121
62 148
133 130
158 14
14 158
44 107
119 147
107 44
47 127
47 154
47 84
47 141
47 144
47 116
47 124
127 47
140 85
140 8
8 140
84 47
147 119
62 81
81 62
146 88
44 32
47 107
107 47
123 133
133 123
155 133
28 89
28 45
28 55
28 108
28 95
107 32
107 144
107 19
107 118
118 107
32 107
19 107
88 149
52 107
149 88
144 47
82 164
37 148
37 80
80 37
148 37
115 17
119 153
11 132
8 33
103 119
11 126
126 11
32 136
60 91
163 61
85 144
85 95
166 14
14 166
8 98
60 34
144 107
166 125
125 166
19 132
11 136
11 155
155 11
62 44
57 54
57 90
147 123
147 137
147 150
129 132
129 133
129 142
147 65
30 36
30 39
30 58
30 69
30 86
44 62
72 54
72 44
72 48
54 72
119 118
95 51
44 72
111 17
46 39
58 51
58 57
58 90
149 50
3 118
103 149
141 130
96 130
96 135
96 156
86 30
86 54
137 55
137 132
54 149
43 37
107 56
107 50
107 149
50 107
56 107
66 117
149 107
154 119
153 107
149 54
107 153
107 69
85 19
69 107
34 165
154 86
86 154
57 155
57 153
57 83
57 13
57 156
83 57
155 57
13 57
36 106
135 52
52 135
126 39
39 33
33 39
95 85
43 123
119 83
83 119
80 103
63 118
67 57
19 146
85 54
83 16
102 136
102 19
136 102
16 83
19 102
11 13
13 11
60 65
156 3
156 143
156 162
156 33
156 65
156 129
156 90
156 64
156 136
156 19
156 62
156 77
156 165
156 119
156 84
156 14
156 164
64 156
165 156
84 156
136 156
62 156
14 156
19 156
65 156
119 156
90 156
143 156
110 132
148 19
148 33
33 156
33 148
86 90
86 129
19 148
162 156
129 156
80 47
166 97
47 80
107 123
84 107
123 107
128 116
126 109
86 19
85 37
34 78
152 149
128 149
125 146
52 14
14 52
84 103
146 125
77 156
64 83
83 64
57 152
152 57
135 133
97 16
133 147
90 19
19 90
65 112
121 98
155 69
147 133
69 155
86 133
107 148
78 133
78 19
78 77
78 33
78 136
78 146
77 78
121 60
121 37
121 83
83 121
60 121
133 78
146 78
148 107
85 47
19 78
37 121
19 161
161 19
33 78
34 55
36 128
133 86
16 97
127 13
148 132
148 13
13 148
86 141
66 30
141 123
141 69
158 18
69 141
103 129
3 50
50 3
35 47
47 35
148 143
150 163
78 105
123 141
105 78
143 148
37 74
163 103
161 69
18 162
163 153
162 163
162 18
121 110
110 121
153 163
109 126
69 161
67 113
113 67
102 141
35 149
8 16
8 157
148 62
85 33
69 85
107 39
39 107
60 47
60 48
35 137
137 35
13 8
158 130
158 35
158 90
35 158
90 158
163 150
141 102
103 19
37 161
37 101
37 162
37 109
37 145
37 116
37 91
161 37
32 16
91 37
116 37
101 37
50 2
162 37
91 133
63 85
133 91
78 63
109 37
35 18
16 32
145 37
145 30
145 95
145 119
145 11
145 136
145 132
145 143
145 135
145 148
145 42
145 147
85 145
136 145
42 145
95 145
136 16
22 101
22 82
22 56
56 22
135 145
143 145
148 145
101 22
119 145
18 35
119 110
119 84
84 119
30 145
82 22
110 119
158 64
158 154
64 158
66 55
95 66
84 141
147 145
107 66
163 69
66 107
62 149
11 145
136 78
166 105
105 166
16 136
39 163
166 146
166 62
146 166
62 166
69 163
62 58
58 62
163 145
36 13
121 67
67 121
149 62
61 163
108 123
166 81
126 25
149 35
123 108
77 163
80 121
41 129
121 80
129 41
39 98
98 39
107 14
14 107
101 11
102 118
155 152
152 155
11 101
154 129
11 66
8 19
65 34
34 65
52 163
52 141
128 36
81 113
113 81
44 80
62 110
44 161
57 163
92 150
85 3
41 83
83 41
163 39
155 113
97 153
77 121
126 123
143 119
119 143
123 126
141 41
41 141
69 84
84 69
113 155
153 145
149 152
35 107
107 35
143 107
107 143
3 85
136 146
19 85
86 145
145 86
146 136
150 90
150 136
148 97
97 148
110 125
125 110
141 74
74 141
117 51
117 28
85 50
81 3
163 37
147 162
162 147
151 17
151 166
151 52
151 94
151 73
151 78
80 18
136 116
116 136
18 80
90 162
162 90
41 130
104 47
14 86
86 14
85 18
126 101
149 132
145 69
62 84
141 17
118 30
78 30
19 130
22 19
19 22
126 8
8 126
78 102
78 155
78 132
102 78
35 128
128 35
155 78
78 14
14 78
3 123
133 150
123 3
62 105
105 62
162 129
30 78
129 162
18 141
147 152
147 154
152 147
98 132
50 85
52 86
84 91
163 119
91 84
141 82
67 39
39 67
65 51
34 105
65 74
74 65
136 130
37 86
85 82
86 37
44 128
44 132
85 32
154 110
55 81
110 154
65 102
65 19
102 65
102 86
112 65
162 130
162 42
42 162
19 65
126 102
126 37
126 18
126 48
126 52
102 126
32 67
32 140
151 22
151 81
151 61
151 113
151 34
151 97
67 44
81 55
86 102
66 92
44 67
44 102
102 44
144 33
144 147
33 144
90 94
134 107
11 163
107 134
128 104
86 132
147 144
125 32
85 97
97 113
19 128
128 19
113 97
19 8
85 44
137 151
151 137
47 74
47 166
74 47
19 32
33 66
47 123
44 8
123 47
153 42
41 11
41 80
41 158
11 41
129 80
85 66
158 41
11 62
39 135
150 133
62 11
90 14
124 89
28 117
14 90
155 85
80 41
80 129
162 19
162 136
19 162
136 162
34 101
101 34
78 25
133 137
58 101
58 82
58 64
58 117
101 58
117 58
64 58
158 80
158 11
80 158
90 80
80 90
18 52
82 58
37 154
61 69
69 61
69 145
85 155
82 141
154 34
14 64
64 14
34 154
42 119
119 42
18 107
91 123
123 91
154 130
154 127
127 154
98 148
148 98
129 127
127 129
64 118
88 127
118 64
135 91
91 135
58 69
69 58
123 137
103 66
103 11
11 158
154 37
128 113
36 154
141 154
141 64
64 141
154 141
129 64
64 129
18 85
64 125
34 113
125 64
126 166
3 95
95 3
82 83
83 82
154 133
118 154
94 95
94 156
95 94
57 94
61 37
61 151
37 61
32 28
118 66
37 22
110 88
133 135
156 94
136 2
30 52
78 60
60 78
41 64
64 41
154 118
28 32
143 19
19 143
135 42
42 135
154 69
56 2
84 33
33 84
80 97
97 80
62 144
62 125
116 3
3 116
154 121
125 62
144 62
47 77
77 47
121 103
103 121
102 149
62 132
13 118
112 34
34 112
3 155
156 113
156 137
113 156
136 128
154 156
149 102
137 156
78 156
36 56
56 36
117 107
152 30
30 152
147 136
147 33
136 147
154 62
107 117
62 13
62 67
13 62
67 62
74 119
61 83
83 61
69 150
136 21
150 69
146 95
95 146
109 94
121 77
18 136
123 147
127 11
136 154
11 127
18 109
3 56
56 3
154 136
154 153
154 98
127 148
148 127
86 113
153 154
113 86
93 132
18 127
85 56
85 149
166 156
101 132
101 95
101 92
101 128
101 133
101 15
101 127
101 30
101 162
101 107
101 149
101 84
101 3
101 135
101 74
101 66
101 19
101 115
101 157
101 77
101 44
101 144
101 153
101 109
101 12
101 51
101 28
101 13
101 142
101 140
101 116
101 112
101 65
101 91
101 42
101 67
101 129
101 161
101 102
101 113
101 146
101 126
101 154
101 14
101 60
101 105
101 52
13 101
12 101
67 101
84 101
30 101
102 101
44 101
92 101
152 101
65 101
95 101
112 101
77 101
128 101
133 101
116 101
60 101
91 101
129 101
135 101
105 101
142 101
146 101
14 101
3 156
149 101
74 101
52 101
161 101
107 101
103 47
103 35
127 101
113 101
154 47
13 113
144 101
19 101
62 90
62 35
90 62
35 62
62 69
154 80
64 148
64 11
64 80
80 64
15 101
154 88
155 116
11 64
118 33
135 115
115 135
115 101
65 14
62 83
83 62
