17 37
17 136
17 62
17 129
17 97
17 19
17 148
17 105
17 158
17 41
17 133
17 11
17 90
17 146
17 108
17 110
17 14
17 81
17 155
17 54
17 39
17 130
17 73
17 89
17 66
17 118
17 52
17 45
17 22
17 55
17 78
17 156
17 85
17 36
17 166
17 35
17 83
17 67
17 57
17 119
17 65
17 95
17 64
17 94
17 80
17 13
17 61
17 98
17 151
17 113
17 63
17 82
17 92
17 8
17 16
17 101
17 15
17 153
17 132
17 127
17 56
17 30
17 162
17 107
17 149
17 25
17 2
17 84
17 3
17 72
17 143
17 33
17 69
17 135
17 159
17 18
17 74
17 163
17 115
17 157
17 77
17 111
17 44
17 144
17 27
17 86
17 60
17 150
17 109
17 12
17 145
17 51
17 28
17 128
17 79
17 142
17 140
17 116
17 112
17 91
17 58
17 137
17 42
17 123
17 34
17 167
17 102
17 48
17 49
17 126
17 141
17 103
17 147
17 104
17 154
17 121
17 21
17 164
17 165
17 50
17 68
37 118
37 52
37 36
37 83
37 155
37 103
37 8
37 102
37 128
37 13
37 132
37 135
37 57
37 45
37 32
37 89
37 65
37 119
37 105
37 130
37 98
37 108
37 55
37 151
37 63
37 82
37 56
37 112
37 97
37 34
37 117
37 88
37 47
37 11
37 15
37 78
37 39
37 18
37 126
37 94
37 164
37 141
37 14
37 163
37 133
37 148
37 80
37 43
37 121
37 74
37 161
37 101
37 162
37 109
37 145
37 116
37 91
37 86
37 154
37 61
37 22
136 112
136 73
136 133
136 19
136 166
136 123
136 84
136 39
136 107
136 69
136 86
136 36
136 161
136 62
136 137
136 3
136 152
136 77
136 155
136 97
136 30
136 119
136 148
136 45
136 115
136 163
136 89
136 143
136 164
136 144
136 130
136 90
136 22
136 135
136 165
136 8
136 83
136 27
136 101
136 132
136 141
136 128
136 117
136 140
136 121
136 32
136 11
136 102
136 156
136 145
136 146
136 150
136 116
136 162
136 2
136 147
136 21
136 18
136 154
62 133
62 146
62 102
62 14
62 3
62 73
62 152
62 56
62 50
62 39
62 88
62 103
62 107
62 97
62 55
62 85
62 64
62 45
62 89
62 128
62 130
62 18
62 154
62 8
62 112
62 32
62 129
62 36
62 117
62 2
62 54
62 30
62 19
62 141
62 98
62 161
62 132
62 116
62 91
62 94
62 164
62 65
62 148
62 81
62 44
62 156
62 149
62 166
62 58
62 84
62 105
62 11
62 144
62 125
62 13
62 67
62 90
62 69
62 83
129 18
129 163
129 110
129 14
129 158
129 65
129 119
129 90
129 30
129 45
129 89
129 148
129 47
129 153
129 35
129 130
129 105
129 83
129 22
129 13
129 69
129 154
129 135
129 77
129 88
129 84
129 39
129 143
129 150
129 28
129 117
129 73
129 152
129 3
129 132
129 94
129 164
129 97
129 133
129 142
129 156
129 86
129 103
129 41
129 162
129 80
129 127
129 64
32 97
32 19
32 88
32 45
32 82
32 66
32 89
32 57
32 56
32 130
32 72
32 52
32 112
32 50
32 105
32 141
32 146
32 108
32 151
32 166
32 47
32 115
32 44
32 150
32 51
32 167
32 98
32 133
32 144
32 58
32 39
32 132
32 164
32 107
32 16
32 85
32 67
32 125
32 28
97 105
97 135
97 81
97 117
97 47
97 57
97 90
97 39
97 145
97 30
97 130
97 116
97 123
97 126
97 156
97 73
97 101
97 55
97 152
97 82
97 118
97 78
97 3
97 64
97 95
97 119
97 19
97 77
97 11
97 133
97 112
97 65
97 91
97 36
97 154
97 14
97 165
97 86
97 60
97 89
97 92
97 8
97 61
97 164
97 52
97 63
97 56
97 54
97 44
97 158
97 72
97 34
97 22
97 166
97 132
97 94
97 146
97 16
97 148
97 151
97 85
97 113
97 80
19 133
19 146
19 137
19 77
19 30
19 112
19 45
19 166
19 119
19 89
19 142
19 130
19 135
19 144
19 18
19 125
19 84
19 73
19 47
19 152
19 3
19 132
19 117
19 164
19 94
19 121
19 61
19 141
19 69
19 16
19 39
19 107
19 85
19 102
19 156
19 86
19 90
19 78
19 161
19 103
19 8
19 22
19 65
19 128
19 162
19 143
19 101
148 137
148 81
148 14
148 86
148 22
148 160
148 27
148 121
148 128
148 11
148 90
148 118
148 152
148 163
148 130
148 80
148 36
148 162
148 47
148 133
148 45
148 135
148 89
148 18
148 78
148 119
148 85
148 83
148 156
148 153
148 154
148 61
148 108
148 155
148 102
148 103
148 8
148 101
148 110
148 39
148 132
148 164
148 166
148 33
148 107
148 13
148 145
148 98
148 127
148 64
105 60
105 35
105 45
105 82
105 52
105 151
105 54
105 11
105 130
105 61
105 22
105 63
105 57
105 47
105 110
105 113
105 36
105 126
105 80
105 165
105 67
105 135
105 98
105 94
105 28
105 117
105 108
105 16
105 56
105 72
105 39
105 83
105 64
105 109
105 145
105 116
105 65
105 88
105 48
105 73
105 132
105 164
105 13
105 8
105 78
105 166
105 34
105 101
158 150
158 135
158 162
158 65
158 119
158 45
158 89
158 88
158 73
158 132
158 164
158 18
158 14
158 35
158 90
158 64
158 154
158 41
158 80
41 90
41 150
41 162
41 13
41 74
41 163
41 65
41 35
41 45
41 18
41 110
41 130
41 73
41 132
41 164
41 154
41 83
41 141
41 11
41 80
41 64
133 141
133 73
133 144
133 90
133 80
133 130
133 161
133 152
133 166
133 112
133 128
133 55
133 125
133 45
133 163
133 107
133 146
133 36
133 89
133 69
133 39
133 102
133 153
133 103
133 132
133 11
133 8
133 14
133 110
133 22
133 58
133 82
133 54
133 88
133 127
133 64
133 154
133 155
133 3
133 18
133 94
133 30
133 118
133 123
133 135
133 147
133 86
133 78
133 91
133 150
133 137
133 101
11 153
11 14
11 52
11 118
11 163
11 135
11 150
11 47
11 45
11 55
11 121
11 36
11 27
11 156
11 85
11 80
11 160
11 8
11 154
11 130
11 22
11 108
11 78
11 92
11 57
11 18
11 61
11 83
11 90
11 166
11 107
11 162
11 35
11 86
11 161
11 132
11 69
11 164
11 137
11 6
11 126
11 155
11 13
11 145
11 101
11 66
11 103
11 127
11 64
90 152
90 137
90 127
90 135
90 161
90 65
90 163
90 13
90 74
90 35
90 69
90 83
90 130
90 166
90 3
90 30
90 77
90 36
90 45
90 18
90 89
90 47
90 164
90 85
90 154
90 121
90 22
90 117
90 33
90 82
90 27
90 110
90 143
90 101
90 103
90 73
90 66
90 132
90 94
90 102
90 78
90 71
90 57
90 58
90 156
90 86
90 150
90 162
90 14
90 80
146 45
146 89
146 130
146 111
146 141
146 50
146 88
146 72
146 94
146 73
146 132
146 125
146 78
146 166
146 95
146 101
161 83
161 81
161 30
161 45
161 89
161 128
161 153
161 166
161 85
161 103
161 107
161 80
161 36
161 73
161 102
161 132
161 39
161 14
161 164
161 61
161 69
161 44
39 81
39 156
39 140
39 157
39 116
39 111
39 49
39 95
39 13
39 132
39 61
39 121
39 123
39 119
39 101
39 85
39 89
39 152
39 130
39 47
39 166
39 103
39 73
39 8
39 128
39 112
39 52
39 27
39 83
39 22
39 108
39 58
39 3
39 113
39 150
39 104
39 78
39 94
39 74
39 36
39 56
39 50
39 77
39 64
39 14
39 102
39 144
39 18
39 66
39 137
39 60
39 54
39 91
39 135
39 82
39 86
39 141
39 30
39 46
39 126
39 33
39 107
39 163
39 98
39 67
81 95
81 64
81 166
81 60
81 94
81 128
81 103
81 69
81 156
81 130
81 86
81 104
81 56
81 8
81 45
81 89
81 50
81 54
81 13
81 58
81 67
81 102
81 52
81 36
81 85
81 155
81 113
81 3
81 151
112 60
112 57
112 94
112 137
112 30
112 142
112 45
112 89
112 130
112 52
112 55
112 126
112 98
112 42
112 66
112 107
112 166
112 123
112 72
112 47
112 49
112 84
112 117
112 27
112 119
112 162
112 2
112 3
112 115
112 82
112 95
112 132
112 164
112 101
60 91
60 94
60 33
60 44
60 116
60 55
60 58
60 150
60 103
60 83
60 8
60 13
60 36
60 156
60 132
60 155
60 85
60 102
60 145
60 164
60 65
60 45
60 18
60 82
60 54
60 89
60 163
60 130
60 52
60 22
60 49
60 95
60 34
60 117
60 73
60 57
60 72
60 47
60 28
60 121
60 48
60 78
60 101
57 117
57 52
57 47
57 65
57 126
57 72
57 130
57 153
57 45
57 89
57 98
57 27
57 66
57 42
57 108
57 101
57 104
57 64
57 36
57 78
57 143
57 82
57 56
57 80
57 150
57 166
57 55
57 34
57 94
57 73
57 132
57 61
57 164
57 135
57 54
57 58
57 155
57 83
57 13
57 67
57 152
57 163
94 116
94 147
94 167
94 117
94 104
94 45
94 27
94 64
94 119
94 89
94 52
94 108
94 91
94 130
94 33
94 166
94 47
94 123
94 103
94 92
94 65
94 22
94 165
94 77
94 102
94 135
94 84
94 143
94 121
94 34
94 83
94 49
94 153
94 144
94 101
94 111
94 3
94 56
94 73
94 132
94 54
94 72
94 55
94 82
94 30
94 155
94 66
94 115
94 150
94 109
94 110
94 51
94 28
94 142
94 42
94 36
94 126
94 164
94 87
94 95
94 156
77 162
77 91
77 33
77 137
77 123
77 153
77 135
77 119
77 69
77 154
77 147
77 150
77 130
77 22
77 151
77 30
77 164
77 143
77 117
77 73
77 132
77 3
77 156
77 78
77 163
77 121
77 47
77 101
162 33
162 152
162 150
162 30
162 45
162 135
162 89
162 92
162 69
162 130
162 108
162 166
162 73
162 132
162 164
162 121
162 156
162 18
162 163
162 101
33 152
33 45
33 135
33 153
33 137
33 52
33 61
33 151
33 166
33 30
33 150
33 89
33 69
33 143
33 119
33 130
33 121
33 147
33 22
33 92
33 18
33 164
33 165
33 42
33 123
33 99
33 86
33 101
33 76
33 27
33 3
33 145
33 73
33 103
33 132
33 47
33 8
33 156
33 78
33 144
33 66
33 84
33 118
152 47
152 143
152 69
152 153
152 36
152 85
152 121
152 137
152 3
152 50
152 2
152 103
152 27
152 135
152 132
152 130
152 154
152 163
152 83
152 119
152 86
152 8
152 156
152 150
152 166
152 45
152 107
152 73
152 55
152 14
152 128
152 89
152 78
152 142
152 22
152 108
152 126
152 82
152 164
152 102
152 101
152 54
152 155
152 147
152 30
142 143
142 45
142 130
142 119
142 35
142 147
142 132
142 164
142 2
142 101
117 30
117 126
117 47
117 35
117 64
117 45
117 82
117 89
117 108
117 91
117 15
117 52
117 119
117 121
117 3
117 130
117 83
117 54
117 84
117 145
117 13
117 153
117 95
117 156
117 124
117 134
117 88
117 2
117 150
117 155
117 102
117 101
117 72
117 65
117 56
117 73
117 132
117 55
117 66
117 164
117 61
117 18
117 118
117 103
117 51
117 28
117 107
30 135
30 119
30 65
30 35
30 73
30 52
30 130
30 45
30 66
30 89
30 132
30 61
30 150
30 108
30 98
30 92
30 22
30 166
30 8
30 164
30 36
30 58
30 69
30 86
30 118
30 78
30 101
150 121
150 47
150 14
150 45
150 18
150 55
150 89
150 135
150 130
150 108
150 101
150 137
150 66
150 64
150 54
150 65
150 95
150 22
150 61
150 73
150 132
150 164
150 92
150 147
150 163
150 69
135 138
135 130
135 22
135 84
135 165
135 45
135 61
135 69
135 55
135 119
135 153
135 92
135 67
135 108
135 123
135 66
135 118
135 154
135 121
135 103
135 86
135 78
135 47
135 166
135 73
135 132
135 164
135 98
135 137
135 35
135 96
135 145
135 91
135 42
135 115
65 127
65 137
65 47
65 64
65 56
65 35
65 119
65 91
65 109
65 154
65 45
65 89
65 126
65 130
65 72
65 83
65 88
65 82
65 52
65 73
65 132
65 164
65 147
65 156
65 34
65 51
65 74
65 102
65 101
65 14
91 45
91 92
91 18
91 166
91 72
91 119
91 143
91 36
91 110
91 73
91 132
91 164
91 61
91 108
91 22
91 84
91 123
91 101
73 137
73 123
73 3
73 45
73 107
73 119
73 103
73 166
73 164
73 130
73 108
73 8
73 27
73 47
73 155
73 21
73 55
73 132
73 2
73 72
73 64
73 85
73 66
73 92
73 16
73 101
73 151
73 15
73 63
73 12
73 128
73 82
73 127
73 56
73 78
73 149
73 118
73 25
73 84
73 83
73 143
73 88
73 95
73 54
73 159
73 18
73 74
73 163
73 115
73 157
73 98
73 44
73 144
73 153
73 102
73 36
73 86
73 121
73 109
73 110
73 145
73 51
73 13
73 79
73 140
73 116
73 61
73 42
73 67
73 34
73 69
73 167
73 48
73 113
73 126
73 124
73 35
73 141
73 80
73 147
73 125
73 104
73 14
73 22
73 156
73 165
73 50
73 134
73 52
66 89
66 130
66 55
66 45
66 108
66 119
66 92
66 151
66 143
66 156
66 40
66 42
66 22
66 78
66 154
66 121
66 164
66 95
66 107
66 85
66 103
89 126
89 130
89 47
89 45
89 108
89 163
89 119
89 92
89 82
89 166
89 88
89 16
89 101
89 55
89 138
89 151
89 8
89 128
89 15
89 63
89 132
89 127
89 56
89 155
89 107
89 78
89 149
89 118
89 25
89 2
89 84
89 3
89 72
89 83
89 143
89 64
89 95
89 85
89 54
89 159
89 59
89 18
89 74
89 160
89 157
89 98
89 111
89 44
89 144
89 27
89 153
89 109
89 12
89 110
89 145
89 51
89 28
89 13
89 80
89 103
89 79
89 140
89 116
89 75
89 58
89 61
89 67
89 165
89 123
89 69
89 167
89 102
89 48
89 49
89 36
89 113
89 124
89 35
89 141
89 68
89 86
89 147
89 104
89 154
89 14
89 121
89 22
89 100
89 21
89 156
89 164
89 29
89 134
89 52
89 42
130 121
130 153
130 137
130 86
130 143
130 69
130 126
130 163
130 36
130 83
130 55
130 45
130 70
130 78
130 27
130 47
130 166
130 119
130 42
130 118
130 92
130 8
130 88
130 108
130 16
130 101
130 138
130 151
130 63
130 82
130 128
130 75
130 127
130 56
130 155
130 107
130 149
130 2
130 84
130 3
130 72
130 64
130 95
130 102
130 54
130 159
130 59
130 18
130 74
130 115
130 157
130 98
130 111
130 109
130 12
130 110
130 145
130 51
130 28
130 13
130 79
130 140
130 58
130 61
130 67
130 123
130 31
130 167
130 48
130 49
130 124
130 35
130 141
130 80
130 68
130 103
130 147
130 125
130 104
130 154
130 14
130 22
130 100
130 21
130 156
130 164
130 29
130 165
130 50
130 134
130 52
130 34
130 25
130 96
143 153
143 137
143 35
143 124
143 15
143 134
143 45
143 69
143 164
143 108
143 47
143 3
143 101
143 123
143 110
143 132
143 154
143 36
143 156
143 145
143 119
143 107
141 103
141 8
141 55
141 45
141 128
141 144
141 166
141 127
141 44
141 149
141 107
141 132
141 54
141 50
141 88
141 3
141 125
141 164
141 118
141 80
141 85
141 14
141 110
141 163
141 36
141 167
141 86
141 123
141 69
141 102
141 52
141 74
141 18
141 82
141 154
141 64
144 3
144 45
144 166
144 103
144 108
144 56
144 132
144 164
144 107
144 85
144 147
144 101
47 82
47 78
47 44
47 116
47 137
47 8
47 27
47 126
47 22
47 121
47 113
47 72
47 45
47 18
47 55
47 98
47 108
47 153
47 164
47 58
47 86
47 69
47 147
47 34
47 52
47 85
47 101
47 155
47 132
47 56
47 64
47 61
47 104
47 128
47 14
47 110
47 163
47 127
47 154
47 84
47 124
47 107
47 80
47 35
47 74
47 123
82 113
82 45
82 27
82 3
82 98
82 145
82 44
82 95
82 72
82 108
82 126
82 121
82 151
82 166
82 118
82 52
82 132
82 164
82 34
82 22
82 85
82 58
82 83
78 126
78 45
78 121
78 3
78 52
78 113
78 118
78 98
78 8
78 80
78 22
78 86
78 108
78 101
78 63
78 104
78 61
78 128
78 67
78 13
78 103
78 85
78 36
78 69
78 166
78 107
78 83
78 132
78 164
78 151
78 34
78 102
78 155
78 25
78 156
45 137
45 121
45 55
45 151
45 83
45 85
45 92
45 108
45 16
45 13
45 101
45 138
45 15
45 63
45 132
45 127
45 56
45 155
45 107
45 149
45 118
45 25
45 2
45 58
45 84
45 3
45 72
45 64
45 95
45 54
45 159
45 119
45 59
45 18
45 74
45 163
45 160
45 115
45 157
45 98
45 8
45 111
45 44
45 27
45 153
45 109
45 12
45 110
45 145
45 51
45 28
45 128
45 35
45 79
45 140
45 75
45 61
45 67
45 123
45 31
45 69
45 167
45 102
45 48
45 113
45 124
45 80
45 68
45 103
45 86
45 147
45 125
45 104
45 154
45 14
45 22
45 100
45 21
45 156
45 164
45 29
45 165
45 50
45 134
45 34
108 64
108 72
108 22
108 50
108 16
108 101
108 55
108 107
108 83
108 166
108 18
108 92
108 98
108 8
108 138
108 151
108 15
108 127
108 28
108 56
108 155
108 149
108 118
108 25
108 2
108 3
108 85
108 159
108 119
108 59
108 74
108 163
108 160
108 115
108 88
108 111
108 44
108 27
108 153
108 12
108 110
108 145
108 51
108 165
108 164
108 123
132 102
132 166
132 118
132 36
132 52
132 96
132 156
132 116
132 55
132 54
132 3
132 155
132 22
132 67
132 85
132 107
132 83
132 8
132 80
132 56
132 50
132 128
132 103
132 119
132 74
132 92
132 44
132 110
132 16
132 101
132 15
132 63
132 127
132 13
132 58
132 61
132 42
132 149
132 2
132 72
132 64
132 95
132 159
132 18
132 163
132 115
132 157
132 98
132 111
132 27
132 153
132 109
132 12
132 145
132 51
132 28
132 79
132 137
132 123
132 34
132 69
132 167
132 48
132 126
132 124
132 35
132 86
132 147
132 125
132 104
132 154
132 14
132 121
132 21
132 164
132 165
132 134
132 93
102 83
102 107
102 118
102 166
102 55
102 52
102 67
102 140
102 54
102 116
102 58
102 64
102 156
102 103
102 167
102 56
102 85
102 8
102 3
102 18
102 98
102 50
102 164
102 61
102 113
102 86
102 126
102 44
102 149
102 101
44 103
44 55
44 166
44 58
44 50
44 165
44 8
44 54
44 128
44 126
44 107
44 72
44 80
44 67
44 85
44 101
166 116
166 80
166 54
166 36
166 128
166 104
166 35
166 58
166 107
166 103
166 84
166 55
166 69
166 123
166 149
166 50
166 3
166 153
166 165
166 156
166 167
166 49
166 95
166 101
166 157
166 83
166 155
166 72
166 159
166 16
166 15
166 63
166 127
166 118
166 25
166 2
166 64
166 119
166 92
166 111
166 34
166 22
166 163
166 74
166 164
166 28
166 134
166 14
166 125
166 126
123 153
123 164
123 147
123 43
123 107
123 126
123 3
84 92
84 165
84 107
84 103
84 156
84 119
84 101
107 128
107 55
107 103
107 36
107 8
107 85
107 18
107 52
107 165
107 3
107 54
107 131
107 164
107 2
107 118
107 50
107 149
107 153
107 14
107 35
107 134
107 101
35 83
35 127
35 74
35 15
35 124
35 64
35 3
35 14
35 119
35 110
35 164
35 69
35 86
35 56
35 149
35 137
35 18
35 128
35 103
116 83
116 95
116 13
116 36
116 16
116 52
116 164
116 128
116 3
116 101
116 155
83 13
83 3
83 118
83 74
83 36
83 52
83 67
83 103
83 55
83 18
83 8
83 156
83 145
83 95
83 151
83 58
83 50
83 86
83 80
83 155
83 101
83 98
83 69
83 54
83 164
83 110
83 56
83 119
83 16
83 64
83 121
83 61
95 103
95 18
95 13
95 113
95 50
95 126
95 8
95 22
95 72
95 2
95 157
95 111
95 28
95 140
95 67
95 49
95 58
95 52
95 128
95 56
95 164
95 53
95 85
95 51
95 145
95 3
95 101
64 88
64 119
64 154
64 98
64 52
64 109
64 22
64 72
64 61
64 101
64 18
64 34
64 164
64 28
64 156
64 58
64 118
64 125
64 80
118 85
118 137
118 163
118 103
118 8
118 128
118 13
118 86
118 36
118 155
118 67
118 69
118 80
118 121
118 98
118 7
118 61
118 63
118 113
118 22
118 126
118 27
118 156
118 119
118 42
118 101
118 14
118 164
118 3
118 154
147 61
147 164
147 27
147 69
147 153
147 119
147 137
147 145
147 154
127 13
127 119
127 164
127 125
127 88
127 18
127 101
137 126
137 27
137 85
137 163
137 36
137 104
137 121
137 113
137 164
137 55
137 18
137 72
137 22
137 119
137 153
137 101
137 69
137 151
137 156
126 104
126 121
126 72
126 27
126 55
126 14
126 36
126 85
126 54
126 111
126 151
126 58
126 49
126 18
126 34
126 164
126 61
126 134
126 109
126 25
126 101
126 8
126 48
27 86
27 36
27 85
27 104
27 121
27 69
27 156
27 164
27 80
27 101
27 55
27 8
27 24
80 14
80 52
80 160
80 36
80 98
80 22
80 85
80 156
80 61
80 128
80 72
80 63
80 110
80 164
80 121
80 18
80 154
69 153
69 86
69 121
69 36
69 119
69 8
69 101
69 156
69 104
69 85
69 3
69 128
69 164
69 155
69 145
69 61
69 58
69 154
86 163
86 121
86 101
86 36
86 156
86 85
86 153
86 155
86 8
86 103
86 52
86 104
86 54
86 154
86 145
86 14
86 113
36 14
36 103
36 121
36 85
36 55
36 156
36 163
36 160
36 52
36 5
36 8
36 3
36 22
36 101
36 153
36 145
36 54
36 164
36 38
36 106
36 128
36 154
36 56
85 103
85 8
85 128
85 98
85 13
85 163
85 52
85 156
85 67
85 145
85 22
85 113
85 14
85 110
85 153
85 101
85 55
85 164
85 140
85 63
85 3
85 50
85 18
85 155
85 56
85 149
55 54
55 103
55 61
55 98
55 151
55 49
55 110
55 14
55 165
55 56
55 128
55 121
55 67
55 72
55 28
55 13
55 101
55 156
55 8
55 52
55 155
55 34
55 164
18 163
18 110
18 14
18 52
18 154
18 8
18 88
18 34
18 164
18 101
18 16
18 109
163 121
163 160
163 154
163 101
163 156
163 22
163 155
163 103
163 61
163 145
163 52
163 119
110 88
110 98
110 61
110 14
110 124
110 48
110 72
110 164
110 119
110 125
110 154
14 160
14 151
14 61
14 154
14 88
14 164
14 156
14 52
14 101
54 103
54 67
54 128
54 13
54 8
54 58
54 165
54 156
54 49
54 101
54 155
54 164
54 50
54 72
54 149
128 8
128 56
128 63
128 52
128 67
128 13
128 103
128 155
128 156
128 50
128 149
128 104
128 113
128 101
153 22
153 3
153 156
153 101
153 121
153 119
153 164
153 103
153 145
153 42
153 154
167 164
113 121
113 160
113 52
113 63
113 61
113 119
113 103
113 8
113 22
113 72
113 164
113 67
113 155
113 151
113 34
113 156
113 13
121 104
121 61
121 156
121 8
121 26
121 101
121 22
121 155
121 34
121 52
121 98
121 145
121 164
121 23
121 154
121 103
3 13
3 103
3 154
3 155
3 164
3 1
3 156
3 50
3 56
3 101
58 28
58 50
58 103
58 72
58 67
58 56
58 34
58 111
58 49
58 8
58 164
58 51
58 101
119 92
119 151
119 164
119 101
119 103
119 156
119 42
119 74
8 155
8 103
8 67
8 56
8 52
8 9
8 50
8 156
8 145
8 63
8 101
8 34
8 42
8 164
8 4
8 6
8 140
8 98
8 16
8 157
155 52
155 103
155 16
155 140
155 101
155 164
103 156
103 56
103 50
103 52
103 120
103 2
103 154
103 63
103 13
103 67
103 42
103 101
103 164
103 149
151 98
151 72
151 52
151 164
151 22
151 34
13 67
13 52
13 56
13 165
13 156
13 50
13 164
13 51
13 101
67 52
67 98
67 72
67 56
67 51
67 164
67 101
156 101
156 52
156 98
156 61
156 154
156 72
156 164
156 96
104 164
160 52
160 79
160 98
56 50
56 149
56 98
56 52
56 28
56 49
56 111
56 34
56 164
56 22
56 2
52 98
52 61
52 22
52 28
52 72
52 48
52 88
52 145
52 34
52 16
52 109
52 164
52 101
98 63
98 72
98 61
98 22
98 101
98 154
74 164
74 125
74 101
138 139
72 145
72 101
72 51
72 34
72 63
72 61
72 22
72 164
72 48
140 49
140 16
140 157
140 50
140 164
145 101
145 164
145 42
50 28
50 149
50 164
50 2
2 164
2 1
92 165
92 29
92 164
92 101
61 28
61 114
61 63
61 154
61 22
61 34
61 164
61 101
165 101
165 164
165 34
88 125
88 51
88 154
88 48
88 164
88 149
16 111
16 49
16 164
157 49
157 164
157 101
28 111
28 49
28 164
28 101
111 164
49 22
22 15
22 25
22 63
22 164
22 101
164 101
164 15
164 63
164 149
164 25
164 159
164 115
164 109
164 12
164 51
164 79
164 42
164 34
164 48
164 124
164 125
164 154
164 21
164 134
101 154
101 63
101 34
101 15
101 115
101 109
101 12
101 51
101 42
154 34
125 149
134 122
12 12
21 20
7 10
