#C:\Anaconda3\lib\site-packages\ipykernel_launcher.py -f C:\Users\CRM\AppData\Roaming\jupyter\runtime\kernel-c928d1b2-22d6-4b12-84cc-8c5e05def514.json
# GMT Fri Apr 12 10:48:47 2019
# 
17 37 136 62 129 97 19 148 105 158 41 133 11 90 146 108 110 14 81 155 54 39 130 73 89 66 118 52 45 22 55 78 156 85 36 166 35 83 67 57 119 65 95 64 94 80 13 61 98 151 113 63 82 92 8 16 101 15 153 132 127 56 30 162 107 149 25 2 84 3 72 143 33 69 135 159 18 74 163 115 157 77 111 44 144 27 86 60 150 109 12 145 51 28 128 79 142 140 116 112 91 58 137 42 123 34 167 102 48 49 126 141 103 147 104 154 121 21 164 165 50 68
37 118 52 36 83 155 103 8 102 128 13 132 135 57 45 32 89 65 119 105 130 98 108 55 151 63 82 56 112 97 34 117 88 47 11 15 78 39 18 126 94 164 141 14 163 133 148 80 43 121 74 161 101 162 109 145 116 91 86 154 61 22
136 112 73 133 19 166 123 84 39 107 69 86 36 161 62 137 3 152 77 155 97 30 119 148 45 115 163 89 143 164 144 130 90 22 135 165 8 83 27 101 132 141 128 117 140 121 32 11 102 156 145 146 150 116 162 2 147 21 18 154
62 133 146 102 14 3 73 152 56 50 39 88 103 107 97 55 85 64 45 89 128 130 18 154 8 112 32 129 36 117 2 54 30 19 141 98 161 132 116 91 94 164 65 148 81 44 156 149 166 58 84 105 11 144 125 13 67 90 69 83
129 18 163 110 14 158 65 119 90 30 45 89 148 47 153 35 130 105 83 22 13 69 154 135 77 88 84 39 143 150 28 117 73 152 3 132 94 164 97 133 142 156 86 103 41 162 80 127 64
32 97 19 88 45 82 66 89 57 56 130 72 52 112 50 105 141 146 108 151 166 47 115 44 150 51 167 98 133 144 58 39 132 164 107 16 85 67 125 28
97 105 135 81 117 47 57 90 39 145 30 130 116 123 126 156 73 101 55 152 82 118 78 3 64 95 119 19 77 11 133 112 65 91 36 154 14 165 86 60 89 92 8 61 164 52 63 56 54 44 158 72 34 22 166 132 94 146 16 148 151 85 113 80
19 133 146 137 77 30 112 45 166 119 89 142 130 135 144 18 125 84 73 47 152 3 132 117 164 94 121 61 141 69 16 39 107 85 102 156 86 90 78 161 103 8 22 65 128 162 143 101
148 137 81 14 86 22 160 27 121 128 11 90 118 152 163 130 80 36 162 47 133 45 135 89 18 78 119 85 83 156 153 154 61 108 155 102 103 8 101 110 39 132 164 166 33 107 13 145 98 127 64
105 60 35 45 82 52 151 54 11 130 61 22 63 57 47 110 113 36 126 80 165 67 135 98 94 28 117 108 16 56 72 39 83 64 109 145 116 65 88 48 73 132 164 13 8 78 166 34 101
158 150 135 162 65 119 45 89 88 73 132 164 18 14 35 90 64 154 41 80
41 90 150 162 13 74 163 65 35 45 18 110 130 73 132 164 154 83 141 11 80 64
133 141 73 144 90 80 130 161 152 166 112 128 55 125 45 163 107 146 36 89 69 39 102 153 103 132 11 8 14 110 22 58 82 54 88 127 64 154 155 3 18 94 30 118 123 135 147 86 78 91 150 137 101
11 153 14 52 118 163 135 150 47 45 55 121 36 27 156 85 80 160 8 154 130 22 108 78 92 57 18 61 83 90 166 107 162 35 86 161 132 69 164 137 6 126 155 13 145 101 66 103 127 64
90 152 137 127 135 161 65 163 13 74 35 69 83 130 166 3 30 77 36 45 18 89 47 164 85 154 121 22 117 33 82 27 110 143 101 103 73 66 132 94 102 78 71 57 58 156 86 150 162 14 80
146 45 89 130 111 141 50 88 72 94 73 132 125 78 166 95 101
161 83 81 30 45 89 128 153 166 85 103 107 80 36 73 102 132 39 14 164 61 69 44
39 81 156 140 157 116 111 49 95 13 132 61 121 123 119 101 85 89 152 130 47 166 103 73 8 128 112 52 27 83 22 108 58 3 113 150 104 78 94 74 36 56 50 77 64 14 102 144 18 66 137 60 54 91 135 82 86 141 30 46 126 33 107 163 98 67
81 95 64 166 60 94 128 103 69 156 130 86 104 56 8 45 89 50 54 13 58 67 102 52 36 85 155 113 3 151
112 60 57 94 137 30 142 45 89 130 52 55 126 98 42 66 107 166 123 72 47 49 84 117 27 119 162 2 3 115 82 95 132 164 101
60 91 94 33 44 116 55 58 150 103 83 8 13 36 156 132 155 85 102 145 164 65 45 18 82 54 89 163 130 52 22 49 95 34 117 73 57 72 47 28 121 48 78 101
57 117 52 47 65 126 72 130 153 45 89 98 27 66 42 108 101 104 64 36 78 143 82 56 80 150 166 55 34 94 73 132 61 164 135 54 58 155 83 13 67 152 163
94 116 147 167 117 104 45 27 64 119 89 52 108 91 130 33 166 47 123 103 92 65 22 165 77 102 135 84 143 121 34 83 49 153 144 101 111 3 56 73 132 54 72 55 82 30 155 66 115 150 109 110 51 28 142 42 36 126 164 87 95 156
77 162 91 33 137 123 153 135 119 69 154 147 150 130 22 151 30 164 143 117 73 132 3 156 78 163 121 47 101
162 33 152 150 30 45 135 89 92 69 130 108 166 73 132 164 121 156 18 163 101
33 152 45 135 153 137 52 61 151 166 30 150 89 69 143 119 130 121 147 22 92 18 164 165 42 123 99 86 101 76 27 3 145 73 103 132 47 8 156 78 144 66 84 118
152 47 143 69 153 36 85 121 137 3 50 2 103 27 135 132 130 154 163 83 119 86 8 156 150 166 45 107 73 55 14 128 89 78 142 22 108 126 82 164 102 101 54 155 147 30
142 143 45 130 119 35 147 132 164 2 101
117 30 126 47 35 64 45 82 89 108 91 15 52 119 121 3 130 83 54 84 145 13 153 95 156 124 134 88 2 150 155 102 101 72 65 56 73 132 55 66 164 61 18 118 103 51 28 107
30 135 119 65 35 73 52 130 45 66 89 132 61 150 108 98 92 22 166 8 164 36 58 69 86 118 78 101
150 121 47 14 45 18 55 89 135 130 108 101 137 66 64 54 65 95 22 61 73 132 164 92 147 163 69
135 138 130 22 84 165 45 61 69 55 119 153 92 67 108 123 66 118 154 121 103 86 78 47 166 73 132 164 98 137 35 96 145 91 42 115
65 127 137 47 64 56 35 119 91 109 154 45 89 126 130 72 83 88 82 52 73 132 164 147 156 34 51 74 102 101 14
91 45 92 18 166 72 119 143 36 110 73 132 164 61 108 22 84 123 101
73 137 123 3 45 107 119 103 166 164 130 108 8 27 47 155 21 55 132 2 72 64 85 66 92 16 101 151 15 63 12 128 82 127 56 78 149 118 25 84 83 143 88 95 54 159 18 74 163 115 157 98 44 144 153 102 36 86 121 109 110 145 51 13 79 140 116 61 42 67 34 69 167 48 113 126 124 35 141 80 147 125 104 14 22 156 165 50 134 52
66 89 130 55 45 108 119 92 151 143 156 40 42 22 78 154 121 164 95 107 85 103
89 126 130 47 45 108 163 119 92 82 166 88 16 101 55 138 151 8 128 15 63 132 127 56 155 107 78 149 118 25 2 84 3 72 83 143 64 95 85 54 159 59 18 74 160 157 98 111 44 144 27 153 109 12 110 145 51 28 13 80 103 79 140 116 75 58 61 67 165 123 69 167 102 48 49 36 113 124 35 141 68 86 147 104 154 14 121 22 100 21 156 164 29 134 52 42
130 121 153 137 86 143 69 126 163 36 83 55 45 70 78 27 47 166 119 42 118 92 8 88 108 16 101 138 151 63 82 128 75 127 56 155 107 149 2 84 3 72 64 95 102 54 159 59 18 74 115 157 98 111 109 12 110 145 51 28 13 79 140 58 61 67 123 31 167 48 49 124 35 141 80 68 103 147 125 104 154 14 22 100 21 156 164 29 165 50 134 52 34 25 96
143 153 137 35 124 15 134 45 69 164 108 47 3 101 123 110 132 154 36 156 145 119 107
141 103 8 55 45 128 144 166 127 44 149 107 132 54 50 88 3 125 164 118 80 85 14 110 163 36 167 86 123 69 102 52 74 18 82 154 64
144 3 45 166 103 108 56 132 164 107 85 147 101
47 82 78 44 116 137 8 27 126 22 121 113 72 45 18 55 98 108 153 164 58 86 69 147 34 52 85 101 155 132 56 64 61 104 128 14 110 163 127 154 84 124 107 80 35 74 123
82 113 45 27 3 98 145 44 95 72 108 126 121 151 166 118 52 132 164 34 22 85 58 83
78 126 45 121 3 52 113 118 98 8 80 22 86 108 101 63 104 61 128 67 13 103 85 36 69 166 107 83 132 164 151 34 102 155 25 156
45 137 121 55 151 83 85 92 108 16 13 101 138 15 63 132 127 56 155 107 149 118 25 2 58 84 3 72 64 95 54 159 119 59 18 74 163 160 115 157 98 8 111 44 27 153 109 12 110 145 51 28 128 35 79 140 75 61 67 123 31 69 167 102 48 113 124 80 68 103 86 147 125 104 154 14 22 100 21 156 164 29 165 50 134 34
108 64 72 22 50 16 101 55 107 83 166 18 92 98 8 138 151 15 127 28 56 155 149 118 25 2 3 85 159 119 59 74 163 160 115 88 111 44 27 153 12 110 145 51 165 164 123
132 102 166 118 36 52 96 156 116 55 54 3 155 22 67 85 107 83 8 80 56 50 128 103 119 74 92 44 110 16 101 15 63 127 13 58 61 42 149 2 72 64 95 159 18 163 115 157 98 111 27 153 109 12 145 51 28 79 137 123 34 69 167 48 126 124 35 86 147 125 104 154 14 121 21 164 165 134 93
102 83 107 118 166 55 52 67 140 54 116 58 64 156 103 167 56 85 8 3 18 98 50 164 61 113 86 126 44 149 101
44 103 55 166 58 50 165 8 54 128 126 107 72 80 67 85 101
166 116 80 54 36 128 104 35 58 107 103 84 55 69 123 149 50 3 153 165 156 167 49 95 101 157 83 155 72 159 16 15 63 127 118 25 2 64 119 92 111 34 22 163 74 164 28 134 14 125 126
123 153 164 147 43 107 126 3
84 92 165 107 103 156 119 101
107 128 55 103 36 8 85 18 52 165 3 54 131 164 2 118 50 149 153 14 35 134 101
35 83 127 74 15 124 64 3 14 119 110 164 69 86 56 149 137 18 128 103
116 83 95 13 36 16 52 164 128 3 101 155
83 13 3 118 74 36 52 67 103 55 18 8 156 145 95 151 58 50 86 80 155 101 98 69 54 164 110 56 119 16 64 121 61
95 103 18 13 113 50 126 8 22 72 2 157 111 28 140 67 49 58 52 128 56 164 53 85 51 145 3 101
64 88 119 154 98 52 109 22 72 61 101 18 34 164 28 156 58 118 125 80
118 85 137 163 103 8 128 13 86 36 155 67 69 80 121 98 7 61 63 113 22 126 27 156 119 42 101 14 164 3 154
147 61 164 27 69 153 119 137 145 154
127 13 119 164 125 88 18 101
137 126 27 85 163 36 104 121 113 164 55 18 72 22 119 153 101 69 151 156
126 104 121 72 27 55 14 36 85 54 111 151 58 49 18 34 164 61 134 109 25 101 8 48
27 86 36 85 104 121 69 156 164 80 101 55 8 24
80 14 52 160 36 98 22 85 156 61 128 72 63 110 164 121 18 154
69 153 86 121 36 119 8 101 156 104 85 3 128 164 155 145 61 58 154
86 163 121 101 36 156 85 153 155 8 103 52 104 54 154 145 14 113
36 14 103 121 85 55 156 163 160 52 5 8 3 22 101 153 145 54 164 38 106 128 154 56
85 103 8 128 98 13 163 52 156 67 145 22 113 14 110 153 101 55 164 140 63 3 50 18 155 56 149
55 54 103 61 98 151 49 110 14 165 56 128 121 67 72 28 13 101 156 8 52 155 34 164
18 163 110 14 52 154 8 88 34 164 101 16 109
163 121 160 154 101 156 22 155 103 61 145 52 119
110 88 98 61 14 124 48 72 164 119 125 154
14 160 151 61 154 88 164 156 52 101
54 103 67 128 13 8 58 165 156 49 101 155 164 50 72 149
128 8 56 63 52 67 13 103 155 156 50 149 104 113 101
153 22 3 156 101 121 119 164 103 145 42 154
167 164
113 121 160 52 63 61 119 103 8 22 72 164 67 155 151 34 156 13
121 104 61 156 8 26 101 22 155 34 52 98 145 164 23 154 103
3 13 103 154 155 164 1 156 50 56 101
58 28 50 103 72 67 56 34 111 49 8 164 51 101
119 92 151 164 101 103 156 42 74
8 155 103 67 56 52 9 50 156 145 63 101 34 42 164 4 6 140 98 16 157
155 52 103 16 140 101 164
103 156 56 50 52 120 2 154 63 13 67 42 101 164 149
151 98 72 52 164 22 34
13 67 52 56 165 156 50 164 51 101
67 52 98 72 56 51 164 101
156 101 52 98 61 154 72 164 96
104 164
160 52 79 98
56 50 149 98 52 28 49 111 34 164 22 2
52 98 61 22 28 72 48 88 145 34 16 109 164 101
98 63 72 61 22 101 154
74 164 125 101
138 139
72 145 101 51 34 63 61 22 164 48
140 49 16 157 50 164
145 101 164 42
50 28 149 164 2
2 164 1
92 165 29 164 101
61 28 114 63 154 22 34 164 101
165 101 164 34
88 125 51 154 48 164 149
16 111 49 164
157 49 164 101
28 111 49 164 101
111 164
49 22
22 15 25 63 164 101
164 101 15 63 149 25 159 115 109 12 51 79 42 34 48 124 125 154 21 134
29
101 154 63 34 15 115 109 12 51 42
79
154 34
109
15
124
125 149
134 122
63
149
25
159
59
115
12 12
51
75
31
48
68
100
21 20
139
96
99
122
114
120
26
70
5
7 10
10
9
42
40
34
76
131
38
20
4
23
24
1
6
71
53
87
46
43
106
93
