1336 470.465607 91.682686
1337 459.772217 108.330208
1125 454.527130 91.833862
1080 465.559357 88.848541
1073 471.932343 98.931740
1189 460.777435 87.514862
1075 455.529785 103.650246
1063 462.729401 89.253471
1359 459.927002 93.273056
1193 455.824799 99.020302
1334 461.759521 93.921661
1199 471.129700 95.601547
1164 465.095551 105.931190
1138 468.186066 94.721939
1198 462.838562 102.390495
1097 452.529449 95.348450
1360 459.790955 98.187958
1113 468.431610 96.789520
1090 463.683563 92.316429
1105 466.398956 93.272217
1228 459.022095 103.084839
1335 463.691406 104.318077
1093 456.610840 107.055290
1179 465.109222 100.613815
1089 461.598877 97.699989
1104 467.129608 97.699921
1040 465.136108 96.389412
1086 458.937531 100.564972
1171 462.053680 96.060257
1358 460.991730 101.252266
1181 465.742035 92.109367
1117 463.703949 97.256325
1143 467.413879 91.556610
1212 464.756927 93.973122
1061 466.511383 93.904541
1187 458.387299 94.688530
1149 462.771667 98.451225
1227 465.497040 97.646477
1206 466.171753 96.303833
1136 464.353027 98.888779
1214 460.377777 94.965576
1115 463.195038 96.739395
1088 466.270599 96.190872
1146 461.570221 105.463066
1168 462.417236 98.744843
1114 463.242920 99.641617
1207 462.087891 95.893402
1049 465.993042 94.759827
1178 461.845306 98.582054
1191 460.901917 97.001572
1026 463.482605 96.600182
1177 459.266022 96.477722
1204 462.725861 97.241234
1100 463.173798 98.859169
1213 466.045837 99.357590
1039 471.128357 103.148926
1142 467.936371 102.388268
1210 465.272827 102.618851
1057 463.205048 97.729813
1108 462.947327 98.209236
1156 463.294525 97.711601
1229 464.739624 95.484619
1044 463.261383 99.031471
1135 458.030609 98.695633
1180 457.443268 92.701279
1133 463.132965 94.966927
1215 456.843567 101.017479
1158 464.005829 95.989777
1130 463.267151 96.111954
1122 462.099060 97.811974
1084 464.362152 96.796021
1035 462.241913 98.214867
1085 461.610352 98.335762
1046 462.555115 98.808891
1144 453.208374 98.470085
1201 464.898041 98.123146
1047 458.418610 105.683731
1121 453.878876 96.963463
1082 460.994812 95.516243
1152 462.292358 97.349777
1173 462.300140 98.315605
1053 464.896973 108.582069
1107 457.369324 88.998352
1042 468.438477 99.379066
1032 459.206451 90.831421
1208 466.942352 104.650841
1200 461.137543 89.853065
1175 455.628601 96.718285
1051 463.537354 100.696800
1056 456.910126 97.616997
1131 462.646332 90.658333
1126 461.897888 99.909897
1166 469.320709 97.197174
1065 460.548370 96.317841
1067 461.393951 91.840385
1162 463.220093 97.935966
1188 462.718292 96.671082
1128 463.725372 99.315506
1102 465.586304 88.873901
1106 464.371918 95.864006
1033 464.186218 97.530479
1103 468.657654 105.650810
1127 460.546082 99.599854
1109 453.714661 101.174736
1071 470.016052 101.027405
1092 455.993439 94.841400
1341 461.237335 102.954346
1041 466.381348 100.698448
1029 462.648315 97.061089
1155 457.581482 96.610085
1066 463.279938 96.931778
1148 464.693542 99.758331
1154 461.106873 98.569092
