0 1
0 98
0 295
0 130
0 287
0 308
0 52
0 383
0 154
0 100
0 266
0 477
0 25
0 94
0 49
0 78
0 91
0 387
0 50
0 110
0 75
0 244
0 57
0 48
0 51
0 301
0 495
0 663
0 743
0 373
0 141
0 341
0 525
0 467
0 155
0 662
0 401
1 78
1 98
1 308
1 52
1 49
1 383
1 392
1 100
1 244
1 130
1 262
1 3
1 149
1 51
1 152
1 387
1 242
1 301
1 2
1 477
1 69
1 461
1 94
1 264
1 57
1 50
1 110
1 142
1 48
1 380
1 99
1 266
1 743
1 25
1 779
1 141
1 373
1 748
1 341
1 287
1 312
1 662
1 385
1 165
1 1560
1 467
1 155
1 401
1 525
1 861
1 1103
1 679
1 1553
1 1675
1 663
1 487
1 533
1 288
2 3
2 242
2 21
2 308
2 613
2 98
2 719
2 154
2 383
2 748
2 438
2 387
2 101
2 642
2 100
2 130
2 477
2 295
3 21
3 242
3 308
3 98
3 613
3 477
3 719
3 154
3 642
3 383
3 620
3 748
3 438
3 295
3 100
3 387
3 101
3 385
3 807
3 130
3 392
4 5
4 312
4 1212
4 687
4 173
4 468
4 1123
5 291
5 312
5 108
5 1109
5 468
5 1123
5 97
5 1124
5 1308
5 1692
5 419
5 733
5 1530
5 1300
5 116
6 7
6 243
6 268
6 292
6 306
6 873
6 310
6 1137
6 1026
6 1015
6 1011
6 1029
6 1732
7 306
7 310
7 292
7 268
7 979
7 1035
7 1137
7 243
7 975
7 1231
7 1029
7 1015
7 1011
7 1026
7 1318
7 1759
8 9
8 20
8 143
8 144
8 974
8 1037
8 1154
8 1153
8 1916
8 1947
8 1835
8 1193
8 1830
8 1882
8 1471
8 2053
8 1226
9 20
9 217
9 144
9 974
9 1153
9 1154
9 1191
10 11
10 58
10 241
10 263
10 55
10 12
10 56
10 280
10 267
10 309
10 53
10 13
10 509
10 409
10 469
10 599
10 459
10 562
10 353
10 218
10 143
10 718
10 830
10 494
10 320
10 795
10 563
10 151
10 313
10 460
10 366
11 56
11 12
11 267
11 13
11 55
11 54
11 280
11 53
12 13
12 280
12 54
12 263
12 55
12 267
12 56
12 313
12 53
12 58
12 309
12 26
12 409
12 599
12 718
12 1108
12 460
13 54
13 56
13 263
13 55
13 280
13 267
13 58
13 26
13 309
13 53
13 599
13 409
13 1108
13 313
13 378
13 460
14 15
14 329
14 73
14 187
14 964
16 17
16 1228
16 1204
16 2139
16 1548
16 2140
17 2139
17 2183
17 2184
17 2168
17 2185
18 19
18 95
19 95
19 336
19 595
19 320
19 516
19 1555
19 1223
19 540
19 1084
20 217
20 247
20 273
20 272
20 305
20 298
20 416
20 666
20 1037
20 974
20 1546
20 1583
20 1543
21 242
21 308
21 98
21 542
21 613
21 392
21 477
21 154
21 719
21 295
21 383
21 130
21 100
21 807
21 301
21 642
21 101
21 387
21 748
21 438
21 94
22 23
22 140
22 46
22 610
23 46
23 140
24 25
24 65
24 288
24 167
24 75
24 91
24 375
24 168
24 723
24 52
24 349
24 597
24 269
24 634
24 544
24 358
24 1167
24 287
24 1520
24 1300
24 1519
24 636
25 65
25 353
25 427
25 75
25 287
25 288
25 91
25 52
25 544
25 168
25 341
25 320
25 167
25 319
25 723
25 155
25 715
25 375
25 349
25 597
25 634
25 1300
25 650
26 58
26 241
26 267
26 55
26 54
26 56
26 280
26 53
26 309
26 599
26 718
26 970
26 1108
26 313
26 1637
26 378
26 459
27 28
27 39
27 90
27 523
27 66
27 674
27 917
27 64
27 206
27 1413
27 204
27 194
27 185
27 111
27 174
27 190
27 936
27 189
27 932
27 935
27 923
27 966
27 257
27 922
27 948
27 182
27 931
27 203
27 175
27 176
27 191
27 179
27 243
27 67
27 205
27 222
27 1732
27 779
28 90
28 257
28 523
28 959
28 965
28 520
28 534
28 234
28 976
28 963
28 197
28 422
28 198
28 45
28 40
28 41
28 44
28 64
28 918
28 1386
28 921
28 940
28 954
28 203
28 937
28 939
28 926
28 188
28 183
28 925
28 931
28 185
28 111
28 943
28 190
28 517
28 1278
28 180
28 182
28 186
28 184
28 957
28 948
28 932
28 958
28 962
28 941
28 79
28 953
28 189
28 922
28 934
28 181
28 1822
28 175
28 204
28 191
28 942
28 935
28 923
28 966
28 177
28 984
28 194
28 179
28 938
28 178
28 933
28 924
28 927
28 212
28 628
28 913
28 1120
28 911
28 1100
28 67
28 916
28 912
28 1103
28 1113
28 222
28 1121
29 30
29 47
29 62
29 61
29 367
29 967
29 1009
29 1052
29 1611
29 1088
30 47
30 62
30 61
30 375
30 367
30 406
30 1006
31 32
31 294
31 307
31 59
31 394
31 60
31 368
31 1575
31 320
31 1577
31 1526
31 296
31 678
31 1444
31 648
31 1879
31 661
31 677
31 471
31 1466
31 1555
32 60
32 294
32 296
32 307
32 394
32 1438
32 393
32 368
32 1575
32 320
32 1526
32 59
32 1607
32 678
32 1879
32 648
32 661
32 471
33 34
33 568
33 582
33 671
33 684
33 793
33 837
33 844
33 857
33 883
33 887
34 582
34 887
34 557
34 2247
34 2196
35 162
35 606
35 163
35 607
36 162
36 163
37 38
37 774
38 774
39 40
39 44
39 45
39 257
39 66
39 67
39 412
39 334
39 484
39 90
39 569
39 643
39 156
39 902
39 917
39 918
39 274
39 920
39 921
39 462
39 1413
39 321
39 463
39 523
39 1437
39 482
39 1837
39 1848
40 67
40 45
40 482
40 569
40 66
40 243
40 412
40 334
40 800
40 198
40 917
40 64
40 1413
40 206
40 203
40 936
40 174
40 185
40 111
40 190
40 517
40 182
40 176
40 321
40 932
40 922
40 923
40 966
40 1196
40 931
40 175
40 191
40 194
40 179
40 1732
40 1100
40 90
40 205
41 67
41 412
41 45
41 484
41 66
41 243
41 156
41 658
41 569
41 250
41 198
41 274
41 917
41 64
41 1413
41 463
41 462
41 1196
41 204
41 206
41 176
41 922
41 174
41 111
41 936
41 182
41 191
41 190
41 932
41 179
41 189
41 194
41 1848
41 203
41 935
41 948
41 517
41 175
41 923
41 931
41 185
41 90
41 1100
41 205
41 1732
41 222
42 43
42 114
42 337
42 374
42 115
43 337
43 335
43 114
43 374
43 115
44 67
44 45
44 484
44 66
44 156
44 482
44 658
44 250
44 569
44 485
44 198
44 274
44 917
44 64
44 1196
44 462
44 206
44 1413
44 463
44 204
44 203
44 174
44 185
44 111
44 190
44 517
44 948
44 189
44 182
44 932
44 175
44 176
44 923
44 931
44 966
44 1848
44 194
44 179
44 936
44 222
44 1100
45 67
45 482
45 409
45 469
45 334
45 514
45 643
45 702
45 313
45 542
45 250
45 52
45 412
45 198
45 274
45 64
45 206
45 1413
45 203
45 190
45 321
45 578
45 189
45 194
45 948
45 517
45 175
45 923
45 931
45 185
45 922
45 1196
45 191
45 667
45 179
45 935
45 966
45 111
45 174
45 936
45 90
45 1100
45 205
47 62
47 61
47 375
47 367
47 406
48 49
48 68
48 70
48 99
48 91
48 157
48 50
48 57
48 51
48 52
48 79
48 264
48 262
48 266
48 75
48 80
48 149
48 94
48 350
48 422
48 69
48 488
48 404
48 597
48 341
48 142
48 308
48 631
48 553
48 598
48 807
48 588
48 74
48 455
48 1411
48 1344
48 651
48 840
48 83
48 96
48 471
48 511
48 470
48 461
49 57
49 69
49 74
49 75
49 83
49 91
49 70
49 99
49 152
49 157
49 52
49 244
49 51
49 262
49 149
49 264
49 50
49 79
49 287
49 98
49 380
49 301
49 485
49 308
49 511
49 516
49 470
49 341
49 455
49 544
49 295
49 588
49 154
49 94
49 488
49 80
49 145
49 507
49 96
49 155
49 639
49 350
49 165
49 461
50 52
50 68
50 98
50 244
50 264
50 57
50 79
50 262
50 301
50 70
50 94
50 149
50 350
50 380
50 74
50 495
50 80
50 152
50 91
50 83
50 234
50 142
50 75
50 631
50 553
50 651
50 507
50 527
50 461
50 488
50 597
50 295
50 404
50 501
50 825
50 157
50 807
50 455
50 1344
50 840
50 1586
50 96
51 98
51 52
51 57
51 244
51 262
51 266
51 301
51 264
51 74
51 350
51 83
51 80
51 94
51 149
51 75
51 380
51 404
51 91
51 470
51 471
51 68
51 341
51 308
51 422
51 142
51 527
51 507
51 287
51 588
51 789
51 849
51 598
51 1344
51 511
51 99
51 461
51 455
52 262
52 301
52 57
52 266
52 264
52 75
52 350
52 69
52 74
52 149
52 83
52 91
52 422
52 287
52 152
52 341
52 295
52 98
52 507
52 553
52 527
52 308
52 404
52 328
52 288
52 509
52 78
52 155
52 588
52 1344
52 471
52 461
52 470
52 68
52 70
52 455
52 99
52 511
52 1411
53 54
53 267
53 280
53 263
53 241
53 56
53 309
53 460
53 171
53 313
53 378
53 1095
53 119
54 241
54 56
54 55
54 280
54 263
54 267
54 58
54 309
54 599
54 409
54 144
54 353
54 562
54 1108
54 378
54 460
54 2269
55 267
55 280
55 241
55 263
55 313
55 58
55 309
55 599
55 409
55 718
55 1108
55 378
56 241
56 280
56 263
56 58
56 267
56 309
56 599
56 144
56 353
56 409
56 1108
56 313
56 378
56 460
57 94
57 91
57 244
57 262
57 264
57 266
57 301
57 79
57 69
57 74
57 75
57 98
57 149
57 80
57 380
57 350
57 404
57 99
57 83
57 341
57 461
57 471
57 70
57 470
57 527
57 68
57 507
57 553
57 488
57 96
57 588
57 422
57 142
57 145
57 631
57 525
57 157
57 695
57 597
57 789
57 1344
57 511
58 280
58 241
58 263
58 309
58 599
58 409
58 1108
58 378
58 460
59 60
59 296
59 307
59 294
59 1575
59 1607
59 1526
59 1438
59 320
59 393
59 368
59 471
59 1879
59 677
59 648
59 661
59 678
60 294
60 307
60 394
60 296
60 1438
60 368
60 1526
60 320
60 1575
60 1577
60 1444
60 1555
60 471
60 1466
60 677
60 648
60 678
61 62
61 367
61 375
61 406
61 1440
61 1419
61 1900
61 1886
61 1071
61 1903
61 409
62 375
62 367
62 406
62 1419
62 1440
62 1886
62 1900
62 409
62 1071
63 64
63 694
63 1646
63 1448
63 234
63 1958
63 1915
64 234
64 976
64 534
64 959
64 197
64 965
64 963
64 198
64 257
64 274
64 920
64 917
64 921
64 918
64 1453
64 2009
64 953
64 613
64 954
64 2042
64 2060
65 353
65 597
65 287
65 737
65 797
65 341
65 375
65 349
65 650
65 2194
66 67
66 90
66 321
66 334
66 412
66 484
66 569
66 156
66 1125
66 1304
66 1252
66 1260
66 112
66 1272
66 1261
66 421
66 916
66 911
66 212
66 1103
66 1162
66 1155
66 1113
66 1120
66 913
66 209
66 1196
66 1121
66 1161
66 1480
66 266
66 1478
66 1479
66 1477
66 1163
66 1494
66 1656
66 801
66 681
66 1493
66 1871
67 156
67 321
67 334
67 412
67 482
67 569
67 542
67 911
67 912
67 916
67 209
67 212
67 913
67 205
67 517
67 948
67 183
67 177
67 936
67 188
67 941
67 194
67 174
67 934
67 175
67 185
67 111
67 924
67 943
67 927
67 939
67 926
67 191
67 180
67 938
67 186
67 925
67 182
67 189
67 933
67 923
67 922
67 179
67 932
67 942
67 178
67 190
67 937
67 176
67 940
67 184
67 203
67 966
67 222
67 954
67 953
67 952
67 204
67 206
67 1100
67 1072
67 1059
67 1260
67 112
67 1253
67 1304
67 1196
67 68
67 1234
67 1261
67 1252
67 463
67 918
67 1155
67 462
67 1536
67 1162
67 891
67 917
67 1623
67 920
67 921
67 1539
67 1494
67 1848
67 1830
67 234
67 963
67 197
67 976
67 257
67 534
67 959
67 965
67 1871
67 1835
67 422
67 520
67 1493
67 1882
68 70
68 145
68 244
68 79
68 96
68 512
68 94
68 631
68 149
68 597
68 91
68 69
68 341
68 948
68 517
68 222
68 205
68 90
68 936
68 922
68 111
68 203
68 932
68 189
68 174
68 206
68 194
68 175
68 923
68 931
68 455
68 185
68 204
68 176
68 182
68 191
68 651
68 190
68 966
68 1411
68 1100
68 80
68 840
68 1586
68 917
69 91
69 244
69 262
69 75
69 266
69 295
69 83
69 301
69 341
69 78
69 74
69 627
69 157
69 461
69 287
69 79
70 99
70 244
70 80
70 597
70 341
70 631
70 91
70 760
70 785
70 515
70 152
70 558
70 511
70 695
70 491
70 75
70 173
70 455
70 1411
70 264
70 1586
70 840
70 422
70 262
70 149
70 74
70 380
71 72
71 1414
71 646
71 1424
71 1523
72 612
72 320
72 589
72 914
72 1424
72 1414
72 646
72 1523
74 75
74 91
74 244
74 301
74 266
74 83
74 404
74 341
74 154
74 157
74 98
74 295
74 380
74 1344
74 79
74 471
74 461
74 94
74 455
74 511
74 99
74 350
75 91
75 94
75 244
75 79
75 301
75 98
75 266
75 470
75 380
75 264
75 80
75 155
75 288
75 165
75 544
75 149
75 404
75 96
75 455
75 758
75 507
75 588
75 110
75 154
75 1344
75 262
75 83
75 511
75 350
76 77
76 424
76 1048
76 1129
76 1471
77 1614
77 363
77 1274
78 287
78 98
78 341
78 670
78 154
78 495
78 155
78 639
78 295
79 80
79 244
79 262
79 264
79 301
79 350
79 266
79 96
79 404
79 488
79 553
79 598
79 527
79 175
79 932
79 205
79 222
79 1244
79 455
79 1320
79 840
79 1411
79 99
79 1344
79 149
79 511
79 380
79 461
79 471
79 91
79 1100
79 1586
79 83
79 341
79 198
80 94
80 244
80 262
80 350
80 264
80 266
80 301
80 149
80 96
80 488
80 553
80 527
80 598
80 404
80 99
80 1411
80 1344
80 380
81 82
81 564
81 353
81 657
81 370
82 370
82 371
82 806
82 1232
82 1233
82 1285
82 1302
82 1306
83 91
83 266
83 295
83 264
83 287
83 262
83 98
83 301
83 461
83 341
83 380
83 244
83 152
83 145
83 588
83 525
83 639
83 516
83 1344
84 85
84 113
84 135
84 153
84 164
84 732
84 1024
84 834
85 97
85 135
85 113
85 153
85 164
85 732
86 87
86 125
86 584
86 136
86 513
86 2296
86 2173
86 2297
86 646
86 1436
87 798
87 620
88 139
88 452
88 453
88 2001
88 2083
88 698
88 696
89 452
89 453
89 139
90 257
90 523
90 583
90 674
90 209
90 913
90 912
90 916
90 212
90 911
90 205
90 517
90 183
90 181
90 934
90 942
90 932
90 935
90 923
90 177
90 927
90 174
90 175
90 931
90 194
90 111
90 936
90 926
90 180
90 189
90 178
90 182
90 924
90 179
90 925
90 940
90 176
90 943
90 922
90 184
90 937
90 933
90 190
90 188
90 939
90 966
90 222
90 203
90 952
90 954
90 953
90 206
90 204
90 1100
90 863
90 1253
90 1260
90 421
90 1272
90 112
90 1304
90 1234
90 1241
90 1252
90 1261
90 321
90 1155
90 918
90 1536
90 891
90 1162
90 1623
90 920
90 921
90 1539
90 1689
90 1437
90 1837
90 1494
90 1830
90 234
90 963
90 197
90 976
90 534
90 959
90 198
90 965
90 1871
90 1835
90 422
90 520
90 1493
90 1882
91 94
91 137
91 98
91 341
91 295
91 149
91 262
91 244
91 287
91 301
91 385
91 308
91 499
91 585
91 155
91 623
91 154
91 145
91 288
91 96
91 507
91 461
91 639
91 516
91 471
91 392
91 266
91 319
91 511
91 521
91 1344
91 1819
92 93
92 173
92 265
92 975
92 1859
94 152
94 301
94 244
94 266
94 350
94 262
94 98
94 295
94 461
94 99
94 455
94 553
94 154
94 308
94 96
94 488
94 401
94 527
94 149
94 487
94 130
94 861
94 499
94 392
94 404
94 341
94 1344
94 511
95 336
96 173
96 149
96 695
96 840
96 244
96 264
96 1586
96 1411
96 99
97 608
97 636
97 682
97 135
97 687
97 495
97 732
97 1109
97 291
97 1212
98 308
98 341
98 383
98 392
98 154
98 385
98 266
98 100
98 155
98 301
98 525
98 101
98 542
98 387
98 244
98 262
98 110
98 373
98 141
98 137
98 776
98 639
98 748
98 529
98 495
98 662
98 1103
98 1560
98 401
98 1553
98 679
98 467
98 861
98 372
98 487
99 244
99 264
99 262
99 301
99 597
99 350
99 631
99 152
99 598
99 341
99 461
99 266
99 455
99 1411
99 149
99 422
99 380
100 101
100 130
100 141
100 295
100 383
100 387
100 308
100 477
100 110
100 242
100 748
100 743
100 765
100 661
100 662
100 341
100 392
100 467
100 525
100 1103
100 1560
100 385
100 154
100 1553
100 679
100 372
100 487
100 861
101 110
101 387
101 383
101 401
101 308
101 295
101 130
101 487
101 141
101 477
101 533
101 743
101 242
101 765
101 748
101 735
101 341
101 392
101 662
101 467
102 103
102 165
102 315
102 166
102 1102
102 1209
102 1647
103 165
103 315
103 1102
103 1209
104 105
104 318
104 1057
104 1058
104 1064
104 1065
104 1098
104 1143
104 343
104 283
104 328
104 138
104 342
104 398
104 127
105 138
105 398
105 318
105 1058
105 1057
106 107
107 518
107 319
107 320
107 1759
107 2073
107 1532
107 2074
108 109
108 468
108 1308
108 762
108 1124
108 687
108 1109
108 1530
108 338
108 312
108 1300
108 291
108 2199
109 468
109 687
109 1530
109 1300
109 1124
109 349
109 1109
109 1308
109 2199
109 2200
110 130
110 383
110 387
110 295
110 141
110 401
110 487
110 154
110 516
110 743
110 626
110 477
110 1509
110 467
111 112
111 180
111 184
111 188
111 189
111 209
111 204
111 205
111 274
111 925
111 176
111 923
111 926
111 175
111 186
111 181
111 937
111 939
111 177
111 938
111 940
111 936
111 185
111 932
111 934
111 948
111 517
111 941
111 933
111 943
111 942
111 190
111 182
111 194
111 927
111 922
111 183
111 931
111 935
111 179
111 191
111 912
111 913
111 916
111 911
111 966
111 203
111 212
111 222
111 1072
111 863
111 1059
111 1100
111 1240
111 1242
111 1244
111 448
111 1320
111 1234
111 918
111 921
111 1241
111 917
111 1442
111 1502
111 976
111 1253
111 1623
111 1260
111 1272
111 965
111 422
111 234
111 166
111 1670
111 1539
111 1658
111 198
111 534
111 959
111 421
111 257
111 520
111 197
111 287
111 1156
112 491
112 179
112 189
112 558
112 579
112 730
112 703
112 321
112 1252
112 204
112 1673
112 194
112 935
112 948
112 517
112 923
112 931
112 185
112 936
112 209
112 891
112 1705
112 174
112 1120
112 1771
112 182
112 175
112 1773
112 191
112 274
112 515
112 932
112 922
112 1494
112 1031
112 205
112 351
112 1871
112 966
112 1032
112 222
112 1100
112 203
113 135
113 153
113 732
113 164
113 121
113 120
113 983
113 2102
114 337
114 374
115 337
115 335
115 374
115 2079
115 574
115 2101
115 2106
115 2132
115 2133
115 1701
115 2131
115 744
115 768
115 738
115 2115
115 2046
115 2136
115 2125
115 2118
115 2127
115 2274
115 2286
115 698
115 2001
115 759
115 2119
115 2120
115 158
115 2326
115 2107
115 239
115 1011
115 2108
115 761
115 2129
115 2255
115 2365
115 2135
115 2126
115 2123
116 117
116 338
116 506
116 238
116 1123
116 261
116 1446
116 495
116 237
116 1124
116 1308
116 1081
116 1581
116 291
116 1749
116 349
116 468
116 1576
116 312
116 1300
116 687
116 2268
117 338
117 506
117 1109
117 1446
117 237
117 238
117 261
117 495
118 119
118 159
118 478
118 535
118 1476
119 478
119 535
119 557
119 159
119 2090
119 320
119 241
119 2164
119 2231
119 1292
119 2269
119 698
119 2251
119 2300
119 2301
119 2329
120 121
120 501
120 699
120 892
120 565
120 449
120 436
120 878
120 877
121 164
121 699
121 892
121 987
121 1346
121 850
121 1574
121 1559
122 123
123 148
123 828
123 385
124 125
124 513
124 136
124 1396
124 2258
125 136
125 513
125 584
125 866
126 685
126 847
126 723
126 1834
126 1851
127 847
127 138
128 129
128 259
128 384
128 293
128 673
128 707
128 314
128 1418
128 710
128 1292
128 605
129 227
129 384
129 293
129 420
129 673
129 314
129 2081
129 1800
130 295
130 392
130 401
130 383
130 308
130 387
130 487
130 373
130 765
130 242
130 735
130 799
130 748
130 743
130 141
130 662
130 341
130 1553
130 679
130 372
130 861
130 525
130 467
130 1103
130 1560
130 385
131 132
132 2299
132 688
132 868
133 158
133 570
133 571
133 245
133 2097
134 158
134 454
134 570
134 245
134 2097
135 153
135 419
135 164
135 682
135 732
136 513
136 584
136 1397
136 1610
136 449
136 414
136 2233
136 2258
137 385
137 526
137 521
137 490
137 501
137 287
137 341
137 865
137 155
138 318
138 1578
138 1793
138 398
139 453
139 452
139 231
139 2083
141 387
141 308
141 383
141 525
141 743
141 477
142 149
142 264
142 308
142 731
142 244
142 598
142 266
143 144
143 413
143 476
143 311
143 409
143 151
143 700
143 253
143 469
143 509
143 1146
143 516
143 961
143 1177
143 1459
143 1176
143 1943
143 1956
143 1750
143 1695
143 1901
143 1301
143 1334
143 1562
143 1734
143 1259
143 1382
143 1359
143 1291
143 1315
143 1674
143 1694
143 974
144 353
144 151
144 469
144 409
144 700
144 589
144 459
144 1062
144 1061
144 864
144 1417
144 1243
144 1445
145 152
145 654
145 2058
145 2061
145 2078
146 147
146 483
146 855
146 871
146 2253
146 160
146 2150
146 2261
147 853
147 160
147 2171
149 244
149 264
149 262
149 266
149 301
149 380
149 152
149 516
149 597
149 404
149 350
149 588
149 154
149 527
149 870
149 507
149 1411
149 455
150 151
150 600
150 604
150 1353
150 1335
150 2000
150 1424
150 1988
150 1135
151 469
151 409
151 627
151 241
151 509
151 625
151 374
151 514
151 542
151 840
151 1335
151 1353
151 546
151 2000
151 604
151 1988
151 1424
151 600
151 1135
152 461
152 264
152 244
152 262
152 380
152 266
152 507
152 455
152 301
153 682
153 732
154 155
154 401
154 295
154 341
154 372
154 663
154 495
154 626
154 308
154 487
154 516
154 301
154 287
154 373
154 242
154 385
154 392
154 477
154 1553
154 861
154 1103
154 1560
154 662
154 383
155 287
155 341
155 295
155 776
155 639
155 1355
155 1100
155 1560
155 662
155 1553
155 861
155 385
155 1103
155 467
155 679
155 383
155 533
155 2017
156 851
156 334
156 412
156 1266
156 1127
156 1128
156 1246
156 1175
156 1247
156 1245
157 892
157 1346
157 316
157 1151
157 288
158 454
158 374
158 245
158 2097
159 1052
160 161
160 444
160 443
160 759
160 465
160 738
160 483
160 2226
160 855
160 2150
160 846
160 2149
160 2261
160 2229
160 2271
161 759
161 444
161 698
162 755
163 606
163 607
163 544
163 2155
164 699
165 166
165 315
165 864
165 738
165 1209
165 288
165 1647
166 315
166 923
166 1320
166 185
166 174
166 190
166 936
166 932
166 176
166 1244
166 175
166 194
166 333
166 1242
166 1240
166 448
166 182
166 922
166 935
166 191
166 948
166 189
166 931
166 517
166 1502
166 1442
166 179
166 1445
166 1670
167 168
167 427
167 723
169 170
169 1458
169 1497
169 1549
169 1286
169 1636
169 1654
169 1697
169 1756
169 1768
169 1777
169 1622
169 1811
169 1818
169 476
169 1596
169 1928
169 536
169 1805
170 476
170 1596
170 1089
170 536
170 1805
170 1928
171 172
171 405
171 366
171 378
171 381
171 365
171 434
171 494
171 504
171 708
171 611
173 229
173 547
173 904
173 907
173 986
173 999
173 968
173 1034
173 1044
173 415
173 1213
173 1215
173 787
173 1035
173 915
173 1006
173 1322
173 317
173 730
173 259
173 888
173 1200
173 1825
173 1855
174 175
174 333
174 520
174 924
174 181
174 176
174 180
174 923
174 926
174 925
174 939
174 177
174 184
174 185
174 936
174 940
174 938
174 933
174 932
174 517
174 941
174 948
174 188
174 942
174 943
174 934
174 190
174 954
174 182
174 952
174 953
174 189
174 194
174 927
174 922
174 183
174 931
174 935
174 179
174 191
174 178
174 203
174 912
174 916
174 209
174 911
174 212
174 206
174 204
174 205
174 222
174 863
174 1059
174 1100
174 1240
174 1242
174 1244
174 1320
174 921
174 1234
174 274
174 920
174 918
174 1241
174 917
174 1442
174 1502
174 976
174 1253
174 1623
174 1260
174 965
174 422
174 1304
174 963
174 1658
174 1536
174 198
174 534
174 959
174 1272
174 421
174 257
174 197
174 1670
174 234
174 287
174 1156
175 520
175 181
175 180
175 925
175 186
175 926
175 923
175 176
175 937
175 939
175 177
175 938
175 936
175 185
175 942
175 932
175 948
175 934
175 941
175 933
175 188
175 943
175 952
175 953
175 182
175 954
175 190
175 189
175 194
175 931
175 183
175 957
175 958
175 922
175 927
175 178
175 962
175 191
175 179
175 935
175 912
175 913
175 212
175 209
175 911
175 966
175 203
175 916
175 204
175 205
175 206
175 222
175 1059
175 863
175 1072
175 1113
175 1103
175 1120
175 1121
175 1100
175 1240
175 1242
175 333
175 448
175 1320
175 1234
175 274
175 920
175 918
175 1241
175 921
175 1502
175 1442
175 976
175 1272
175 198
175 197
175 1253
175 1260
175 965
175 422
175 1304
175 963
175 1539
175 1658
175 1536
175 534
175 959
175 421
175 257
175 234
175 1623
175 1670
175 1156
176 177
176 181
176 178
176 205
176 421
176 234
176 186
176 926
176 925
176 180
176 924
176 937
176 939
176 938
176 936
176 185
176 184
176 940
176 188
176 948
176 517
176 941
176 934
176 933
176 942
176 943
176 189
176 194
176 182
176 954
176 190
176 952
176 953
176 922
176 931
176 191
176 927
176 179
176 183
176 212
176 913
176 916
176 966
176 912
176 911
176 209
176 206
176 222
176 863
176 1059
176 1072
176 1240
176 1100
176 1242
176 1244
176 448
176 1320
176 920
176 921
176 918
176 1241
176 917
176 1234
176 274
176 1442
176 1502
176 976
176 1272
176 1670
176 1260
176 965
176 422
176 520
176 197
176 1304
176 198
176 963
176 1539
176 1658
176 1536
176 257
176 534
176 1156
176 287
177 179
177 205
177 222
177 669
177 181
177 185
177 923
177 936
177 932
177 189
177 190
177 182
177 922
177 931
177 517
177 935
177 948
177 966
177 204
177 1240
177 1100
177 333
177 1242
177 917
177 274
177 1117
177 1502
177 1448
177 341
177 1668
177 198
177 178
177 1627
177 1255
177 1156
177 287
178 179
178 203
178 205
178 222
178 191
178 189
178 182
178 931
178 935
178 932
178 194
178 190
178 517
178 948
178 923
178 204
178 206
178 1100
178 1448
178 1442
178 917
178 274
178 1502
178 1425
178 1320
178 1242
178 333
178 1117
178 1244
178 448
178 1627
178 198
178 234
179 205
179 222
179 198
179 191
179 183
179 182
179 189
179 935
179 931
179 932
179 941
179 943
179 933
179 188
179 194
179 936
179 937
179 939
179 938
179 185
179 940
179 184
179 925
179 180
179 186
179 948
179 926
179 923
179 203
179 966
179 954
179 952
179 953
179 204
179 206
179 912
179 916
179 212
179 911
179 913
179 209
179 863
179 1072
179 1100
179 921
179 1442
179 1234
179 920
179 918
179 1241
179 1502
179 917
179 1320
179 1240
179 1242
179 333
179 1244
179 448
179 976
179 1272
179 520
179 197
179 1253
179 1260
179 965
179 422
179 1304
179 963
179 1536
179 534
179 959
179 421
179 257
179 1623
179 1670
179 1658
180 204
180 274
180 579
180 923
180 185
180 936
180 517
180 948
180 932
180 190
180 182
180 194
180 191
180 931
180 935
180 922
180 966
180 203
180 205
180 206
180 222
180 1240
180 333
180 1244
180 448
180 1320
180 917
180 1502
180 1442
180 198
180 287
180 1156
181 203
181 198
181 923
181 936
181 517
181 932
181 948
181 189
181 194
181 182
181 190
181 931
181 935
181 191
181 922
181 966
181 206
181 205
181 204
181 222
181 1240
181 448
181 333
181 1242
181 1244
181 1320
181 917
181 1502
181 1442
181 287
181 1156
182 183
182 191
182 931
182 932
182 922
182 927
182 935
182 933
182 943
182 942
182 941
182 188
182 184
182 940
182 937
182 185
182 936
182 939
182 190
182 938
182 194
182 923
182 924
182 186
182 925
182 517
182 948
182 966
182 203
182 952
182 953
182 954
182 206
182 204
182 913
182 212
182 912
182 911
182 916
182 205
182 222
182 1059
182 1072
182 863
182 1100
182 918
182 920
182 921
182 1240
182 1241
182 1242
182 333
182 1244
182 917
182 448
182 1320
182 274
182 1502
182 1442
182 976
182 1272
182 198
182 1253
182 1260
182 965
182 422
182 520
182 1304
182 963
182 1539
182 1536
182 534
182 959
182 421
182 257
182 234
182 1623
182 1658
182 1670
183 448
183 922
183 191
183 189
183 935
183 932
183 194
183 185
183 936
183 923
183 517
183 203
183 966
183 204
183 206
183 205
183 222
183 1100
183 917
183 1502
183 1244
183 1240
183 1242
183 333
183 1320
183 198
184 205
184 185
184 936
184 923
184 932
184 194
184 189
184 935
184 922
184 191
184 931
184 517
184 948
184 966
184 204
184 206
184 1100
184 333
184 1242
184 448
184 1320
184 1244
184 917
184 274
184 1502
184 1442
184 198
185 186
185 190
185 194
185 191
185 212
185 206
185 938
185 937
185 940
185 939
185 925
185 926
185 923
185 924
185 933
185 941
185 932
185 942
185 943
185 188
185 189
185 931
185 927
185 922
185 935
185 517
185 948
185 953
185 954
185 952
185 203
185 966
185 913
185 916
185 911
185 204
185 205
185 222
185 1072
185 1059
185 1100
185 1240
185 448
185 1244
185 333
185 1242
185 1320
185 921
185 918
185 1241
185 917
185 1442
185 1502
185 976
185 1253
185 422
185 963
185 1539
185 1658
185 1536
185 534
185 421
185 257
185 1670
185 1272
185 520
185 197
185 198
185 1304
185 234
186 191
186 206
186 923
186 936
186 948
186 932
186 190
186 194
186 189
186 935
186 922
186 931
186 966
186 203
186 204
186 222
186 1240
186 1244
186 333
186 1242
186 448
186 1320
186 917
186 274
186 1502
186 1442
186 198
186 1156
186 287
188 189
188 204
188 274
188 431
188 932
188 190
188 191
188 935
188 194
188 936
188 922
188 923
188 517
188 948
188 966
188 203
188 206
188 205
188 222
188 1100
188 1240
188 448
188 1242
188 333
188 1244
188 1320
188 917
188 1442
188 1502
188 198
189 204
189 209
189 274
189 935
189 932
189 931
189 927
189 922
189 941
189 943
189 942
189 933
189 939
189 936
189 938
189 194
189 940
189 937
189 926
189 923
189 925
189 517
189 948
189 966
189 203
189 954
189 952
189 953
189 206
189 911
189 916
189 912
189 212
189 913
189 205
189 222
189 1072
189 863
189 1059
189 1100
189 920
189 921
189 918
189 1234
189 1240
189 1242
189 333
189 917
189 448
189 1320
189 1502
189 1442
189 1272
189 198
189 1304
189 197
189 520
189 1253
189 1260
189 965
189 422
189 963
189 1539
189 1536
189 959
189 421
189 257
189 1623
189 234
189 1670
189 1658
190 191
190 212
190 534
190 934
190 933
190 941
190 943
190 932
190 942
190 936
190 922
190 939
190 940
190 937
190 927
190 938
190 931
190 935
190 926
190 924
190 923
190 925
190 948
190 517
190 953
190 966
190 952
190 954
190 203
190 206
190 204
190 916
190 912
190 913
190 911
190 209
190 205
190 222
190 1059
190 863
190 1072
190 1100
190 1234
190 1320
190 274
190 920
190 918
190 1240
190 1241
190 1242
190 333
190 1244
190 917
190 448
190 921
190 1502
190 1442
190 976
190 1670
190 1253
190 1260
190 965
190 1272
190 422
190 963
190 1539
190 1658
190 1536
190 959
190 421
190 257
190 1304
190 520
190 197
190 234
190 1623
191 194
191 206
191 212
191 534
191 922
191 927
191 931
191 932
191 941
191 933
191 934
191 943
191 942
191 936
191 939
191 937
191 938
191 517
191 948
191 926
191 925
191 923
191 203
191 954
191 952
191 953
191 204
191 916
191 913
191 912
191 209
191 911
191 205
191 962
191 957
191 863
191 1059
191 1072
191 1113
191 1120
191 1121
191 1100
191 917
191 918
191 274
191 1241
191 920
191 1502
191 1234
191 1442
191 921
191 1242
191 1240
191 1244
191 448
191 963
191 976
191 1260
191 1536
191 1272
191 198
191 1304
191 520
191 1253
191 965
191 959
191 421
191 422
191 234
191 257
191 1623
191 1539
191 1658
191 1670
192 193
192 322
192 1220
192 990
192 1468
192 1416
193 322
193 530
193 1220
193 1416
193 1468
193 1927
193 990
193 2014
193 2023
193 1118
193 2062
193 2063
193 2067
194 212
194 933
194 942
194 941
194 932
194 943
194 934
194 922
194 931
194 938
194 940
194 927
194 936
194 939
194 937
194 924
194 925
194 926
194 517
194 948
194 953
194 954
194 966
194 952
194 203
194 913
194 209
194 911
194 916
194 206
194 204
194 205
194 222
194 863
194 1059
194 1072
194 1244
194 448
194 917
194 921
194 918
194 1241
194 1242
194 333
194 274
194 920
194 1320
194 1240
194 1234
194 1502
194 1442
194 1536
194 976
194 534
194 959
194 421
194 257
194 198
194 1272
194 1539
194 422
194 520
194 1304
194 197
194 1260
194 234
194 1253
194 965
194 963
194 1623
195 196
195 640
195 757
195 641
195 1229
195 374
195 2136
195 2109
195 1270
195 541
195 2163
196 1412
196 374
197 198
197 517
197 885
197 984
197 274
197 917
197 1278
197 203
197 932
197 206
197 935
197 948
197 923
197 931
197 966
197 936
197 922
197 204
197 1100
197 628
197 205
197 222
198 234
198 703
198 558
198 963
198 422
198 959
198 257
198 976
198 534
198 520
198 965
198 917
198 921
198 274
198 920
198 937
198 922
198 953
198 927
198 935
198 948
198 934
198 939
198 936
198 942
198 938
198 517
198 925
198 941
198 923
198 962
198 931
198 933
198 203
198 957
198 958
198 940
198 204
198 206
198 943
198 966
198 952
198 212
198 222
198 2008
198 1100
198 1103
198 912
198 1120
198 913
198 916
198 1121
198 205
198 209
198 911
198 1113
199 200
199 214
199 508
199 901
199 1249
199 1378
200 901
200 214
200 1249
200 1378
200 508
201 202
201 486
201 1378
201 508
201 1763
201 1703
201 1850
202 1378
202 508
202 486
203 205
203 234
203 421
203 694
203 942
203 927
203 931
203 935
203 922
203 933
203 932
203 934
203 941
203 943
203 937
203 940
203 938
203 936
203 204
203 939
203 206
203 948
203 926
203 924
203 925
203 517
203 916
203 209
203 911
203 913
203 954
203 952
203 953
203 222
203 863
203 1072
203 1059
203 1100
203 917
203 1234
203 274
203 920
203 918
203 921
203 965
203 422
203 963
203 1539
203 520
203 1536
203 534
203 959
203 257
203 976
203 1623
203 1253
203 1260
203 1272
203 1304
204 209
204 274
204 966
204 922
204 933
204 927
204 942
204 932
204 935
204 931
204 941
204 943
204 934
204 936
204 940
204 937
204 938
204 939
204 923
204 926
204 925
204 952
204 948
204 924
204 954
204 517
204 916
204 212
204 912
204 911
204 913
204 205
204 1059
204 1072
204 863
204 917
204 921
204 920
204 1100
204 1234
204 1241
204 257
204 520
204 976
204 491
204 1773
204 1707
204 422
204 234
204 515
204 1673
204 1120
204 963
204 1705
204 1771
204 431
204 534
204 891
204 959
204 1623
204 1539
204 1182
204 399
204 245
205 222
205 234
205 421
205 644
205 912
205 209
205 911
205 916
205 212
205 913
205 517
205 948
205 940
205 942
205 937
205 925
205 933
205 938
205 941
205 934
205 935
205 931
205 923
205 966
205 922
205 939
205 924
205 927
205 952
205 954
205 953
205 1103
205 962
205 957
205 1113
205 958
205 1120
205 1121
205 1100
205 863
205 1072
205 1234
205 1241
205 918
205 1448
205 1536
205 917
205 274
205 1623
205 921
205 920
205 1539
205 1627
205 1117
205 1255
205 1425
205 1272
205 963
205 976
205 257
205 534
205 965
205 959
205 1253
205 422
205 520
206 212
206 966
206 932
206 931
206 922
206 935
206 927
206 942
206 933
206 941
206 943
206 934
206 936
206 938
206 937
206 940
206 952
206 924
206 925
206 953
206 954
206 923
206 948
206 517
206 912
206 209
206 911
206 913
206 222
206 1059
206 1072
206 863
206 917
206 920
206 918
206 274
206 921
206 1100
206 1234
206 1241
206 257
206 976
206 520
206 965
206 422
206 234
206 963
206 534
206 959
206 1539
206 1536
206 1182
206 1623
206 399
206 245
207 208
207 605
207 1158
208 605
208 227
208 1292
208 1650
208 1139
208 1224
208 1418
208 228
209 274
209 948
209 517
209 931
209 923
209 935
209 922
209 932
209 936
209 222
209 966
209 1100
209 1252
209 321
209 1261
209 917
209 1705
209 491
209 1771
209 1120
209 1707
209 431
209 1494
209 1673
209 515
209 891
209 1871
209 1493
210 221
210 220
210 992
210 1010
210 1015
210 1029
210 1011
210 1026
210 1532
210 1888
210 1160
211 221
211 220
211 992
211 1010
211 1015
211 1011
211 1026
211 1532
211 1888
211 1160
212 517
212 948
212 936
212 931
212 923
212 932
212 935
212 966
212 222
212 1100
212 1261
212 1252
212 321
212 274
212 917
212 1494
212 1871
212 475
213 214
213 1263
213 1296
214 508
214 469
214 706
214 740
214 901
214 993
214 1378
214 1820
214 2213
215 975
216 258
216 271
216 219
216 218
216 1347
216 1185
216 423
216 990
216 1016
216 904
216 1030
216 1311
216 1792
216 1564
216 1974
216 503
216 1991
216 2038
217 417
217 974
217 1037
218 219
218 223
218 226
218 271
218 1147
218 1311
218 1991
218 1792
218 2038
218 635
218 1317
219 223
219 226
219 271
219 399
219 1147
219 1149
219 245
219 246
219 1311
219 1192
219 1214
219 1792
219 2038
219 247
219 1991
220 221
220 992
220 1010
220 1011
220 1015
220 1026
220 1029
220 1532
220 1888
220 1160
221 992
221 1010
221 1015
221 1011
221 1029
221 1532
221 1160
221 1888
222 916
222 911
222 912
222 948
222 517
222 935
222 927
222 936
222 939
222 931
222 937
222 922
222 952
222 934
222 940
222 923
222 926
222 941
222 966
222 953
222 938
222 942
222 925
222 933
222 1100
222 1121
222 1103
222 1113
222 1120
222 957
222 962
222 958
222 863
222 1059
222 1072
222 1241
222 1234
222 1623
222 1536
222 1539
222 921
222 274
222 920
222 918
222 1272
222 1304
222 534
222 959
222 421
222 257
222 976
222 520
222 1253
222 965
222 422
223 258
223 423
223 990
223 1016
223 997
223 1311
223 1030
223 1564
223 1792
223 1974
223 503
223 1991
223 2038
223 593
224 225
224 317
224 904
224 724
224 320
225 498
225 724
225 1119
225 1149
225 1740
225 320
226 423
226 593
226 258
226 1016
226 997
226 1311
226 1030
226 1564
226 1792
226 1974
226 503
226 2038
226 1991
227 228
227 314
227 384
227 293
227 707
227 673
227 1292
227 1418
227 605
227 710
227 450
227 1650
227 1831
228 314
228 1418
228 1650
228 384
228 1292
228 605
230 231
231 241
231 267
231 1250
231 390
232 233
232 243
232 831
232 1076
232 1537
232 1732
233 831
233 243
233 1732
233 1537
233 2244
234 274
234 1448
234 966
234 922
234 936
234 1668
234 935
234 948
234 517
234 923
234 932
234 1117
234 931
234 1255
234 1100
234 628
235 236
236 287
236 849
237 238
237 261
237 338
237 1109
237 1123
237 1390
237 543
237 1581
237 1446
238 950
238 338
238 495
238 1123
238 1308
238 1124
238 1446
238 349
238 1081
238 1749
238 261
238 543
238 468
238 1576
238 1581
238 687
239 240
239 248
239 768
239 2106
239 2076
240 248
240 2076
240 2106
240 768
241 267
241 309
241 409
241 599
241 514
241 353
241 469
241 562
241 795
241 1108
241 313
241 378
241 578
241 546
241 366
241 460
241 1770
242 308
242 438
242 477
242 295
242 748
242 383
242 387
242 392
242 807
242 719
242 1869
243 268
243 409
243 310
243 292
243 1137
243 1011
243 1026
243 306
243 1029
243 1076
243 1690
243 1659
243 1732
243 1172
243 881
243 1891
243 288
243 1151
243 1999
243 1646
243 1957
243 2215
243 1900
243 831
243 1173
243 2214
243 2216
244 264
244 262
244 266
244 301
244 350
244 380
244 404
244 341
244 488
244 507
244 461
244 597
244 527
244 422
244 631
244 250
244 553
244 251
244 598
244 807
244 825
244 455
244 1344
244 651
244 840
244 511
244 1411
244 1209
245 246
245 247
245 454
245 722
245 399
245 447
245 515
245 1248
245 1407
245 254
245 1191
245 1192
245 1193
245 1033
245 1201
245 1066
245 253
245 1696
245 1492
245 1254
245 1049
245 1301
245 1908
245 596
245 1716
245 1186
245 1041
245 1155
245 1587
245 1040
245 1027
245 680
245 1042
245 1316
245 891
245 701
245 1953
245 559
245 1410
245 472
245 1334
245 1056
245 1359
245 1288
245 1025
245 299
246 1191
246 399
246 1410
246 1186
246 1908
246 596
246 1953
246 299
247 596
247 299
247 1191
247 399
247 1410
247 1908
247 1186
247 1953
248 1557
248 2076
249 250
249 827
249 697
249 449
250 658
250 696
250 697
250 715
250 720
250 334
250 623
250 264
250 2083
251 252
251 805
253 254
253 1050
253 616
253 578
253 465
253 1453
253 1192
253 1214
253 1201
253 1570
253 399
253 1154
253 1207
253 1582
253 2019
253 473
253 1296
253 1153
253 1263
253 1066
253 1264
253 1191
253 1704
253 1656
253 1125
253 2013
254 1033
254 1050
254 1066
254 1656
254 1704
254 1459
254 1153
254 680
254 561
254 1255
254 515
254 1154
254 1582
254 1256
254 1426
254 1248
254 1125
254 1536
254 1296
254 399
254 1492
254 1265
254 1276
254 1263
254 447
254 919
254 481
254 1623
254 1264
254 1539
255 256
255 1142
256 275
256 1604
257 917
257 274
257 1413
257 1689
257 932
257 935
257 1437
257 936
257 523
257 517
257 922
257 948
257 931
257 1837
257 966
257 923
257 1100
257 1843
258 271
258 509
258 423
258 990
258 997
258 1149
258 1002
258 996
258 1147
258 998
258 1030
258 1000
258 919
258 561
259 293
259 904
260 261
261 506
261 543
261 812
261 1109
261 338
261 495
261 1581
261 1123
261 1446
261 1576
261 1877
262 266
262 301
262 380
262 471
262 507
262 527
262 341
262 598
262 488
262 295
262 553
262 404
262 422
262 822
262 789
262 308
262 1344
262 455
262 511
262 470
262 461
263 280
263 267
263 309
263 718
263 599
263 1108
263 313
264 266
264 380
264 422
264 301
264 488
264 350
264 461
264 527
264 553
264 598
264 588
264 507
264 404
264 308
264 525
264 1374
264 1411
264 455
264 1481
264 1621
264 1487
264 471
264 1488
264 1504
264 769
264 1736
264 1344
264 1764
264 1586
266 301
266 350
266 461
266 470
266 380
266 404
266 553
266 488
266 527
266 308
266 295
266 341
266 588
266 422
266 1160
266 1344
266 1676
266 1125
266 511
267 280
267 309
267 599
267 718
267 1108
267 313
267 378
267 460
268 292
268 306
268 310
268 1137
268 1011
268 1029
268 1015
268 1732
269 270
269 349
269 1167
269 634
269 348
269 1237
269 1352
269 636
269 1300
269 687
269 400
269 1123
269 1517
269 1109
269 358
269 1124
269 1721
270 1237
270 1167
270 634
270 348
270 1300
270 1429
270 636
270 1517
270 400
270 358
270 1124
270 1721
270 2200
271 762
271 1311
271 1928
271 423
271 593
271 1030
271 1991
271 2027
271 1974
271 997
271 990
272 273
272 311
272 299
272 442
272 1071
272 1067
272 1140
272 1100
272 1326
272 1360
272 1036
272 1904
272 1614
272 1902
272 961
272 1930
273 311
273 299
273 1067
273 1071
273 1140
273 1360
273 1326
274 921
274 918
274 920
274 976
274 965
274 422
274 963
274 534
274 959
274 936
274 943
274 934
274 939
274 954
274 942
274 932
274 938
274 935
274 948
274 517
274 941
274 1413
274 926
274 923
274 931
274 933
274 940
274 966
274 925
274 922
274 952
274 953
274 924
274 937
274 916
274 911
274 912
274 913
274 431
274 1705
274 1707
274 515
274 1059
274 1673
274 863
274 1072
274 1120
274 1771
274 1773
274 1234
275 1618
276 277
276 300
276 1101
276 995
276 994
277 300
277 1101
277 994
277 995
277 320
278 279
278 403
278 351
279 826
280 309
280 599
280 718
280 1108
280 313
280 378
280 460
281 282
281 297
282 297
282 1763
282 1958
282 1703
282 1991
282 1915
283 284
283 328
283 343
283 1064
283 318
283 1065
283 1098
283 1143
283 330
283 342
283 1671
284 1065
284 318
284 1064
284 1058
284 1057
284 1098
284 343
284 1143
284 328
284 342
284 330
284 1671
285 286
285 2247
286 2247
287 288
287 295
287 341
287 639
287 495
287 301
287 1151
287 431
287 1294
287 829
287 667
287 1117
287 1675
287 1893
287 925
287 954
287 1240
287 517
287 926
287 923
287 448
287 953
287 939
287 1162
287 1899
287 924
287 333
287 1242
287 1244
287 1155
287 891
287 1976
287 952
288 509
288 1168
288 431
288 1294
288 1346
288 1345
288 892
288 316
288 1363
288 1275
288 1732
288 2045
289 290
289 668
289 2271
289 622
289 2254
289 2150
289 2272
289 2255
289 2273
290 668
290 686
291 312
291 464
291 1109
291 1212
291 687
291 1385
291 1123
291 1308
291 1124
291 636
291 1300
291 1081
291 419
291 733
292 306
292 310
293 384
293 707
293 673
294 296
294 368
294 394
294 393
294 320
294 1575
294 1526
294 307
294 1607
294 1879
294 677
294 471
294 661
294 678
295 341
295 308
295 383
295 392
295 387
295 301
295 467
295 477
295 385
295 525
295 626
295 639
295 373
295 461
295 743
295 495
295 735
295 748
295 679
295 401
295 372
295 487
295 1560
295 1553
295 861
296 307
296 394
296 393
296 1577
296 1438
296 1575
296 368
296 1526
296 1607
296 1444
296 648
296 677
296 471
296 1466
296 678
296 1879
296 661
297 1324
298 299
298 351
298 382
298 311
299 351
299 635
299 646
299 311
299 1699
299 1930
299 399
300 994
300 1518
300 1592
301 404
301 350
301 341
301 461
301 470
301 308
301 553
301 527
301 511
301 1344
302 418
302 420
302 1004
302 386
302 1515
302 1516
302 1514
302 369
302 1503
302 428
302 710
302 451
302 450
302 493
302 510
302 690
302 332
302 519
302 492
302 1648
302 888
303 386
303 332
303 428
303 1068
303 493
303 1516
303 418
303 1503
303 1514
303 420
303 450
303 492
303 1715
303 690
303 1648
303 510
303 519
303 1808
304 305
304 1536
304 1623
304 1539
304 1546
304 1933
304 1932
304 431
304 1583
304 1543
304 1037
304 1168
304 1389
305 352
305 628
305 700
305 867
305 1275
305 1294
305 431
305 635
305 1555
305 1168
305 1336
305 1699
306 310
306 1137
306 1011
306 1026
306 1029
306 1732
307 394
307 1438
307 393
307 1575
307 368
307 1526
307 320
307 1607
307 648
307 471
307 1879
307 661
307 678
308 392
308 387
308 320
308 477
308 380
308 736
308 843
308 719
308 748
308 743
308 613
308 341
308 467
308 662
308 1560
308 1103
308 1553
308 861
308 525
308 385
308 487
308 368
309 599
309 790
309 1108
309 1224
310 1011
310 1026
310 1029
310 1015
310 1732
310 1709
311 476
311 701
311 351
311 559
311 1140
311 1071
311 1067
311 413
311 1176
311 2050
311 1775
311 1326
311 1360
311 1402
311 1779
312 687
312 1212
312 468
312 1123
312 1308
312 1300
312 1530
312 1124
312 1081
312 464
313 465
313 562
313 409
313 565
313 459
313 1108
313 378
313 578
313 381
313 1434
313 509
313 366
313 460
314 1292
314 1418
314 605
314 384
315 738
315 1209
316 317
316 1345
316 1363
316 1346
316 892
316 1326
316 1360
316 320
316 1151
316 1537
316 801
316 1181
316 1187
316 1552
316 1274
316 324
317 589
317 967
317 1075
317 1284
317 1051
317 1008
317 1043
317 1392
317 1473
317 1088
317 1275
317 1235
317 1659
317 1787
317 1257
317 1861
317 1122
317 1205
318 328
318 1058
318 1065
318 1064
318 1143
318 342
318 330
318 1671
318 373
319 320
319 400
319 427
319 623
319 348
319 1122
319 1257
319 1052
320 364
320 393
320 394
320 481
320 634
320 654
320 349
320 400
320 427
320 824
320 834
320 859
320 838
320 348
320 973
320 1028
320 1043
320 1051
320 589
320 426
320 1088
320 1122
320 1205
320 539
320 1235
320 1236
320 1257
320 1281
320 1330
320 1338
320 1343
320 1377
320 1392
320 1408
320 497
320 1449
320 1467
320 1008
320 1499
320 1079
320 1526
320 1551
320 1438
320 1473
320 1584
320 1126
320 1595
320 1611
320 1615
320 395
320 1533
320 1660
320 1275
320 1666
320 1778
320 1783
320 1853
320 1093
320 1881
320 433
320 1310
321 1252
321 1260
321 1261
321 421
321 1304
321 1103
321 913
321 891
321 1113
321 1162
321 911
321 1120
321 912
321 1121
321 1196
321 1624
321 1494
321 1871
322 323
322 1118
322 530
322 1416
322 1468
322 497
322 1670
323 497
323 1220
323 844
323 530
324 325
324 1187
324 363
324 1274
324 1552
324 1537
324 1890
324 1017
324 1018
324 1622
324 1326
324 1542
324 1360
324 1609
324 1612
325 363
325 1181
325 1274
325 1552
325 1537
325 1990
325 1326
325 1360
325 1612
326 327
326 357
326 356
326 397
326 445
326 625
326 439
326 709
326 469
327 357
327 356
327 397
327 445
327 709
327 811
327 489
328 330
328 343
328 1057
328 1064
328 1185
328 1065
328 1058
328 1098
328 1143
328 342
328 1671
329 2218
330 1143
330 1057
330 343
330 1065
330 1058
330 1098
330 1671
330 342
331 332
332 565
332 449
332 369
332 451
332 690
332 420
332 1514
332 418
332 1516
332 710
332 1648
332 386
332 493
332 492
332 450
332 1808
332 1515
333 1240
333 1244
333 937
333 926
333 939
333 924
333 1242
333 1320
333 932
333 941
333 934
333 933
333 938
333 943
333 936
333 948
333 953
333 952
333 954
333 517
333 935
333 1502
333 927
333 1442
333 931
333 1670
333 1658
333 1156
334 412
334 484
334 569
334 658
334 823
334 485
334 463
334 1196
334 1848
335 337
335 374
337 374
338 543
338 506
338 1109
338 495
338 1081
338 1576
338 1581
338 1446
338 468
338 687
338 1300
339 340
340 647
340 1270
340 2276
340 2277
340 2278
340 2298
340 2303
340 359
340 950
341 495
341 597
341 639
341 670
341 729
341 749
341 491
341 542
341 785
341 515
341 558
341 679
341 392
341 383
341 662
341 467
341 1103
341 1553
341 385
341 1117
341 861
341 401
341 1560
341 477
341 813
341 525
341 372
341 487
341 840
341 533
341 1448
341 1627
341 1344
341 387
341 667
341 1425
342 343
342 1065
342 1057
342 1058
342 1098
342 1143
343 567
343 645
343 739
343 772
343 822
343 848
343 1064
343 1058
343 1057
343 1098
343 1671
344 345
344 379
344 500
344 592
344 362
345 379
345 361
345 500
345 592
345 1091
345 362
345 1845
346 347
346 374
346 947
348 349
348 634
348 1167
348 687
348 1237
348 1517
348 1300
348 1109
348 1429
348 358
348 1721
348 1123
349 400
349 466
349 683
349 438
349 634
349 1167
349 1237
349 1300
349 1352
349 636
349 1123
349 1109
349 1429
349 1124
349 1519
349 1308
349 1517
349 544
349 1530
349 468
349 597
349 427
349 1649
349 1081
349 1520
349 1721
350 507
350 527
350 461
350 404
350 509
350 553
350 380
350 471
350 1344
351 352
351 382
351 635
351 1317
351 1272
351 680
351 1638
351 1301
351 1630
351 1334
351 1253
351 1492
351 1716
351 1260
351 1359
351 1304
351 421
352 1523
352 1602
353 509
353 650
353 773
353 784
353 459
353 764
354 355
355 657
356 357
356 445
356 397
356 489
356 709
357 397
357 445
357 709
357 489
358 634
358 1167
358 1237
358 636
358 1429
359 360
361 362
361 379
361 592
361 500
361 1569
361 883
363 1181
363 1187
363 1552
363 1612
363 1537
363 1326
363 1301
363 1895
363 1334
363 1359
363 1351
363 899
363 1048
364 502
364 955
365 366
365 378
365 405
365 381
365 434
365 494
365 460
365 708
365 611
365 1434
366 378
366 381
366 405
366 504
366 460
366 494
366 611
366 708
366 1434
367 375
367 406
368 394
368 1438
368 978
368 977
368 1526
368 1391
368 679
368 1724
368 1894
368 1723
368 1070
369 418
369 428
369 710
369 493
369 1503
369 1514
369 386
369 420
369 450
369 690
369 510
369 519
369 1808
369 492
369 1648
372 373
372 735
372 392
372 1560
372 1553
372 1103
372 385
372 662
372 861
372 679
372 383
372 477
372 401
373 477
373 670
373 383
373 856
373 401
374 574
374 698
374 722
374 2106
374 744
374 2107
374 2108
374 2079
374 2109
374 2110
374 2001
374 2114
374 2115
374 2116
374 2117
374 2118
374 738
374 2046
374 2119
374 2120
374 2121
374 2123
374 2124
374 2125
374 2126
374 2128
374 2101
374 1701
374 1675
374 761
374 2129
374 2130
374 1776
374 2131
374 1550
374 1882
374 2132
374 2133
374 759
374 2135
374 2136
375 406
376 377
376 1394
376 1915
378 381
378 405
378 434
378 460
378 504
378 494
378 611
378 708
378 1108
378 1079
379 500
379 592
379 1091
380 461
380 507
380 588
380 488
380 525
380 471
380 1344
380 455
381 405
381 434
381 460
381 504
381 494
381 708
381 611
381 1434
382 1317
382 635
382 680
382 1492
382 1716
382 1255
382 481
383 387
383 477
383 743
383 392
383 467
383 401
383 662
383 1553
383 679
383 861
383 1560
383 385
383 525
384 673
384 690
384 710
384 707
384 1418
384 605
384 1800
385 490
385 499
385 521
385 501
385 525
385 736
385 861
385 1103
385 679
385 1560
385 1553
385 662
385 477
385 533
385 526
385 467
385 748
385 401
386 510
386 1514
386 1503
386 493
386 451
386 710
386 428
386 1516
386 420
386 418
386 450
386 1515
386 492
386 1648
386 690
386 519
386 1808
387 477
387 743
387 748
387 401
387 392
387 487
387 467
387 662
388 389
388 587
389 587
389 619
390 391
390 692
390 727
390 1250
390 411
390 1541
390 410
390 1884
390 1251
390 1663
391 1717
392 662
392 1560
392 401
392 1103
392 467
392 861
392 1553
392 525
392 477
393 394
393 1526
394 1438
394 1526
394 1334
394 1214
394 1201
394 1301
394 1906
395 396
395 1407
395 1589
395 1564
395 503
395 1490
396 666
396 1750
396 1992
396 1490
396 667
396 1775
396 430
397 445
397 709
397 489
399 515
399 1248
399 447
399 1407
399 1192
399 1214
399 1201
399 1191
399 1334
399 680
399 472
399 1492
399 1301
399 1330
399 1066
399 1716
399 978
399 1186
399 977
399 1193
399 1050
399 1027
399 1070
399 1359
399 1025
400 634
400 1167
400 1352
400 636
400 1517
400 687
401 487
401 626
401 533
401 765
401 735
401 662
401 467
401 1560
401 1553
401 679
401 861
401 525
401 1103
401 477
402 403
402 1498
402 1577
402 1463
402 1168
402 431
402 1422
403 1630
403 1638
403 1422
403 1463
403 431
403 1844
403 801
403 1423
403 1725
403 1168
403 681
404 461
404 470
404 527
404 553
404 488
405 494
405 434
405 460
405 708
405 611
405 820
405 1434
406 1245
406 1266
406 1246
406 1247
406 1175
406 1128
406 1127
406 1821
406 583
406 674
406 482
407 409
407 842
407 456
407 416
407 442
407 417
408 416
408 456
408 442
408 417
409 469
409 566
409 565
409 514
409 874
409 578
409 546
409 545
409 1770
409 1726
409 459
409 1475
409 1301
409 1359
409 1732
410 1250
410 1541
410 832
411 1250
411 1251
411 1541
411 1617
411 832
412 484
412 569
412 462
412 463
412 1848
413 1176
413 1146
413 1177
413 1934
414 415
414 2213
414 1539
415 449
415 2103
415 2257
416 417
416 459
416 442
416 456
416 1316
416 701
416 559
416 1288
416 1060
416 1591
416 742
416 1616
416 441
417 456
417 559
417 442
417 1083
417 742
417 1092
417 1097
417 1096
417 1082
417 1616
417 1591
417 1316
417 459
417 814
417 1977
417 2001
417 1522
417 701
417 1288
418 1514
418 451
418 1503
418 710
418 428
418 493
418 420
418 450
418 1515
418 1516
418 492
418 690
418 510
418 1648
418 519
418 1808
418 2082
419 608
419 1212
419 1109
420 429
420 451
420 428
420 1503
420 710
420 1514
420 1516
420 1515
420 690
420 510
420 492
420 1648
420 1800
420 2081
421 694
421 1252
421 1261
421 936
421 517
421 922
421 931
421 948
421 932
421 935
421 923
421 1031
421 1494
421 1032
421 1100
421 1202
421 1871
421 966
421 1273
422 488
422 527
422 598
422 553
422 917
422 936
422 517
422 948
422 935
422 1411
422 923
422 931
422 455
422 922
422 966
422 932
422 628
423 990
423 600
423 1135
423 1147
423 1149
424 1614
424 1274
425 426
426 623
426 1362
427 723
427 1298
428 450
428 451
428 1503
428 1516
428 1514
428 710
428 1619
428 493
428 1515
428 690
428 492
428 510
428 1648
429 430
429 1087
429 1093
429 1094
429 1277
429 617
429 1326
429 1621
429 1360
430 794
430 1711
430 1739
430 1086
430 1087
430 1094
430 1093
430 1022
430 1021
430 1407
430 1238
430 561
430 1805
430 1309
430 919
430 1471
431 491
431 558
431 637
431 730
431 1156
431 1151
431 891
431 1294
431 1705
431 515
431 1120
431 1771
431 1707
431 1773
431 1899
431 681
431 1577
431 801
431 1498
432 433
432 988
432 769
432 2169
432 2170
432 843
432 2241
432 2106
432 1753
432 2206
432 2345
432 2346
432 744
432 2347
432 1615
432 1310
432 2348
432 2220
432 2221
432 2341
432 2349
432 1797
432 2350
432 2225
432 2266
432 2078
432 820
432 2311
432 2123
432 2351
432 1147
432 1020
432 2342
432 928
432 2222
432 2352
432 2353
432 1486
432 2281
432 2315
432 1569
432 2354
432 1485
432 2355
432 2356
432 2357
432 2306
432 1193
432 1171
432 1144
432 716
433 2204
433 1486
433 2088
433 2166
433 2242
434 460
434 504
434 611
434 494
434 708
434 1434
435 1074
435 1038
436 875
436 2078
437 438
437 522
437 466
437 1644
437 1797
438 466
438 522
438 1644
438 1797
439 465
439 1715
439 1420
440 505
440 1420
440 1715
441 442
442 1591
442 559
442 742
442 701
442 456
442 1316
442 1288
442 1060
443 444
443 496
444 496
444 759
445 709
445 489
446 447
446 1605
446 1248
446 515
446 1192
446 1214
446 1191
446 1201
446 1854
446 2049
446 1664
446 1667
446 1543
446 1546
446 1583
447 503
447 1191
447 1207
447 473
447 1582
447 898
447 1606
447 1248
447 1564
447 1018
447 1360
447 1050
447 1912
447 1326
447 1330
447 1033
447 1286
447 2279
447 2153
447 1160
448 925
448 1240
448 1244
448 924
448 926
448 923
448 1242
448 937
448 939
448 933
448 941
448 940
448 934
448 938
448 943
448 942
448 936
448 1320
448 932
448 953
448 948
448 952
448 954
448 1442
448 922
448 931
448 935
448 1502
448 1670
448 1658
448 1156
449 524
449 1148
449 521
449 1331
449 1284
449 1367
449 1590
449 866
449 1813
449 1866
449 1868
449 2145
450 451
450 519
450 888
450 1503
450 710
450 493
450 1515
450 1516
450 1514
450 690
450 492
450 1648
450 1808
451 710
451 1503
451 1516
451 1514
451 493
451 1515
451 492
451 1648
451 690
451 510
451 519
451 1808
454 570
454 738
454 820
454 571
454 2097
454 1477
455 651
455 1411
455 840
455 1586
456 1060
456 459
456 1288
456 559
456 701
456 1316
457 458
457 1105
457 1389
457 556
457 1055
457 1152
457 1796
458 556
458 1152
458 1389
458 1105
458 1373
458 2032
459 509
459 795
459 494
459 681
460 504
460 494
460 708
460 1108
461 588
461 525
461 507
461 1344
461 470
462 463
462 1196
462 484
462 1848
463 1196
463 484
464 1212
464 636
464 687
465 675
465 540
465 541
465 616
465 509
465 1770
466 522
466 683
466 1644
466 1753
466 1797
467 770
467 626
467 662
467 533
467 1560
467 525
467 861
467 679
467 1553
468 1109
468 1308
468 1123
468 687
468 1409
468 1124
468 1300
468 1530
468 1212
468 1081
468 2199
469 509
469 625
469 764
469 514
469 627
469 1022
469 1942
469 499
469 1021
469 1945
469 1505
469 1944
470 1344
471 1607
471 1344
471 648
471 1575
471 1879
471 678
472 473
472 1191
472 1192
472 1214
472 1201
472 515
472 1207
472 2012
472 1328
472 1248
472 2059
472 1330
473 1191
473 515
473 1248
473 1283
473 1192
473 1201
473 1334
473 1359
473 1301
473 1214
473 1796
473 1909
473 1911
473 1330
473 1914
473 1381
473 1628
473 1704
474 475
474 2188
474 698
475 783
475 2093
475 1304
475 769
475 2154
475 2220
475 2225
475 2234
475 2236
475 2242
475 2306
475 2311
475 2324
475 655
475 2124
475 2331
475 2083
475 2065
475 1193
475 918
475 656
475 1820
475 2355
475 867
476 1177
476 1176
476 516
477 748
477 743
477 1553
477 679
477 861
477 1103
479 480
480 552
481 1276
481 1256
481 1265
481 1439
481 1033
481 1424
481 1453
482 886
482 1196
482 1175
484 1422
484 1463
484 1423
484 1196
484 1036
484 2028
484 1930
485 586
485 544
485 736
486 1763
486 1703
486 1850
487 735
487 662
488 553
488 527
488 598
490 521
490 501
491 515
491 558
491 760
491 730
491 703
491 785
491 1673
491 1707
491 891
491 1771
491 1773
492 493
492 888
492 690
492 1516
492 1503
492 1514
492 1515
492 1808
492 1648
493 710
493 1503
493 1514
493 1516
493 1515
493 690
493 510
493 1648
493 519
494 708
494 504
494 611
495 663
495 639
495 1109
495 1446
495 1123
495 1081
495 1576
495 1581
495 543
495 1308
495 1124
497 1669
497 1220
498 1315
498 1301
498 1259
499 1471
499 1263
499 1296
499 748
499 1829
499 536
499 1856
499 1941
499 1021
499 1967
499 1022
500 592
500 1224
500 1842
501 521
501 1299
501 1172
503 1282
503 899
503 1248
503 515
503 1192
503 1214
503 1201
503 1696
503 1795
503 1917
503 1912
503 1921
503 1892
503 1894
504 708
505 1420
505 1715
505 2102
506 1123
506 1109
507 527
507 1419
507 1440
507 1336
508 1249
508 1850
509 613
509 778
509 514
509 540
509 693
509 578
509 1726
510 1503
510 1515
510 1516
510 1514
510 710
511 1344
512 651
513 584
513 2332
513 2233
513 1733
515 558
515 760
515 785
515 1191
515 1207
515 1582
515 1705
515 1707
515 1120
515 1771
515 1673
515 1564
515 891
515 1773
515 1330
515 1017
515 1360
515 1912
515 1326
515 1033
515 1286
515 1050
515 1018
515 2153
515 1160
515 2279
516 1562
516 1445
517 924
517 925
517 923
517 926
517 937
517 943
517 934
517 954
517 932
517 935
517 941
517 931
517 922
517 936
517 940
517 952
517 953
517 927
517 911
517 913
517 912
517 916
517 966
517 1059
517 863
517 1241
517 1100
517 1234
517 920
517 918
517 1240
517 1242
517 1244
517 917
517 1502
517 1442
517 1320
517 976
517 520
517 1253
517 1260
517 965
517 1272
517 963
517 1539
517 1536
517 1304
517 534
517 959
517 1670
517 1684
517 1658
517 1685
517 1156
519 888
519 1515
519 1516
519 1514
519 710
519 1503
520 917
520 1386
520 936
520 966
520 922
520 923
520 931
520 932
520 935
520 948
520 1100
520 628
521 731
521 565
521 932
522 1797
523 1437
523 1837
524 2145
524 866
525 679
525 738
525 662
527 553
527 789
528 529
529 614
530 1118
530 1183
530 1220
530 1184
530 2019
530 2013
531 532
531 2218
531 2252
533 735
533 1103
533 1553
533 1560
533 662
533 679
533 861
534 917
534 966
534 936
534 923
534 935
534 922
534 931
534 948
534 628
534 1100
534 1386
535 557
535 2097
536 537
536 1090
536 1495
536 1763
536 1703
536 1651
536 1146
536 1701
536 1856
536 1130
536 1887
538 539
538 1500
538 1686
539 767
539 1500
539 1686
540 541
540 775
540 1572
540 609
540 1537
540 2178
540 2179
540 2181
540 2367
541 775
542 638
542 821
542 577
543 1109
543 1446
543 2159
543 1877
543 2344
544 1613
544 1682
544 2197
545 546
545 625
545 578
545 616
545 681
546 1726
546 578
547 1114
547 1134
547 1554
548 549
548 603
548 2100
550 551
550 622
551 652
552 1710
554 555
554 609
554 796
554 575
555 2218
556 1105
556 1152
557 2097
558 760
558 703
558 637
558 785
559 1441
559 1191
560 561
560 633
560 919
561 1392
561 1334
561 1706
561 1160
561 1301
561 1359
561 1872
561 1893
561 1555
561 1622
561 1050
561 1801
561 1971
561 1696
561 1976
561 654
561 1084
561 1609
561 1898
561 2189
561 2217
561 1897
561 2264
561 2267
561 633
561 2304
561 2361
562 563
563 1905
563 763
563 1192
563 1214
563 1201
563 1955
563 756
563 2030
563 2044
564 657
565 566
565 810
565 1150
565 1331
565 983
565 2148
566 1041
566 578
566 1049
566 1672
566 1042
566 1040
566 1830
566 1184
566 1835
566 1882
570 571
571 728
572 573
572 1052
572 1573
572 1867
573 741
573 2168
574 2094
574 2096
574 2083
575 576
577 578
577 623
577 676
577 884
578 616
578 681
578 1631
578 1672
578 1780
578 1770
580 581
580 615
580 672
580 653
581 615
581 653
581 672
581 683
582 2196
582 2247
583 1810
583 1812
583 1175
584 2258
585 2363
589 1336
589 1546
589 1398
589 1882
589 1830
589 1583
589 1543
589 1835
590 591
590 1796
590 1909
590 1911
590 1207
591 1555
593 594
593 1149
593 1309
593 1978
593 1979
593 1976
593 1147
593 1893
593 1238
593 764
593 1239
593 1980
594 1974
595 784
595 1116
595 1117
597 631
599 1095
600 1353
600 990
600 1335
601 602
601 1523
601 1424
601 646
602 1424
602 1523
602 1414
602 646
603 2090
603 2100
603 1548
603 2201
604 990
604 1353
605 1418
605 1292
606 607
606 755
609 2160
610 762
612 1533
613 642
613 719
613 1922
615 672
615 653
616 617
616 704
616 1570
616 1780
617 704
618 619
619 823
619 2239
620 621
620 1489
621 1832
622 746
622 652
622 1454
622 915
624 625
625 764
626 670
626 735
626 685
628 976
628 963
628 959
628 984
628 1471
628 1056
628 961
628 1789
628 1822
628 1659
629 630
629 632
630 771
630 780
630 809
633 2291
634 835
634 1298
634 1167
634 636
634 1237
634 1352
634 1429
634 687
634 1123
634 1109
634 1721
635 646
635 1523
635 1786
635 1769
635 1602
636 711
636 1109
636 1167
636 1123
636 687
636 1300
636 1124
636 1237
636 1429
636 1517
636 1212
636 1352
636 1721
637 730
640 761
640 762
640 1126
641 762
641 761
641 860
641 2192
641 2260
641 2083
644 760
644 1130
644 1587
644 1425
644 1627
644 1117
644 1448
644 1176
644 1276
644 1265
644 961
644 1256
646 1182
646 1275
646 1523
647 786
648 649
648 678
648 1607
648 1925
649 1879
649 1168
650 2080
654 1949
654 919
654 1282
654 899
654 1973
655 656
655 2136
656 2112
656 2136
656 2300
656 2105
659 660
659 1313
659 908
660 1313
660 908
661 662
661 770
661 802
661 1607
661 1575
661 1879
661 678
662 1560
662 1553
662 861
662 1103
662 679
663 714
664 665
664 858
665 830
666 667
666 747
666 756
666 763
666 1407
666 1992
667 1761
667 1407
667 1992
669 721
670 735
671 1710
673 707
674 1175
674 1128
674 1127
674 1247
674 1266
674 1245
674 1246
677 678
677 1575
678 1879
678 1575
678 1607
679 738
679 1553
679 861
679 1103
679 1560
680 681
680 1061
680 1938
680 1656
680 801
681 1125
681 1498
681 1492
681 1887
681 1716
685 1646
685 1688
687 1300
687 1123
687 1124
687 1352
687 1167
687 1308
687 1212
687 1517
687 1237
687 1429
687 1081
687 1721
688 689
688 726
688 788
688 1114
688 1375
688 724
688 1863
688 1865
690 1503
690 1648
690 1516
690 710
690 1514
690 1808
690 1515
690 2082
690 1800
690 2081
691 742
691 1176
691 1493
692 1251
692 1250
696 2083
697 1169
698 836
698 839
698 2094
698 2229
698 754
698 2095
698 2287
698 2083
698 1631
701 1441
701 1191
701 1912
702 1006
705 706
705 1419
706 714
710 1503
710 1514
710 1515
710 1648
710 1808
710 2338
710 2082
711 1001
712 713
713 740
714 1593
716 717
716 777
716 2105
716 2083
717 777
717 2083
723 2244
724 725
724 1171
724 915
724 1755
726 1710
729 866
729 784
729 1116
730 1081
731 1492
731 1201
731 1860
733 734
733 1212
736 829
738 854
738 744
738 2226
738 2228
738 2229
738 745
738 2163
738 2136
738 2083
740 763
744 745
744 1310
744 2290
744 1313
744 2228
744 2083
744 2105
745 873
745 818
746 2083
747 763
748 1100
748 2017
750 751
750 2244
750 2155
750 1175
751 2155
752 753
753 787
753 1129
754 2113
754 2167
754 1412
755 2275
755 2155
755 1710
756 1906
756 1496
756 1691
760 785
760 1130
760 1772
760 1634
760 1176
760 1587
760 961
761 896
762 1314
762 1474
762 1185
762 1522
762 1527
762 1452
762 1709
762 1752
762 1754
762 1762
762 1766
762 1798
762 1806
763 1691
763 1906
763 1496
764 1948
764 1974
764 1193
766 767
766 1686
767 1686
768 769
768 1227
768 816
768 2204
768 815
768 2088
768 1225
768 2083
769 1621
769 1736
769 1481
769 1374
769 1376
769 1487
769 1488
769 1504
769 2105
769 815
770 1727
771 858
772 1185
774 1115
774 2231
778 831
780 781
780 1710
780 2244
781 2244
781 1710
782 783
784 833
784 1007
784 2210
787 1129
790 879
791 792
791 852
791 1273
791 1602
791 1179
793 2247
795 1159
795 955
795 1193
799 817
800 840
801 1348
801 1168
801 1492
801 1716
801 1887
801 1498
803 804
804 972
808 809
809 841
809 1189
810 2148
810 2237
813 814
813 2077
814 1052
814 1178
814 1273
815 816
815 2106
815 1815
815 2123
815 2124
816 2092
818 819
819 2083
819 2105
820 1368
820 1824
823 1305
823 1250
823 2198
829 832
829 1250
830 1710
831 868
831 1076
831 1537
831 1732
831 2235
832 1251
832 1250
832 2288
832 2289
835 1679
837 2195
837 2305
837 2307
840 1301
840 1334
840 1359
845 846
846 2136
846 2244
846 2171
846 2229
846 2083
850 1642
850 1574
850 1558
850 991
850 1360
850 1326
850 1559
850 1620
850 987
850 1585
850 1643
852 1273
852 1179
852 1602
854 2149
859 1621
859 1562
859 1334
859 1946
859 1301
859 1359
859 874
861 1553
861 1560
862 863
862 1059
862 1072
862 2244
863 948
863 923
863 932
863 935
863 966
863 931
863 922
863 936
863 1100
863 917
864 1294
864 1062
864 1061
865 1878
865 1157
865 1664
865 1264
866 2145
867 872
868 869
869 2244
871 2150
871 2171
874 1007
874 1840
874 1722
875 876
877 878
877 2078
879 880
879 915
881 1175
881 1750
881 1154
881 1622
881 1952
881 1467
881 1951
881 1609
881 1954
881 1987
881 1985
881 1542
881 2010
881 1732
881 2246
882 898
883 2301
885 1278
886 2366
887 2247
888 903
888 975
889 890
889 903
889 908
889 969
889 1364
890 969
891 1056
891 1041
891 1005
891 1252
891 1254
891 1705
891 1771
891 1120
891 1587
891 1156
891 1494
891 1871
891 1193
892 1363
892 1345
892 1151
893 894
893 910
893 1136
893 1267
893 1746
895 896
895 904
895 1720
896 949
896 1790
896 2192
897 898
898 1024
898 1086
899 900
899 1324
899 1564
899 1725
899 1844
899 1971
899 2024
899 2020
899 1274
901 1378
902 1710
904 1005
904 1052
904 1404
904 1406
904 1513
904 1629
904 1051
904 1665
904 1666
905 906
905 971
905 1135
905 1180
905 1230
905 1428
905 1430
905 1433
905 1804
905 1838
907 975
907 1511
907 1224
907 1443
908 909
908 919
908 972
908 1023
908 1039
908 1496
908 1653
909 1364
909 1579
911 948
911 935
911 936
911 932
911 931
911 922
911 923
911 966
911 1100
911 1261
911 1252
911 917
911 1494
911 1493
911 1871
912 948
912 932
912 935
912 922
912 931
912 936
912 1100
912 1252
912 1261
912 917
912 1494
912 1493
912 1871
912 942
913 936
913 922
913 931
913 923
913 966
913 1100
913 1252
913 917
913 1494
913 1871
913 1493
914 915
915 1454
915 1078
915 1761
916 948
916 936
916 931
916 932
916 922
916 935
916 966
916 1252
916 917
916 1494
916 1493
916 1871
917 918
917 921
917 959
917 963
917 965
917 976
917 934
917 939
917 942
917 932
917 938
917 935
917 1413
917 923
917 931
917 948
917 933
917 940
917 924
917 966
917 953
917 941
917 926
917 952
917 954
917 922
917 936
917 925
917 937
917 927
917 1072
917 1059
917 1234
917 1241
918 932
918 931
918 923
918 922
918 1413
918 966
918 935
918 936
918 948
919 1282
919 1392
919 1706
919 1334
919 1160
919 1359
919 1301
919 1872
919 1555
919 1801
919 1971
919 1696
919 1542
919 1976
919 1084
919 1050
919 1609
919 1898
919 1897
919 2361
920 936
920 923
920 931
920 932
920 966
920 935
920 948
921 932
921 922
921 935
921 948
921 1413
921 931
921 936
922 927
922 931
922 932
922 943
922 942
922 933
922 934
922 941
922 936
922 940
922 938
922 939
922 925
922 923
922 926
922 948
922 924
922 966
922 953
922 952
922 1059
922 1072
922 1100
922 1442
922 1234
922 1241
922 1502
922 1240
922 1242
922 1244
922 1320
922 976
922 1272
922 1253
922 1260
922 965
922 1304
922 963
922 1539
922 1536
922 959
922 1623
922 1658
922 1670
923 926
923 924
923 925
923 937
923 939
923 940
923 936
923 948
923 941
923 943
923 932
923 942
923 934
923 954
923 952
923 953
923 931
923 927
923 935
923 966
923 1059
923 1072
923 1100
923 1240
923 1244
923 1241
923 1234
923 1502
923 1442
923 976
923 1253
923 965
923 1670
923 1272
923 963
923 1536
923 1260
923 1623
923 959
923 1539
924 936
924 932
924 948
924 931
924 935
924 966
924 1244
924 1242
924 1100
924 1320
924 1502
924 1442
924 1156
925 936
925 932
925 948
925 931
925 935
925 966
925 1244
925 1240
925 1100
925 1442
925 1156
926 936
926 932
926 948
926 935
926 931
926 1100
926 1244
926 1242
926 1240
926 1320
926 1502
926 1442
927 935
927 931
927 932
927 948
927 966
927 1100
927 1442
927 1502
927 1240
927 1244
927 1320
928 929
928 2166
928 2083
930 1456
930 2083
930 2360
931 932
931 943
931 941
931 934
931 942
931 933
931 936
931 938
931 940
931 937
931 939
931 948
931 966
931 952
931 954
931 1072
931 1100
931 1241
931 1234
931 1502
931 1240
931 1442
931 1320
931 1244
931 1242
931 1260
931 976
931 1253
931 1272
931 1304
931 1536
931 959
931 1623
931 1539
931 1670
931 1658
932 934
932 941
932 942
932 943
932 937
932 939
932 936
932 938
932 940
932 948
932 966
932 952
932 954
932 953
932 962
932 957
932 1072
932 1059
932 1113
932 1121
932 1100
932 1240
932 1320
932 1242
932 1241
932 1234
932 1502
932 1442
932 976
932 1253
932 1272
932 1670
932 963
932 965
932 1304
932 1260
932 1658
932 1623
932 959
933 935
933 936
933 948
933 966
933 1100
933 1242
933 1244
933 1320
933 1442
933 1502
933 942
934 936
934 935
934 948
934 966
934 1100
934 1240
934 1242
934 1244
934 1502
934 1442
935 943
935 941
935 942
935 938
935 936
935 940
935 937
935 939
935 948
935 966
935 952
935 953
935 1059
935 1072
935 1234
935 1241
935 1242
935 1502
935 1240
935 1244
935 1442
935 1320
935 1253
935 965
935 1272
935 1539
935 963
935 1304
935 1536
935 1260
935 1623
935 959
935 1658
936 937
936 938
936 939
936 940
936 943
936 941
936 948
936 953
936 954
936 966
936 1059
936 1072
936 1100
936 1240
936 1242
936 1320
936 1244
936 1234
936 1442
936 1502
936 1658
936 1536
936 1304
936 959
936 963
936 1253
936 1623
936 1260
936 1670
936 1272
936 965
936 976
936 1539
937 948
937 966
937 1100
937 1240
937 1242
937 1244
937 1320
937 1502
937 1442
938 948
938 966
938 1100
938 1240
938 1320
938 1242
938 1244
938 1502
938 1442
939 948
939 966
939 1240
939 1244
939 1242
939 1100
939 1320
939 1502
939 1442
940 948
940 966
940 1100
940 1240
940 1244
940 1242
940 1320
940 1442
941 948
941 966
941 1100
941 1240
941 1242
941 1244
941 1320
941 1502
941 1442
942 948
942 966
942 1100
942 1320
942 1240
942 1242
942 1244
942 1502
942 1442
943 966
943 1100
943 1244
943 1240
943 1242
943 1320
943 1502
943 1442
944 945
944 1779
944 1577
944 1719
945 1775
945 1779
945 1719
946 947
947 1038
947 2083
948 953
948 954
948 952
948 1072
948 1234
948 1100
948 1241
948 1244
948 1240
948 1502
948 1442
948 1320
948 976
948 1272
948 1253
948 1260
948 965
948 963
948 1539
948 1536
948 959
948 1623
948 1670
948 1684
948 1658
948 1685
950 951
951 1681
952 966
952 1100
952 1242
952 1244
952 1240
952 1442
952 1502
952 1156
953 966
953 1100
953 1244
953 1242
953 1240
953 1442
953 1320
953 1502
953 1156
954 966
954 1100
954 1242
954 1240
954 1502
954 1320
954 1442
954 1156
955 956
955 1333
955 1400
955 1159
957 1244
957 1320
957 1100
958 1244
958 1320
958 1100
959 1386
959 966
959 1100
960 961
960 2191
961 1046
961 1100
961 1781
961 1562
961 1734
961 1674
961 1694
961 1695
962 1244
962 1320
962 1100
963 966
963 1100
965 1386
966 1059
966 1100
966 1241
966 1234
966 976
966 1539
966 1623
966 1272
966 1253
966 1260
966 1304
968 969
969 1708
971 985
973 1419
973 1009
973 1664
974 1037
974 1153
974 1830
974 1916
974 1194
974 1193
974 1471
974 1221
974 1835
974 2053
974 1226
974 1882
975 1337
975 1339
975 1538
976 1386
976 1100
977 978
977 1070
977 1528
977 1529
977 1760
977 1239
977 1193
977 1027
977 1012
977 1921
977 1025
978 1070
978 1529
978 1528
978 1760
978 1239
978 1012
978 1894
978 1027
978 1921
978 1193
978 1025
980 981
981 1073
981 1450
981 1735
981 1841
982 983
984 1646
984 1767
986 1393
987 991
987 1585
987 1558
987 1643
987 1620
987 1574
987 1559
987 1642
988 989
988 1213
989 1034
989 1213
990 1147
990 1149
990 1135
991 1574
991 1559
991 1642
992 1010
992 1029
992 1015
992 1026
992 1011
992 1532
992 1888
992 1160
993 1296
993 1263
994 995
994 1101
994 1924
994 1763
994 1703
995 1101
995 1763
995 1982
995 2018
995 1424
995 2036
995 1948
995 1983
995 1043
995 1703
996 997
996 1899
996 1907
997 998
997 1000
997 1002
997 1016
997 1907
997 1147
997 1149
998 1907
998 1899
999 1054
1000 1899
1002 1907
1002 1899
1003 1004
1003 1141
1003 1262
1003 1540
1003 1580
1003 1828
1004 1158
1004 1372
1004 1632
1004 1633
1004 1864
1005 1006
1005 1870
1006 1047
1006 1035
1006 1052
1007 1008
1007 1116
1007 1117
1007 1946
1007 2064
1008 1116
1008 1946
1008 2064
1009 1122
1009 1063
1009 1343
1010 1015
1010 1026
1010 1029
1010 1532
1011 1532
1011 1275
1011 1439
1012 1025
1012 1760
1012 1070
1012 1967
1012 1941
1013 1014
1014 1036
1015 1224
1015 1532
1015 1275
1015 1439
1016 1149
1016 1907
1016 1147
1017 1018
1017 1405
1017 1181
1017 1192
1017 1214
1017 1201
1017 1248
1018 1405
1018 1248
1018 1181
1018 1192
1018 1214
1018 1201
1019 1619
1021 1022
1021 1321
1021 1941
1021 1967
1022 1321
1022 1941
1022 1967
1025 1760
1025 1070
1025 1193
1026 1532
1026 1275
1026 1439
1027 1070
1027 1193
1029 1532
1029 1275
1029 1439
1030 1147
1030 1149
1030 1907
1031 1032
1031 1202
1031 1272
1031 1253
1031 1260
1031 1304
1032 1272
1032 1253
1032 1260
1032 1304
1032 1602
1032 2145
1033 1050
1033 1066
1033 1441
1033 1192
1033 1153
1033 1214
1033 1154
1033 1201
1033 1255
1033 1680
1033 1482
1033 1909
1033 1911
1033 1264
1033 1166
1033 1609
1033 1165
1033 1542
1033 1248
1033 1914
1033 1125
1033 1296
1033 1174
1034 1213
1034 1657
1034 1349
1034 1849
1035 1571
1035 1185
1035 1634
1036 1463
1036 1437
1036 1422
1037 1543
1037 1546
1037 1146
1037 1539
1037 1536
1037 1623
1037 1389
1037 1781
1040 1041
1040 1056
1040 1254
1040 1587
1040 1652
1040 1193
1040 1889
1040 1950
1041 1042
1041 1056
1041 1155
1041 1162
1041 1254
1041 1542
1041 1609
1041 1587
1041 1622
1041 1652
1041 1496
1041 1691
1041 1444
1041 1466
1041 2037
1041 2057
1041 1193
1041 2071
1042 1056
1042 1254
1042 1652
1042 1889
1042 1950
1043 1982
1043 1979
1043 2018
1043 1980
1043 2036
1044 1045
1044 1171
1045 1531
1045 1876
1048 1614
1048 1274
1049 1056
1049 1254
1049 1652
1049 1193
1049 1889
1049 1950
1050 1656
1050 1153
1050 1154
1050 1582
1050 1453
1050 1248
1050 1296
1050 1125
1050 1492
1050 1716
1050 1426
1050 1264
1050 1482
1050 1704
1051 1696
1053 1054
1054 1195
1054 1295
1054 1457
1055 1104
1055 1482
1055 1483
1055 1130
1055 1152
1055 1796
1056 1155
1056 1162
1056 1254
1056 1218
1056 1193
1057 1058
1057 1064
1057 1065
1057 1098
1057 1143
1058 1065
1058 1064
1058 1098
1058 1143
1059 1100
1060 2072
1060 2099
1061 1062
1061 1243
1061 1445
1061 1414
1061 1466
1061 1444
1061 1492
1061 1716
1061 1465
1061 1415
1061 1099
1061 1501
1061 1417
1062 1243
1062 1417
1062 1445
1064 1065
1064 1098
1064 1143
1064 1671
1064 2174
1065 1098
1065 1143
1065 1671
1066 1453
1066 1153
1066 1154
1066 1582
1066 1656
1066 1296
1066 1125
1066 1263
1066 1704
1066 1264
1067 1071
1067 1140
1068 1069
1070 1760
1070 1529
1070 1528
1070 2283
1071 1140
1071 1392
1071 1360
1071 1475
1071 1326
1071 1739
1071 1086
1071 1711
1076 1732
1076 1537
1077 1349
1078 1206
1078 1170
1078 1323
1079 1080
1081 1109
1081 1308
1081 1446
1081 1123
1081 1300
1082 1083
1083 1092
1083 1096
1083 1097
1083 1995
1083 2011
1083 1969
1084 1085
1085 1555
1086 1712
1086 1827
1086 1854
1086 1997
1086 1805
1086 1667
1087 1277
1089 1090
1089 1495
1089 1763
1089 1703
1089 1856
1089 1651
1089 1130
1089 1146
1089 1701
1089 1829
1089 1887
1090 1495
1090 1703
1090 1763
1090 1291
1090 1315
1091 1745
1092 1969
1093 1277
1094 1277
1095 2269
1096 1969
1097 1969
1098 1143
1098 1671
1099 1414
1099 1537
1099 1445
1099 1626
1100 1103
1100 1121
1100 1113
1100 1120
1100 1536
1100 1539
1100 1355
1100 1234
1100 1241
1100 1623
1100 1272
1100 1894
1100 1781
1100 2017
1100 1260
1100 2043
1100 1921
1101 1905
1101 1763
1101 1955
1101 1703
1103 1553
1103 1560
1103 1494
1103 1871
1103 1493
1105 1373
1105 1389
1105 1152
1106 1107
1106 1414
1106 1490
1107 1414
1107 1324
1107 1490
1109 1123
1109 1212
1109 1124
1109 1308
1109 1300
1109 1446
1109 1576
1109 1581
1109 1167
1109 1352
1109 1530
1109 1517
1109 1692
1109 1237
1110 1111
1110 1112
1110 1290
1110 1803
1110 1677
1110 1846
1110 1678
1110 1259
1110 1315
1110 1301
1110 1359
1110 1202
1110 1291
1111 1112
1111 1290
1111 1677
1111 1678
1111 1803
1111 1846
1111 1301
1111 1334
1111 1259
1111 1359
1112 1290
1112 1803
1112 1677
1112 1678
1112 1846
1112 1334
1112 1301
1112 1259
1112 1359
1112 1315
1112 1202
1113 1494
1113 1493
1113 1871
1116 1826
1116 1193
1116 1160
1117 1448
1117 1255
1117 1668
1117 1193
1118 1220
1120 1494
1120 1705
1120 1707
1120 1673
1120 1771
1120 1773
1120 1493
1120 1871
1121 1494
1121 1493
1121 1871
1122 1297
1122 1505
1122 1336
1122 1969
1123 1124
1123 1308
1123 1300
1123 1167
1123 1530
1123 1446
1123 1237
1123 1576
1123 1212
1123 1581
1124 1308
1124 1530
1124 1300
1124 1167
1125 1480
1125 1163
1125 1477
1125 1478
1125 1479
1125 1161
1125 1160
1125 1676
1126 1178
1127 1128
1127 1246
1127 1247
1127 1266
1127 1245
1127 1175
1128 1246
1128 1266
1128 1245
1130 1587
1130 1176
1131 1132
1131 1139
1131 1138
1132 1138
1133 1134
1133 1472
1135 1353
1135 1335
1138 1139
1140 1326
1142 2083
1143 1671
1144 1145
1144 2166
1144 2083
1145 1171
1145 2166
1145 2083
1146 1459
1146 1426
1147 1311
1147 1974
1147 1928
1147 1991
1149 1311
1149 1974
1149 2027
1149 1928
1149 1991
1150 1354
1151 1156
1151 1168
1151 1294
1151 1346
1151 1345
1151 1363
1151 1732
1151 1275
1151 1899
1151 1963
1151 2045
1152 1389
1152 1373
1152 1912
1153 1264
1153 1453
1153 1301
1153 1334
1153 1296
1153 1221
1153 1359
1153 1263
1153 1226
1153 1194
1153 1664
1154 1264
1154 1359
1154 1334
1154 1453
1154 1296
1154 1664
1154 1221
1154 1263
1154 1194
1154 1226
1155 1252
1155 1254
1155 1587
1155 1871
1155 1494
1155 1193
1156 1168
1156 1294
1156 1893
1156 1899
1156 1240
1156 1242
1156 1244
1156 1162
1156 1976
1157 1588
1157 1880
1157 2244
1158 1469
1159 1193
1160 1161
1160 1163
1160 1301
1160 1888
1160 1676
1160 1334
1160 1359
1160 1623
1160 1539
1160 1248
1161 1676
1162 1261
1162 1252
1162 1254
1162 1494
1162 1193
1162 1871
1163 1676
1164 1165
1164 1166
1164 1186
1164 1319
1165 1186
1165 1602
1166 1186
1166 1319
1166 1602
1167 1237
1167 1300
1167 1352
1167 1517
1167 1429
1167 1721
1168 1294
1168 1498
1168 1577
1168 1925
1168 1899
1170 1657
1171 1190
1171 1310
1171 2166
1171 2242
1171 2083
1171 2243
1172 1173
1172 1655
1172 1732
1172 1496
1172 1691
1172 1244
1172 1710
1173 1315
1173 1301
1173 1334
1173 1359
1173 1732
1173 1710
1174 1186
1174 1319
1174 1602
1175 1821
1175 1843
1175 1246
1175 1245
1175 1247
1176 1932
1176 1933
1176 1699
1176 1934
1179 1764
1179 1736
1179 1303
1181 1187
1181 1274
1181 1552
1181 1537
1181 1890
1181 1622
1181 1326
1181 1542
1181 1360
1181 1612
1182 1275
1182 1905
1182 1955
1182 2030
1182 1743
1183 1184
1183 1205
1183 1301
1183 1259
1184 1205
1184 1830
1184 1652
1184 1835
1185 1512
1185 1751
1186 1319
1186 1833
1186 1492
1186 1716
1187 1552
1187 1360
1187 1326
1187 1990
1187 1612
1188 1189
1188 2244
1191 1192
1191 1201
1191 1207
1191 1214
1191 1248
1191 1330
1191 1905
1191 1395
1191 1606
1191 1987
1191 1696
1191 1994
1191 1301
1191 1955
1191 1985
1191 2003
1191 1951
1191 1316
1191 1958
1191 1334
1191 2030
1191 1325
1191 2049
1191 1359
1191 1559
1191 1926
1191 1915
1191 1328
1191 1704
1191 1288
1192 1441
1192 1207
1192 1704
1192 1286
1192 1330
1192 1564
1192 1912
1192 1696
1192 1606
1192 2013
1192 2019
1192 1906
1193 1194
1193 1221
1193 1226
1193 1239
1193 1336
1193 1894
1193 1854
1193 1939
1193 1966
1193 1587
1193 1392
1193 2033
1193 1238
1193 1254
1193 1779
1193 2039
1193 1921
1193 1775
1193 1309
1193 1989
1193 2026
1194 1419
1194 1440
1194 1724
1194 1723
1197 1198
1197 1222
1197 1572
1198 1223
1198 1710
1199 1200
1200 1281
1201 1207
1201 1441
1201 1704
1201 1286
1201 1330
1201 1564
1201 1912
1201 1696
1201 2013
1202 1272
1202 1260
1202 1304
1203 1204
1203 1443
1206 1322
1207 1283
1207 1248
1207 1334
1207 1359
1207 1214
1207 1796
1207 1911
1207 1909
1207 1330
1207 1381
1207 1914
1207 1628
1207 1704
1208 1470
1208 1267
1209 1647
1210 1211
1211 1990
1211 2010
1211 1954
1212 1692
1213 1281
1214 1441
1214 1704
1214 1286
1214 1330
1214 1564
1214 2019
1214 1906
1214 1606
1214 1696
1214 1912
1214 2013
1216 1217
1216 1743
1216 1471
1216 1398
1217 1471
1217 1398
1218 1219
1220 1416
1220 1468
1220 1670
1221 1440
1221 1419
1221 1724
1221 2227
1222 1223
1223 1572
1224 1225
1224 1464
1224 1506
1224 1550
1224 1608
1224 1645
1224 1687
1224 1710
1224 1718
1224 1738
1224 1784
1224 1809
1224 1817
1224 1839
1224 1293
1225 2180
1225 2123
1225 2124
1226 1336
1226 1419
1226 1239
1226 1723
1226 1724
1227 1847
1232 1233
1232 1285
1232 1302
1232 1306
1234 1241
1236 1401
1237 1352
1237 1300
1237 1517
1238 1239
1238 1974
1238 1948
1239 1309
1239 1916
1239 1947
1239 1921
1239 1974
1239 2053
1240 1244
1240 1320
1240 1502
1240 1658
1240 1242
1242 1244
1242 1320
1242 1502
1242 1442
1242 1670
1242 1658
1243 1414
1243 1445
1243 1466
1243 1444
1243 1716
1243 1492
1243 1490
1244 1320
1244 1502
1244 1442
1244 1670
1244 1659
1244 1690
1245 1246
1245 1247
1246 1266
1247 1266
1248 1582
1248 1606
1248 1564
1248 1360
1248 1912
1248 1326
1248 1286
1248 1330
1248 2279
1248 2153
1249 1378
1250 1251
1250 1617
1250 1541
1250 1737
1250 1292
1251 1541
1251 2175
1252 1260
1252 1272
1252 1304
1252 1494
1252 1871
1253 1261
1253 1871
1254 1587
1254 1622
1254 1496
1254 1609
1254 1691
1254 1542
1254 1572
1255 1256
1255 1276
1255 1439
1255 1425
1255 1453
1255 1656
1255 1424
1256 1439
1256 1656
1256 1424
1258 1259
1258 1291
1258 1301
1258 1315
1258 1334
1258 1359
1259 1410
1259 1655
1259 1621
1259 1424
1259 1899
1259 1467
1259 1686
1259 1678
1260 1261
1260 1494
1260 1871
1261 1272
1261 1304
1261 1494
1261 1871
1262 1271
1263 1264
1263 1935
1263 1321
1263 2025
1263 1743
1263 1453
1263 1402
1263 1874
1264 1296
1264 1962
1264 2052
1264 1321
1264 2069
1264 1696
1264 1453
1264 1664
1264 1880
1265 1439
1265 1656
1265 1424
1267 1268
1267 1369
1267 1358
1268 1282
1269 1270
1270 2172
1270 2136
1270 2240
1271 1387
1272 1494
1272 1871
1272 1273
1273 1303
1273 1602
1273 1910
1273 1748
1273 1757
1273 1977
1273 2001
1273 1885
1273 1730
1273 1522
1273 1304
1274 1552
1274 1612
1274 1537
1274 1334
1274 1360
1274 1326
1274 1301
1274 1895
1274 1359
1274 1282
1274 1351
1276 1439
1276 1424
1276 2086
1276 2098
1277 2015
1277 1353
1277 1335
1279 1280
1279 1324
1279 1985
1279 1987
1279 1994
1279 1929
1279 1951
1279 1926
1282 1324
1282 1844
1282 1725
1282 1971
1282 2020
1282 2024
1283 1381
1283 1628
1285 1379
1286 1287
1286 1301
1286 1359
1286 1334
1288 1441
1288 1912
1289 1290
1290 1678
1291 1410
1291 1899
1291 1467
1291 1621
1291 1655
1291 1686
1291 1424
1291 1664
1291 1678
1292 1418
1292 1650
1294 1417
1294 1719
1294 1664
1296 1935
1296 1321
1296 2025
1296 1743
1296 1453
1296 1402
1296 1874
1297 1505
1297 1969
1298 1307
1299 1883
1300 1308
1300 1352
1300 1721
1300 1517
1300 1429
1300 1530
1301 1410
1301 1424
1301 1651
1301 1701
1301 1698
1301 1493
1301 1833
1301 1900
1301 1750
1301 1655
1301 1965
1301 1840
1301 1602
1301 1555
1301 1678
1301 1621
1301 1664
1301 1405
1301 1913
1301 1899
1301 1467
1301 1958
1301 1881
1301 1686
1301 1852
1301 2045
1301 1915
1301 1722
1301 2188
1303 1602
1304 1494
1304 1871
1308 1530
1308 1446
1309 1948
1310 1871
1310 2166
1310 2242
1310 2083
1310 2243
1311 1312
1311 1998
1313 1858
1313 2151
1314 1447
1315 1410
1315 1621
1315 1899
1315 1467
1315 1678
1315 1686
1315 1424
1315 1655
1316 1912
1317 1523
1317 1769
1317 1786
1317 1602
1320 1442
1320 1502
1320 1658
1320 1670
1321 1532
1322 1323
1322 1331
1323 1368
1324 1325
1324 1351
1324 1395
1324 1602
1324 1987
1324 1703
1324 1994
1324 1951
1324 1985
1324 1763
1325 1958
1325 1915
1326 1327
1326 1537
1326 1823
1326 1889
1326 1552
1326 1950
1327 1360
1327 1686
1327 1823
1328 1329
1328 1340
1328 1356
1328 1330
1330 1370
1330 1986
1330 2012
1330 2059
1331 1332
1334 1424
1334 1410
1334 1651
1334 1698
1334 1701
1334 1493
1334 1602
1334 1900
1334 1852
1334 1750
1334 1840
1334 1405
1334 1913
1334 1915
1334 1555
1334 1965
1334 1678
1334 1963
1334 1833
1334 1471
1334 2045
1334 1722
1335 1912
1336 1505
1336 1440
1336 1419
1336 1543
1336 1525
1336 1546
1336 1583
1336 1561
1336 1965
1336 1969
1336 1398
1336 1913
1336 1723
1336 1724
1341 1342
1342 2083
1345 1346
1346 1363
1349 1350
1351 1564
1351 1725
1351 1844
1351 2024
1352 1429
1352 1517
1353 1912
1357 1358
1359 1410
1359 1424
1359 1651
1359 1493
1359 1701
1359 1965
1359 1750
1359 1900
1359 1722
1359 1840
1359 1405
1359 1913
1359 2045
1359 1555
1359 1678
1359 1958
1359 1833
1359 1471
1359 1852
1360 1537
1360 1823
1360 1889
1360 1552
1360 1950
1361 1362
1362 1641
1363 2244
1365 1366
1365 1528
1365 1529
1365 1559
1365 1728
1366 1763
1366 1703
1367 1368
1369 1371
1373 1389
1374 1481
1374 1621
1374 1488
1374 1487
1374 1736
1374 1504
1374 1764
1375 1556
1376 1481
1376 1488
1376 1736
1376 1504
1378 1850
1378 1496
1378 1691
1380 1381
1382 1383
1382 1565
1382 2008
1384 1385
1387 1388
1389 1639
1389 1640
1389 1543
1389 1546
1389 1583
1389 1539
1389 1623
1389 1536
1389 1625
1391 1529
1391 1528
1391 1559
1391 1728
1392 1667
1392 1696
1392 1854
1392 1801
1392 1872
1392 1970
1392 1972
1392 1975
1392 1706
1392 1781
1393 2211
1395 1958
1395 1915
1398 1399
1398 1743
1398 1543
1398 1546
1398 1583
1402 1403
1402 1455
1402 1484
1402 1664
1407 1490
1407 1992
1407 1775
1410 1521
1410 1674
1410 1694
1410 1695
1410 1734
1411 1586
1414 1415
1414 1465
1414 1501
1414 1445
1414 1444
1414 1466
1414 1996
1414 2040
1414 2041
1414 2070
1415 1445
1415 1626
1418 1650
1419 1475
1419 1561
1419 1525
1419 1510
1419 1961
1420 1421
1422 1423
1422 1437
1422 1498
1422 1577
1422 1930
1423 1463
1423 1437
1423 1498
1424 1439
1424 2018
1424 1878
1424 2036
1424 1982
1424 1574
1424 1979
1424 1980
1425 1448
1425 1627
1425 1668
1426 1427
1426 1805
1427 1459
1429 1517
1429 1721
1431 1432
1431 1507
1431 2026
1435 1436
1437 1463
1437 1689
1437 1837
1437 1918
1438 1526
1439 1724
1440 1525
1440 1561
1440 1961
1440 1510
1441 1807
1441 1957
1441 1959
1441 1999
1441 2146
1441 1594
1441 2147
1441 2270
1442 1670
1444 1445
1445 1466
1445 1465
1445 1501
1445 1670
1445 1658
1445 2249
1446 1576
1448 1627
1448 1668
1451 1452
1454 1661
1454 2129
1454 2254
1454 2255
1454 1761
1454 2256
1459 1460
1459 1805
1461 1462
1461 1631
1462 1508
1463 1498
1463 1577
1463 1930
1465 1537
1465 1626
1467 1823
1467 1916
1467 1947
1467 2053
1471 1939
1471 1966
1471 1614
1471 1724
1471 2033
1471 2039
1471 1723
1475 1886
1475 1903
1475 2102
1476 1477
1476 1478
1476 1479
1477 2244
1477 1710
1481 1487
1481 1504
1481 1488
1481 1736
1481 1764
1481 1621
1482 1524
1485 1486
1485 2166
1486 2166
1487 1488
1487 1504
1487 1621
1487 1764
1487 1736
1488 1621
1488 2016
1488 1764
1488 1736
1490 1491
1490 1730
1490 1748
1490 1750
1490 1757
1490 1885
1490 2022
1492 1656
1493 1494
1493 1830
1493 1835
1493 1816
1493 1882
1493 1987
1493 1985
1493 1994
1493 1934
1493 1951
1493 1871
1494 1816
1494 1871
1494 1835
1494 1882
1495 1703
1495 1763
1495 1951
1495 1987
1495 1985
1495 1994
1496 1690
1496 1622
1496 1659
1496 1609
1496 1542
1496 2031
1496 2050
1498 1630
1498 1577
1498 1638
1498 1844
1498 1725
1499 2244
1501 1626
1502 1670
1502 1658
1503 1514
1503 1516
1503 1515
1503 1648
1503 1808
1504 2016
1504 1764
1504 1736
1505 1941
1505 1967
1508 1776
1509 1626
1509 1625
1514 1516
1514 1515
1514 1648
1514 1808
1515 1516
1515 1648
1515 1808
1516 1648
1516 1808
1516 2081
1516 2082
1519 1520
1519 1649
1520 1649
1523 1786
1523 1769
1523 1993
1525 2065
1528 1724
1528 1921
1528 1894
1528 1723
1529 1894
1529 1724
1529 1921
1529 1723
1534 1535
1534 2244
1534 1710
1536 1656
1537 1552
1539 1656
1539 2213
1541 1617
1542 1691
1542 2173
1543 1931
1543 1606
1544 1545
1544 1568
1544 1801
1544 1862
1544 1802
1545 1801
1545 1802
1545 1862
1546 1931
1546 1606
1547 1548
1550 2163
1550 2143
1555 1572
1555 1836
1555 1758
1555 1928
1555 1765
1555 1741
1555 2262
1558 1559
1558 1655
1559 1574
1559 1585
1559 1620
1559 1642
1559 1643
1561 2065
1562 1563
1562 1734
1562 1674
1562 1694
1562 1695
1564 1696
1564 1892
1564 1894
1564 1795
1564 1917
1564 1921
1564 2055
1566 1567
1566 2212
1568 1801
1568 1802
1568 1862
1574 1895
1575 1607
1576 1581
1577 1820
1577 1774
1583 1931
1585 1655
1587 1944
1589 1931
1596 1597
1596 1598
1596 1599
1596 1600
1596 1601
1596 1805
1596 1968
1596 2066
1597 1600
1597 1938
1597 2007
1597 1699
1598 1600
1598 2007
1598 1699
1599 1600
1599 1938
1599 2007
1599 1699
1600 1601
1601 1938
1602 1603
1602 1833
1602 1886
1602 1916
1602 1947
1602 1903
1602 1978
1602 2053
1605 1606
1606 1854
1606 1667
1606 1664
1606 2049
1607 1731
1607 1879
1609 1691
1609 2173
1610 2310
1612 1895
1613 1682
1613 2197
1620 1655
1621 1840
1621 1764
1621 1736
1622 2173
1625 1626
1626 1958
1631 2369
1631 2370
1631 2102
1631 2186
1634 1635
1634 1875
1642 1895
1643 1655
1644 1753
1644 1797
1644 2105
1646 1732
1646 2122
1646 1737
1648 1808
1651 1830
1651 1835
1652 1835
1652 1882
1652 1830
1655 1659
1655 1690
1656 1716
1659 1732
1659 1691
1661 1662
1664 1880
1664 2056
1667 1739
1667 1712
1667 1827
1667 1711
1670 1984
1670 2051
1673 1705
1673 1771
1673 1707
1673 1773
1674 1696
1675 2229
1676 1750
1676 1901
1676 1943
1676 1694
1676 1695
1676 2068
1678 1803
1681 1857
1683 1685
1684 1785
1685 1785
1686 1840
1686 2021
1686 1722
1688 1732
1689 1837
1690 1732
1691 2044
1691 2050
1691 2031
1693 1747
1693 1869
1694 1696
1695 1696
1695 2029
1696 1788
1696 1782
1696 1960
1696 2002
1696 1781
1696 1734
1697 2145
1699 1700
1699 1820
1699 1950
1699 1889
1701 1830
1701 1835
1701 1882
1702 1703
1703 1723
1703 1724
1704 2019
1704 2013
1705 1707
1705 1771
1706 1988
1706 1781
1706 2000
1706 1947
1706 2053
1707 1771
1707 1773
1710 2111
1710 2138
1710 2244
1710 2251
1710 2299
1710 2312
1710 2313
1710 2314
1710 2315
1710 2294
1710 2316
1710 1893
1710 2317
1710 2318
1710 2319
1710 2320
1710 2321
1710 2327
1710 2330
1710 2333
1711 1712
1711 1827
1711 1854
1711 1997
1711 1805
1712 1739
1712 1854
1713 1714
1714 1899
1714 1898
1714 1897
1716 1938
1719 1774
1722 1723
1722 1724
1722 1946
1723 1840
1723 1763
1724 1840
1724 1763
1726 1770
1728 1729
1729 1733
1732 1999
1732 1957
1732 1891
1732 1900
1732 2215
1734 2029
1739 1827
1739 1854
1739 1997
1739 1805
1741 1742
1742 1758
1742 1765
1742 1836
1743 1931
1744 1745
1747 1869
1750 1901
1750 1943
1750 2022
1771 1773
1774 1775
1774 1779
1780 2364
1780 2251
1781 1782
1781 2003
1781 1872
1781 2010
1781 1954
1791 1792
1794 1795
1796 1890
1796 1909
1796 1911
1796 1914
1799 1800
1800 2082
1801 1802
1801 1805
1801 1862
1802 1805
1805 1862
1805 1981
1805 1995
1805 2011
1814 1815
1815 2166
1823 1826
1823 1889
1823 1950
1827 1854
1833 2055
1841 2371
1849 1852
1867 2209
1867 2330
1872 1988
1872 2053
1872 1916
1872 1947
1873 1874
1874 1936
1874 1937
1878 1880
1878 1982
1878 2018
1878 2020
1878 2036
1878 2244
1878 2054
1879 1925
1886 1887
1893 1974
1893 2244
1896 1897
1896 1899
1897 2046
1897 2047
1898 2046
1898 2047
1899 2046
1901 1902
1901 1904
1902 1943
1905 1906
1906 2030
1906 1955
1906 2044
1909 1912
1912 1914
1915 1991
1916 1926
1916 1929
1916 1947
1916 2053
1918 1919
1918 1920
1919 2028
1920 2028
1922 1923
1923 2048
1926 2053
1927 2014
1927 2063
1928 1993
1929 1947
1929 2053
1935 1936
1935 1937
1935 1993
1936 2025
1937 2025
1939 1940
1940 1966
1940 2039
1941 1942
1941 1945
1942 1967
1944 1967
1944 2246
1945 1967
1948 2036
1949 1971
1954 1964
1958 2054
1958 1991
1959 2006
1959 2034
1959 2035
1959 2005
1959 2004
1964 2010
1964 1990
1971 1973
1974 1976
1974 1978
1974 1980
1982 1983
1983 2018
1993 2025
2001 2083
2003 2004
2003 2005
2003 2006
2014 2062
2024 2065
2046 2083
2049 2089
2049 2230
2062 2063
2073 2074
2074 2102
2075 2076
2075 2136
2076 2136
2076 2163
2081 2082
2082 2362
2083 2190
2083 2293
2083 2302
2083 2301
2083 2117
2083 2118
2083 2334
2083 2335
2083 2336
2083 2206
2083 2337
2083 2339
2083 2340
2083 2112
2083 2341
2083 2311
2083 2342
2083 2125
2083 2127
2083 2343
2083 2306
2083 2135
2083 2372
2084 2085
2084 2163
2085 2358
2087 2088
2088 2177
2088 2263
2088 2325
2091 2092
2095 2137
2095 2102
2097 2134
2097 2359
2102 2212
2102 2107
2102 2328
2103 2104
2103 2121
2103 2257
2105 2136
2105 2124
2105 2373
2105 2355
2105 2374
2105 2123
2105 2135
2109 2136
2109 2260
2109 2171
2121 2148
2121 2257
2124 2166
2125 2164
2136 2260
2136 2300
2139 2208
2141 2142
2142 2207
2143 2144
2143 2182
2144 2182
2146 2232
2149 2150
2149 2271
2150 2171
2151 2152
2155 2207
2156 2157
2156 2158
2156 2176
2156 2292
2156 2307
2161 2162
2162 2186
2162 2187
2163 2171
2165 2166
2166 2241
2166 2263
2166 2177
2166 2222
2166 2206
2166 2280
2166 2281
2166 2282
2166 2285
2166 2323
2166 2325
2168 2238
2171 2261
2171 2271
2174 2175
2177 2322
2183 2238
2187 2223
2192 2193
2193 2265
2196 2207
2196 2247
2198 2246
2200 2224
2201 2202
2201 2203
2204 2205
2204 2206
2207 2209
2219 2220
2219 2221
2220 2241
2241 2242
2241 2243
2244 2245
2244 2294
2244 2295
2244 2368
2247 2248
2250 2251
2257 2259
2258 2259
2259 2371
2265 2266
2283 2284
2308 2309
2308 2328
2322 2325
