#C:\Anaconda3\lib\site-packages\ipykernel_launcher.py -f C:\Users\CRM\AppData\Roaming\jupyter\runtime\kernel-c928d1b2-22d6-4b12-84cc-8c5e05def514.json
# GMT Fri Apr 12 11:55:56 2019
# 
0 1 98 295 130 287 308 52 383 154 100 266 477 25 94 49 78 91 387 50 110 75 244 57 48 51 301 495 663 743 373 141 341 525 467 155 662 401
1 78 98 308 52 49 383 392 100 244 130 262 3 149 51 152 387 242 301 2 477 69 461 94 264 57 50 110 142 48 380 99 266 743 25 779 141 373 748 341 287 312 662 385 165 1560 467 155 401 525 861 1103 679 1553 1675 663 487 533 288
2 3 242 21 308 613 98 719 154 383 748 438 387 101 642 100 130 477 295
3 21 242 308 98 613 477 719 154 642 383 620 748 438 295 100 387 101 385 807 130 392
4 5 312 1212 687 173 468 1123
5 291 312 108 1109 468 1123 97 1124 1308 1692 419 733 1530 1300 116
6 7 243 268 292 306 873 310 1137 1026 1015 1011 1029 1732
7 306 310 292 268 979 1035 1137 243 975 1231 1029 1015 1011 1026 1318 1759
8 9 20 143 144 974 1037 1154 1153 1916 1947 1835 1193 1830 1882 1471 2053 1226
9 20 217 144 974 1153 1154 1191
10 11 58 241 263 55 12 56 280 267 309 53 13 509 409 469 599 459 562 353 218 143 718 830 494 320 795 563 151 313 460 366
11 56 12 267 13 55 54 280 53
12 13 280 54 263 55 267 56 313 53 58 309 26 409 599 718 1108 460
13 54 56 263 55 280 267 58 26 309 53 599 409 1108 313 378 460
14 15 329 73 187 964
15
16 17 1228 1204 2139 1548 2140
17 2139 2183 2184 2168 2185
18 19 95
19 95 336 595 320 516 1555 1223 540 1084
20 217 247 273 272 305 298 416 666 1037 974 1546 1583 1543
21 242 308 98 542 613 392 477 154 719 295 383 130 100 807 301 642 101 387 748 438 94
22 23 140 46 610
23 46 140
24 25 65 288 167 75 91 375 168 723 52 349 597 269 634 544 358 1167 287 1520 1300 1519 636
25 65 353 427 75 287 288 91 52 544 168 341 320 167 319 723 155 715 375 349 597 634 1300 650
26 58 241 267 55 54 56 280 53 309 599 718 970 1108 313 1637 378 459
27 28 39 90 523 66 674 917 64 206 1413 204 194 185 111 174 190 936 189 932 935 923 966 257 922 948 182 931 203 175 176 191 179 243 67 205 222 1732 779
28 90 257 523 959 965 520 534 234 976 963 197 422 198 45 40 41 44 64 918 1386 921 940 954 203 937 939 926 188 183 925 931 185 111 943 190 517 1278 180 182 186 184 957 948 932 958 962 941 79 953 189 922 934 181 1822 175 204 191 942 935 923 966 177 984 194 179 938 178 933 924 927 212 628 913 1120 911 1100 67 916 912 1103 1113 222 1121
29 30 47 62 61 367 967 1009 1052 1611 1088
30 47 62 61 375 367 406 1006
31 32 294 307 59 394 60 368 1575 320 1577 1526 296 678 1444 648 1879 661 677 471 1466 1555
32 60 294 296 307 394 1438 393 368 1575 320 1526 59 1607 678 1879 648 661 471
33 34 568 582 671 684 793 837 844 857 883 887
34 582 887 557 2247 2196
35 162 606 163 607
36 162 163
37 38 774
38 774
39 40 44 45 257 66 67 412 334 484 90 569 643 156 902 917 918 274 920 921 462 1413 321 463 523 1437 482 1837 1848
40 67 45 482 569 66 243 412 334 800 198 917 64 1413 206 203 936 174 185 111 190 517 182 176 321 932 922 923 966 1196 931 175 191 194 179 1732 1100 90 205
41 67 412 45 484 66 243 156 658 569 250 198 274 917 64 1413 463 462 1196 204 206 176 922 174 111 936 182 191 190 932 179 189 194 1848 203 935 948 517 175 923 931 185 90 1100 205 1732 222
42 43 114 337 374 115
43 337 335 114 374 115
44 67 45 484 66 156 482 658 250 569 485 198 274 917 64 1196 462 206 1413 463 204 203 174 185 111 190 517 948 189 182 932 175 176 923 931 966 1848 194 179 936 222 1100
45 67 482 409 469 334 514 643 702 313 542 250 52 412 198 274 64 206 1413 203 190 321 578 189 194 948 517 175 923 931 185 922 1196 191 667 179 935 966 111 174 936 90 1100 205
46
47 62 61 375 367 406
48 49 68 70 99 91 157 50 57 51 52 79 264 262 266 75 80 149 94 350 422 69 488 404 597 341 142 308 631 553 598 807 588 74 455 1411 1344 651 840 83 96 471 511 470 461
49 57 69 74 75 83 91 70 99 152 157 52 244 51 262 149 264 50 79 287 98 380 301 485 308 511 516 470 341 455 544 295 588 154 94 488 80 145 507 96 155 639 350 165 461
50 52 68 98 244 264 57 79 262 301 70 94 149 350 380 74 495 80 152 91 83 234 142 75 631 553 651 507 527 461 488 597 295 404 501 825 157 807 455 1344 840 1586 96
51 98 52 57 244 262 266 301 264 74 350 83 80 94 149 75 380 404 91 470 471 68 341 308 422 142 527 507 287 588 789 849 598 1344 511 99 461 455
52 262 301 57 266 264 75 350 69 74 149 83 91 422 287 152 341 295 98 507 553 527 308 404 328 288 509 78 155 588 1344 471 461 470 68 70 455 99 511 1411
53 54 267 280 263 241 56 309 460 171 313 378 1095 119
54 241 56 55 280 263 267 58 309 599 409 144 353 562 1108 378 460 2269
55 267 280 241 263 313 58 309 599 409 718 1108 378
56 241 280 263 58 267 309 599 144 353 409 1108 313 378 460
57 94 91 244 262 264 266 301 79 69 74 75 98 149 80 380 350 404 99 83 341 461 471 70 470 527 68 507 553 488 96 588 422 142 145 631 525 157 695 597 789 1344 511
58 280 241 263 309 599 409 1108 378 460
59 60 296 307 294 1575 1607 1526 1438 320 393 368 471 1879 677 648 661 678
60 294 307 394 296 1438 368 1526 320 1575 1577 1444 1555 471 1466 677 648 678
61 62 367 375 406 1440 1419 1900 1886 1071 1903 409
62 375 367 406 1419 1440 1886 1900 409 1071
63 64 694 1646 1448 234 1958 1915
64 234 976 534 959 197 965 963 198 257 274 920 917 921 918 1453 2009 953 613 954 2042 2060
65 353 597 287 737 797 341 375 349 650 2194
66 67 90 321 334 412 484 569 156 1125 1304 1252 1260 112 1272 1261 421 916 911 212 1103 1162 1155 1113 1120 913 209 1196 1121 1161 1480 266 1478 1479 1477 1163 1494 1656 801 681 1493 1871
67 156 321 334 412 482 569 542 911 912 916 209 212 913 205 517 948 183 177 936 188 941 194 174 934 175 185 111 924 943 927 939 926 191 180 938 186 925 182 189 933 923 922 179 932 942 178 190 937 176 940 184 203 966 222 954 953 952 204 206 1100 1072 1059 1260 112 1253 1304 1196 68 1234 1261 1252 463 918 1155 462 1536 1162 891 917 1623 920 921 1539 1494 1848 1830 234 963 197 976 257 534 959 965 1871 1835 422 520 1493 1882
68 70 145 244 79 96 512 94 631 149 597 91 69 341 948 517 222 205 90 936 922 111 203 932 189 174 206 194 175 923 931 455 185 204 176 182 191 651 190 966 1411 1100 80 840 1586 917
69 91 244 262 75 266 295 83 301 341 78 74 627 157 461 287 79
70 99 244 80 597 341 631 91 760 785 515 152 558 511 695 491 75 173 455 1411 264 1586 840 422 262 149 74 380
71 72 1414 646 1424 1523
72 612 320 589 914 1424 1414 646 1523
73
74 75 91 244 301 266 83 404 341 154 157 98 295 380 1344 79 471 461 94 455 511 99 350
75 91 94 244 79 301 98 266 470 380 264 80 155 288 165 544 149 404 96 455 758 507 588 110 154 1344 262 83 511 350
76 77 424 1048 1129 1471
77 1614 363 1274
78 287 98 341 670 154 495 155 639 295
79 80 244 262 264 301 350 266 96 404 488 553 598 527 175 932 205 222 1244 455 1320 840 1411 99 1344 149 511 380 461 471 91 1100 1586 83 341 198
80 94 244 262 350 264 266 301 149 96 488 553 527 598 404 99 1411 1344 380
81 82 564 353 657 370
82 370 371 806 1232 1233 1285 1302 1306
83 91 266 295 264 287 262 98 301 461 341 380 244 152 145 588 525 639 516 1344
84 85 113 135 153 164 732 1024 834
85 97 135 113 153 164 732
86 87 125 584 136 513 2296 2173 2297 646 1436
87 798 620
88 139 452 453 2001 2083 698 696
89 452 453 139
90 257 523 583 674 209 913 912 916 212 911 205 517 183 181 934 942 932 935 923 177 927 174 175 931 194 111 936 926 180 189 178 182 924 179 925 940 176 943 922 184 937 933 190 188 939 966 222 203 952 954 953 206 204 1100 863 1253 1260 421 1272 112 1304 1234 1241 1252 1261 321 1155 918 1536 891 1162 1623 920 921 1539 1689 1437 1837 1494 1830 234 963 197 976 534 959 198 965 1871 1835 422 520 1493 1882
91 94 137 98 341 295 149 262 244 287 301 385 308 499 585 155 623 154 145 288 96 507 461 639 516 471 392 266 319 511 521 1344 1819
92 93 173 265 975 1859
93
94 152 301 244 266 350 262 98 295 461 99 455 553 154 308 96 488 401 527 149 487 130 861 499 392 404 341 1344 511
95 336
96 173 149 695 840 244 264 1586 1411 99
97 608 636 682 135 687 495 732 1109 291 1212
98 308 341 383 392 154 385 266 100 155 301 525 101 542 387 244 262 110 373 141 137 776 639 748 529 495 662 1103 1560 401 1553 679 467 861 372 487
99 244 264 262 301 597 350 631 152 598 341 461 266 455 1411 149 422 380
100 101 130 141 295 383 387 308 477 110 242 748 743 765 661 662 341 392 467 525 1103 1560 385 154 1553 679 372 487 861
101 110 387 383 401 308 295 130 487 141 477 533 743 242 765 748 735 341 392 662 467
102 103 165 315 166 1102 1209 1647
103 165 315 1102 1209
104 105 318 1057 1058 1064 1065 1098 1143 343 283 328 138 342 398 127
105 138 398 318 1058 1057
106 107
107 518 319 320 1759 2073 1532 2074
108 109 468 1308 762 1124 687 1109 1530 338 312 1300 291 2199
109 468 687 1530 1300 1124 349 1109 1308 2199 2200
110 130 383 387 295 141 401 487 154 516 743 626 477 1509 467
111 112 180 184 188 189 209 204 205 274 925 176 923 926 175 186 181 937 939 177 938 940 936 185 932 934 948 517 941 933 943 942 190 182 194 927 922 183 931 935 179 191 912 913 916 911 966 203 212 222 1072 863 1059 1100 1240 1242 1244 448 1320 1234 918 921 1241 917 1442 1502 976 1253 1623 1260 1272 965 422 234 166 1670 1539 1658 198 534 959 421 257 520 197 287 1156
112 491 179 189 558 579 730 703 321 1252 204 1673 194 935 948 517 923 931 185 936 209 891 1705 174 1120 1771 182 175 1773 191 274 515 932 922 1494 1031 205 351 1871 966 1032 222 1100 203
113 135 153 732 164 121 120 983 2102
114 337 374
115 337 335 374 2079 574 2101 2106 2132 2133 1701 2131 744 768 738 2115 2046 2136 2125 2118 2127 2274 2286 698 2001 759 2119 2120 158 2326 2107 239 1011 2108 761 2129 2255 2365 2135 2126 2123
116 117 338 506 238 1123 261 1446 495 237 1124 1308 1081 1581 291 1749 349 468 1576 312 1300 687 2268
117 338 506 1109 1446 237 238 261 495
118 119 159 478 535 1476
119 478 535 557 159 2090 320 241 2164 2231 1292 2269 698 2251 2300 2301 2329
120 121 501 699 892 565 449 436 878 877
121 164 699 892 987 1346 850 1574 1559
122 123
123 148 828 385
124 125 513 136 1396 2258
125 136 513 584 866
126 685 847 723 1834 1851
127 847 138
128 129 259 384 293 673 707 314 1418 710 1292 605
129 227 384 293 420 673 314 2081 1800
130 295 392 401 383 308 387 487 373 765 242 735 799 748 743 141 662 341 1553 679 372 861 525 467 1103 1560 385
131 132
132 2299 688 868
133 158 570 571 245 2097
134 158 454 570 245 2097
135 153 419 164 682 732
136 513 584 1397 1610 449 414 2233 2258
137 385 526 521 490 501 287 341 865 155
138 318 1578 1793 398
139 453 452 231 2083
140
141 387 308 383 525 743 477
142 149 264 308 731 244 598 266
143 144 413 476 311 409 151 700 253 469 509 1146 516 961 1177 1459 1176 1943 1956 1750 1695 1901 1301 1334 1562 1734 1259 1382 1359 1291 1315 1674 1694 974
144 353 151 469 409 700 589 459 1062 1061 864 1417 1243 1445
145 152 654 2058 2061 2078
146 147 483 855 871 2253 160 2150 2261
147 853 160 2171
148
149 244 264 262 266 301 380 152 516 597 404 350 588 154 527 870 507 1411 455
150 151 600 604 1353 1335 2000 1424 1988 1135
151 469 409 627 241 509 625 374 514 542 840 1335 1353 546 2000 604 1988 1424 600 1135
152 461 264 244 262 380 266 507 455 301
153 682 732
154 155 401 295 341 372 663 495 626 308 487 516 301 287 373 242 385 392 477 1553 861 1103 1560 662 383
155 287 341 295 776 639 1355 1100 1560 662 1553 861 385 1103 467 679 383 533 2017
156 851 334 412 1266 1127 1128 1246 1175 1247 1245
157 892 1346 316 1151 288
158 454 374 245 2097
159 1052
160 161 444 443 759 465 738 483 2226 855 2150 846 2149 2261 2229 2271
161 759 444 698
162 755
163 606 607 544 2155
164 699
165 166 315 864 738 1209 288 1647
166 315 923 1320 185 174 190 936 932 176 1244 175 194 333 1242 1240 448 182 922 935 191 948 189 931 517 1502 1442 179 1445 1670
167 168 427 723
168
169 170 1458 1497 1549 1286 1636 1654 1697 1756 1768 1777 1622 1811 1818 476 1596 1928 536 1805
170 476 1596 1089 536 1805 1928
171 172 405 366 378 381 365 434 494 504 708 611
172
173 229 547 904 907 986 999 968 1034 1044 415 1213 1215 787 1035 915 1006 1322 317 730 259 888 1200 1825 1855
174 175 333 520 924 181 176 180 923 926 925 939 177 184 185 936 940 938 933 932 517 941 948 188 942 943 934 190 954 182 952 953 189 194 927 922 183 931 935 179 191 178 203 912 916 209 911 212 206 204 205 222 863 1059 1100 1240 1242 1244 1320 921 1234 274 920 918 1241 917 1442 1502 976 1253 1623 1260 965 422 1304 963 1658 1536 198 534 959 1272 421 257 197 1670 234 287 1156
175 520 181 180 925 186 926 923 176 937 939 177 938 936 185 942 932 948 934 941 933 188 943 952 953 182 954 190 189 194 931 183 957 958 922 927 178 962 191 179 935 912 913 212 209 911 966 203 916 204 205 206 222 1059 863 1072 1113 1103 1120 1121 1100 1240 1242 333 448 1320 1234 274 920 918 1241 921 1502 1442 976 1272 198 197 1253 1260 965 422 1304 963 1539 1658 1536 534 959 421 257 234 1623 1670 1156
176 177 181 178 205 421 234 186 926 925 180 924 937 939 938 936 185 184 940 188 948 517 941 934 933 942 943 189 194 182 954 190 952 953 922 931 191 927 179 183 212 913 916 966 912 911 209 206 222 863 1059 1072 1240 1100 1242 1244 448 1320 920 921 918 1241 917 1234 274 1442 1502 976 1272 1670 1260 965 422 520 197 1304 198 963 1539 1658 1536 257 534 1156 287
177 179 205 222 669 181 185 923 936 932 189 190 182 922 931 517 935 948 966 204 1240 1100 333 1242 917 274 1117 1502 1448 341 1668 198 178 1627 1255 1156 287
178 179 203 205 222 191 189 182 931 935 932 194 190 517 948 923 204 206 1100 1448 1442 917 274 1502 1425 1320 1242 333 1117 1244 448 1627 198 234
179 205 222 198 191 183 182 189 935 931 932 941 943 933 188 194 936 937 939 938 185 940 184 925 180 186 948 926 923 203 966 954 952 953 204 206 912 916 212 911 913 209 863 1072 1100 921 1442 1234 920 918 1241 1502 917 1320 1240 1242 333 1244 448 976 1272 520 197 1253 1260 965 422 1304 963 1536 534 959 421 257 1623 1670 1658
180 204 274 579 923 185 936 517 948 932 190 182 194 191 931 935 922 966 203 205 206 222 1240 333 1244 448 1320 917 1502 1442 198 287 1156
181 203 198 923 936 517 932 948 189 194 182 190 931 935 191 922 966 206 205 204 222 1240 448 333 1242 1244 1320 917 1502 1442 287 1156
182 183 191 931 932 922 927 935 933 943 942 941 188 184 940 937 185 936 939 190 938 194 923 924 186 925 517 948 966 203 952 953 954 206 204 913 212 912 911 916 205 222 1059 1072 863 1100 918 920 921 1240 1241 1242 333 1244 917 448 1320 274 1502 1442 976 1272 198 1253 1260 965 422 520 1304 963 1539 1536 534 959 421 257 234 1623 1658 1670
183 448 922 191 189 935 932 194 185 936 923 517 203 966 204 206 205 222 1100 917 1502 1244 1240 1242 333 1320 198
184 205 185 936 923 932 194 189 935 922 191 931 517 948 966 204 206 1100 333 1242 448 1320 1244 917 274 1502 1442 198
185 186 190 194 191 212 206 938 937 940 939 925 926 923 924 933 941 932 942 943 188 189 931 927 922 935 517 948 953 954 952 203 966 913 916 911 204 205 222 1072 1059 1100 1240 448 1244 333 1242 1320 921 918 1241 917 1442 1502 976 1253 422 963 1539 1658 1536 534 421 257 1670 1272 520 197 198 1304 234
186 191 206 923 936 948 932 190 194 189 935 922 931 966 203 204 222 1240 1244 333 1242 448 1320 917 274 1502 1442 198 1156 287
187
188 189 204 274 431 932 190 191 935 194 936 922 923 517 948 966 203 206 205 222 1100 1240 448 1242 333 1244 1320 917 1442 1502 198
189 204 209 274 935 932 931 927 922 941 943 942 933 939 936 938 194 940 937 926 923 925 517 948 966 203 954 952 953 206 911 916 912 212 913 205 222 1072 863 1059 1100 920 921 918 1234 1240 1242 333 917 448 1320 1502 1442 1272 198 1304 197 520 1253 1260 965 422 963 1539 1536 959 421 257 1623 234 1670 1658
190 191 212 534 934 933 941 943 932 942 936 922 939 940 937 927 938 931 935 926 924 923 925 948 517 953 966 952 954 203 206 204 916 912 913 911 209 205 222 1059 863 1072 1100 1234 1320 274 920 918 1240 1241 1242 333 1244 917 448 921 1502 1442 976 1670 1253 1260 965 1272 422 963 1539 1658 1536 959 421 257 1304 520 197 234 1623
191 194 206 212 534 922 927 931 932 941 933 934 943 942 936 939 937 938 517 948 926 925 923 203 954 952 953 204 916 913 912 209 911 205 962 957 863 1059 1072 1113 1120 1121 1100 917 918 274 1241 920 1502 1234 1442 921 1242 1240 1244 448 963 976 1260 1536 1272 198 1304 520 1253 965 959 421 422 234 257 1623 1539 1658 1670
192 193 322 1220 990 1468 1416
193 322 530 1220 1416 1468 1927 990 2014 2023 1118 2062 2063 2067
194 212 933 942 941 932 943 934 922 931 938 940 927 936 939 937 924 925 926 517 948 953 954 966 952 203 913 209 911 916 206 204 205 222 863 1059 1072 1244 448 917 921 918 1241 1242 333 274 920 1320 1240 1234 1502 1442 1536 976 534 959 421 257 198 1272 1539 422 520 1304 197 1260 234 1253 965 963 1623
195 196 640 757 641 1229 374 2136 2109 1270 541 2163
196 1412 374
197 198 517 885 984 274 917 1278 203 932 206 935 948 923 931 966 936 922 204 1100 628 205 222
198 234 703 558 963 422 959 257 976 534 520 965 917 921 274 920 937 922 953 927 935 948 934 939 936 942 938 517 925 941 923 962 931 933 203 957 958 940 204 206 943 966 952 212 222 2008 1100 1103 912 1120 913 916 1121 205 209 911 1113
199 200 214 508 901 1249 1378
200 901 214 1249 1378 508
201 202 486 1378 508 1763 1703 1850
202 1378 508 486
203 205 234 421 694 942 927 931 935 922 933 932 934 941 943 937 940 938 936 204 939 206 948 926 924 925 517 916 209 911 913 954 952 953 222 863 1072 1059 1100 917 1234 274 920 918 921 965 422 963 1539 520 1536 534 959 257 976 1623 1253 1260 1272 1304
204 209 274 966 922 933 927 942 932 935 931 941 943 934 936 940 937 938 939 923 926 925 952 948 924 954 517 916 212 912 911 913 205 1059 1072 863 917 921 920 1100 1234 1241 257 520 976 491 1773 1707 422 234 515 1673 1120 963 1705 1771 431 534 891 959 1623 1539 1182 399 245
205 222 234 421 644 912 209 911 916 212 913 517 948 940 942 937 925 933 938 941 934 935 931 923 966 922 939 924 927 952 954 953 1103 962 957 1113 958 1120 1121 1100 863 1072 1234 1241 918 1448 1536 917 274 1623 921 920 1539 1627 1117 1255 1425 1272 963 976 257 534 965 959 1253 422 520
206 212 966 932 931 922 935 927 942 933 941 943 934 936 938 937 940 952 924 925 953 954 923 948 517 912 209 911 913 222 1059 1072 863 917 920 918 274 921 1100 1234 1241 257 976 520 965 422 234 963 534 959 1539 1536 1182 1623 399 245
207 208 605 1158
208 605 227 1292 1650 1139 1224 1418 228
209 274 948 517 931 923 935 922 932 936 222 966 1100 1252 321 1261 917 1705 491 1771 1120 1707 431 1494 1673 515 891 1871 1493
210 221 220 992 1010 1015 1029 1011 1026 1532 1888 1160
211 221 220 992 1010 1015 1011 1026 1532 1888 1160
212 517 948 936 931 923 932 935 966 222 1100 1261 1252 321 274 917 1494 1871 475
213 214 1263 1296
214 508 469 706 740 901 993 1378 1820 2213
215 975
216 258 271 219 218 1347 1185 423 990 1016 904 1030 1311 1792 1564 1974 503 1991 2038
217 417 974 1037
218 219 223 226 271 1147 1311 1991 1792 2038 635 1317
219 223 226 271 399 1147 1149 245 246 1311 1192 1214 1792 2038 247 1991
220 221 992 1010 1011 1015 1026 1029 1532 1888 1160
221 992 1010 1015 1011 1029 1532 1160 1888
222 916 911 912 948 517 935 927 936 939 931 937 922 952 934 940 923 926 941 966 953 938 942 925 933 1100 1121 1103 1113 1120 957 962 958 863 1059 1072 1241 1234 1623 1536 1539 921 274 920 918 1272 1304 534 959 421 257 976 520 1253 965 422
223 258 423 990 1016 997 1311 1030 1564 1792 1974 503 1991 2038 593
224 225 317 904 724 320
225 498 724 1119 1149 1740 320
226 423 593 258 1016 997 1311 1030 1564 1792 1974 503 2038 1991
227 228 314 384 293 707 673 1292 1418 605 710 450 1650 1831
228 314 1418 1650 384 1292 605
229
230 231
231 241 267 1250 390
232 233 243 831 1076 1537 1732
233 831 243 1732 1537 2244
234 274 1448 966 922 936 1668 935 948 517 923 932 1117 931 1255 1100 628
235 236
236 287 849
237 238 261 338 1109 1123 1390 543 1581 1446
238 950 338 495 1123 1308 1124 1446 349 1081 1749 261 543 468 1576 1581 687
239 240 248 768 2106 2076
240 248 2076 2106 768
241 267 309 409 599 514 353 469 562 795 1108 313 378 578 546 366 460 1770
242 308 438 477 295 748 383 387 392 807 719 1869
243 268 409 310 292 1137 1011 1026 306 1029 1076 1690 1659 1732 1172 881 1891 288 1151 1999 1646 1957 2215 1900 831 1173 2214 2216
244 264 262 266 301 350 380 404 341 488 507 461 597 527 422 631 250 553 251 598 807 825 455 1344 651 840 511 1411 1209
245 246 247 454 722 399 447 515 1248 1407 254 1191 1192 1193 1033 1201 1066 253 1696 1492 1254 1049 1301 1908 596 1716 1186 1041 1155 1587 1040 1027 680 1042 1316 891 701 1953 559 1410 472 1334 1056 1359 1288 1025 299
246 1191 399 1410 1186 1908 596 1953 299
247 596 299 1191 399 1410 1908 1186 1953
248 1557 2076
249 250 827 697 449
250 658 696 697 715 720 334 623 264 2083
251 252 805
252
253 254 1050 616 578 465 1453 1192 1214 1201 1570 399 1154 1207 1582 2019 473 1296 1153 1263 1066 1264 1191 1704 1656 1125 2013
254 1033 1050 1066 1656 1704 1459 1153 680 561 1255 515 1154 1582 1256 1426 1248 1125 1536 1296 399 1492 1265 1276 1263 447 919 481 1623 1264 1539
255 256 1142
256 275 1604
257 917 274 1413 1689 932 935 1437 936 523 517 922 948 931 1837 966 923 1100 1843
258 271 509 423 990 997 1149 1002 996 1147 998 1030 1000 919 561
259 293 904
260 261
261 506 543 812 1109 338 495 1581 1123 1446 1576 1877
262 266 301 380 471 507 527 341 598 488 295 553 404 422 822 789 308 1344 455 511 470 461
263 280 267 309 718 599 1108 313
264 266 380 422 301 488 350 461 527 553 598 588 507 404 308 525 1374 1411 455 1481 1621 1487 471 1488 1504 769 1736 1344 1764 1586
265
266 301 350 461 470 380 404 553 488 527 308 295 341 588 422 1160 1344 1676 1125 511
267 280 309 599 718 1108 313 378 460
268 292 306 310 1137 1011 1029 1015 1732
269 270 349 1167 634 348 1237 1352 636 1300 687 400 1123 1517 1109 358 1124 1721
270 1237 1167 634 348 1300 1429 636 1517 400 358 1124 1721 2200
271 762 1311 1928 423 593 1030 1991 2027 1974 997 990
272 273 311 299 442 1071 1067 1140 1100 1326 1360 1036 1904 1614 1902 961 1930
273 311 299 1067 1071 1140 1360 1326
274 921 918 920 976 965 422 963 534 959 936 943 934 939 954 942 932 938 935 948 517 941 1413 926 923 931 933 940 966 925 922 952 953 924 937 916 911 912 913 431 1705 1707 515 1059 1673 863 1072 1120 1771 1773 1234
275 1618
276 277 300 1101 995 994
277 300 1101 994 995 320
278 279 403 351
279 826
280 309 599 718 1108 313 378 460
281 282 297
282 297 1763 1958 1703 1991 1915
283 284 328 343 1064 318 1065 1098 1143 330 342 1671
284 1065 318 1064 1058 1057 1098 343 1143 328 342 330 1671
285 286 2247
286 2247
287 288 295 341 639 495 301 1151 431 1294 829 667 1117 1675 1893 925 954 1240 517 926 923 448 953 939 1162 1899 924 333 1242 1244 1155 891 1976 952
288 509 1168 431 1294 1346 1345 892 316 1363 1275 1732 2045
289 290 668 2271 622 2254 2150 2272 2255 2273
290 668 686
291 312 464 1109 1212 687 1385 1123 1308 1124 636 1300 1081 419 733
292 306 310
293 384 707 673
294 296 368 394 393 320 1575 1526 307 1607 1879 677 471 661 678
295 341 308 383 392 387 301 467 477 385 525 626 639 373 461 743 495 735 748 679 401 372 487 1560 1553 861
296 307 394 393 1577 1438 1575 368 1526 1607 1444 648 677 471 1466 678 1879 661
297 1324
298 299 351 382 311
299 351 635 646 311 1699 1930 399
300 994 1518 1592
301 404 350 341 461 470 308 553 527 511 1344
302 418 420 1004 386 1515 1516 1514 369 1503 428 710 451 450 493 510 690 332 519 492 1648 888
303 386 332 428 1068 493 1516 418 1503 1514 420 450 492 1715 690 1648 510 519 1808
304 305 1536 1623 1539 1546 1933 1932 431 1583 1543 1037 1168 1389
305 352 628 700 867 1275 1294 431 635 1555 1168 1336 1699
306 310 1137 1011 1026 1029 1732
307 394 1438 393 1575 368 1526 320 1607 648 471 1879 661 678
308 392 387 320 477 380 736 843 719 748 743 613 341 467 662 1560 1103 1553 861 525 385 487 368
309 599 790 1108 1224
310 1011 1026 1029 1015 1732 1709
311 476 701 351 559 1140 1071 1067 413 1176 2050 1775 1326 1360 1402 1779
312 687 1212 468 1123 1308 1300 1530 1124 1081 464
313 465 562 409 565 459 1108 378 578 381 1434 509 366 460
314 1292 1418 605 384
315 738 1209
316 317 1345 1363 1346 892 1326 1360 320 1151 1537 801 1181 1187 1552 1274 324
317 589 967 1075 1284 1051 1008 1043 1392 1473 1088 1275 1235 1659 1787 1257 1861 1122 1205
318 328 1058 1065 1064 1143 342 330 1671 373
319 320 400 427 623 348 1122 1257 1052
320 364 393 394 481 634 654 349 400 427 824 834 859 838 348 973 1028 1043 1051 589 426 1088 1122 1205 539 1235 1236 1257 1281 1330 1338 1343 1377 1392 1408 497 1449 1467 1008 1499 1079 1526 1551 1438 1473 1584 1126 1595 1611 1615 395 1533 1660 1275 1666 1778 1783 1853 1093 1881 433 1310
321 1252 1260 1261 421 1304 1103 913 891 1113 1162 911 1120 912 1121 1196 1624 1494 1871
322 323 1118 530 1416 1468 497 1670
323 497 1220 844 530
324 325 1187 363 1274 1552 1537 1890 1017 1018 1622 1326 1542 1360 1609 1612
325 363 1181 1274 1552 1537 1990 1326 1360 1612
326 327 357 356 397 445 625 439 709 469
327 357 356 397 445 709 811 489
328 330 343 1057 1064 1185 1065 1058 1098 1143 342 1671
329 2218
330 1143 1057 343 1065 1058 1098 1671 342
331 332
332 565 449 369 451 690 420 1514 418 1516 710 1648 386 493 492 450 1808 1515
333 1240 1244 937 926 939 924 1242 1320 932 941 934 933 938 943 936 948 953 952 954 517 935 1502 927 1442 931 1670 1658 1156
334 412 484 569 658 823 485 463 1196 1848
335 337 374
336
337 374
338 543 506 1109 495 1081 1576 1581 1446 468 687 1300
339 340
340 647 1270 2276 2277 2278 2298 2303 359 950
341 495 597 639 670 729 749 491 542 785 515 558 679 392 383 662 467 1103 1553 385 1117 861 401 1560 477 813 525 372 487 840 533 1448 1627 1344 387 667 1425
342 343 1065 1057 1058 1098 1143
343 567 645 739 772 822 848 1064 1058 1057 1098 1671
344 345 379 500 592 362
345 379 361 500 592 1091 362 1845
346 347 374 947
347
348 349 634 1167 687 1237 1517 1300 1109 1429 358 1721 1123
349 400 466 683 438 634 1167 1237 1300 1352 636 1123 1109 1429 1124 1519 1308 1517 544 1530 468 597 427 1649 1081 1520 1721
350 507 527 461 404 509 553 380 471 1344
351 352 382 635 1317 1272 680 1638 1301 1630 1334 1253 1492 1716 1260 1359 1304 421
352 1523 1602
353 509 650 773 784 459 764
354 355
355 657
356 357 445 397 489 709
357 397 445 709 489
358 634 1167 1237 636 1429
359 360
360
361 362 379 592 500 1569 883
362
363 1181 1187 1552 1612 1537 1326 1301 1895 1334 1359 1351 899 1048
364 502 955
365 366 378 405 381 434 494 460 708 611 1434
366 378 381 405 504 460 494 611 708 1434
367 375 406
368 394 1438 978 977 1526 1391 679 1724 1894 1723 1070
369 418 428 710 493 1503 1514 386 420 450 690 510 519 1808 492 1648
370
371
372 373 735 392 1560 1553 1103 385 662 861 679 383 477 401
373 477 670 383 856 401
374 574 698 722 2106 744 2107 2108 2079 2109 2110 2001 2114 2115 2116 2117 2118 738 2046 2119 2120 2121 2123 2124 2125 2126 2128 2101 1701 1675 761 2129 2130 1776 2131 1550 1882 2132 2133 759 2135 2136
375 406
376 377 1394 1915
377
378 381 405 434 460 504 494 611 708 1108 1079
379 500 592 1091
380 461 507 588 488 525 471 1344 455
381 405 434 460 504 494 708 611 1434
382 1317 635 680 1492 1716 1255 481
383 387 477 743 392 467 401 662 1553 679 861 1560 385 525
384 673 690 710 707 1418 605 1800
385 490 499 521 501 525 736 861 1103 679 1560 1553 662 477 533 526 467 748 401
386 510 1514 1503 493 451 710 428 1516 420 418 450 1515 492 1648 690 519 1808
387 477 743 748 401 392 487 467 662
388 389 587
389 587 619
390 391 692 727 1250 411 1541 410 1884 1251 1663
391 1717
392 662 1560 401 1103 467 861 1553 525 477
393 394 1526
394 1438 1526 1334 1214 1201 1301 1906
395 396 1407 1589 1564 503 1490
396 666 1750 1992 1490 667 1775 430
397 445 709 489
398
399 515 1248 447 1407 1192 1214 1201 1191 1334 680 472 1492 1301 1330 1066 1716 978 1186 977 1193 1050 1027 1070 1359 1025
400 634 1167 1352 636 1517 687
401 487 626 533 765 735 662 467 1560 1553 679 861 525 1103 477
402 403 1498 1577 1463 1168 431 1422
403 1630 1638 1422 1463 431 1844 801 1423 1725 1168 681
404 461 470 527 553 488
405 494 434 460 708 611 820 1434
406 1245 1266 1246 1247 1175 1128 1127 1821 583 674 482
407 409 842 456 416 442 417
408 416 456 442 417
409 469 566 565 514 874 578 546 545 1770 1726 459 1475 1301 1359 1732
410 1250 1541 832
411 1250 1251 1541 1617 832
412 484 569 462 463 1848
413 1176 1146 1177 1934
414 415 2213 1539
415 449 2103 2257
416 417 459 442 456 1316 701 559 1288 1060 1591 742 1616 441
417 456 559 442 1083 742 1092 1097 1096 1082 1616 1591 1316 459 814 1977 2001 1522 701 1288
418 1514 451 1503 710 428 493 420 450 1515 1516 492 690 510 1648 519 1808 2082
419 608 1212 1109
420 429 451 428 1503 710 1514 1516 1515 690 510 492 1648 1800 2081
421 694 1252 1261 936 517 922 931 948 932 935 923 1031 1494 1032 1100 1202 1871 966 1273
422 488 527 598 553 917 936 517 948 935 1411 923 931 455 922 966 932 628
423 990 600 1135 1147 1149
424 1614 1274
425 426
426 623 1362
427 723 1298
428 450 451 1503 1516 1514 710 1619 493 1515 690 492 510 1648
429 430 1087 1093 1094 1277 617 1326 1621 1360
430 794 1711 1739 1086 1087 1094 1093 1022 1021 1407 1238 561 1805 1309 919 1471
431 491 558 637 730 1156 1151 891 1294 1705 515 1120 1771 1707 1773 1899 681 1577 801 1498
432 433 988 769 2169 2170 843 2241 2106 1753 2206 2345 2346 744 2347 1615 1310 2348 2220 2221 2341 2349 1797 2350 2225 2266 2078 820 2311 2123 2351 1147 1020 2342 928 2222 2352 2353 1486 2281 2315 1569 2354 1485 2355 2356 2357 2306 1193 1171 1144 716
433 2204 1486 2088 2166 2242
434 460 504 611 494 708 1434
435 1074 1038
436 875 2078
437 438 522 466 1644 1797
438 466 522 1644 1797
439 465 1715 1420
440 505 1420 1715
441 442
442 1591 559 742 701 456 1316 1288 1060
443 444 496
444 496 759
445 709 489
446 447 1605 1248 515 1192 1214 1191 1201 1854 2049 1664 1667 1543 1546 1583
447 503 1191 1207 473 1582 898 1606 1248 1564 1018 1360 1050 1912 1326 1330 1033 1286 2279 2153 1160
448 925 1240 1244 924 926 923 1242 937 939 933 941 940 934 938 943 942 936 1320 932 953 948 952 954 1442 922 931 935 1502 1670 1658 1156
449 524 1148 521 1331 1284 1367 1590 866 1813 1866 1868 2145
450 451 519 888 1503 710 493 1515 1516 1514 690 492 1648 1808
451 710 1503 1516 1514 493 1515 492 1648 690 510 519 1808
452
453
454 570 738 820 571 2097 1477
455 651 1411 840 1586
456 1060 459 1288 559 701 1316
457 458 1105 1389 556 1055 1152 1796
458 556 1152 1389 1105 1373 2032
459 509 795 494 681
460 504 494 708 1108
461 588 525 507 1344 470
462 463 1196 484 1848
463 1196 484
464 1212 636 687
465 675 540 541 616 509 1770
466 522 683 1644 1753 1797
467 770 626 662 533 1560 525 861 679 1553
468 1109 1308 1123 687 1409 1124 1300 1530 1212 1081 2199
469 509 625 764 514 627 1022 1942 499 1021 1945 1505 1944
470 1344
471 1607 1344 648 1575 1879 678
472 473 1191 1192 1214 1201 515 1207 2012 1328 1248 2059 1330
473 1191 515 1248 1283 1192 1201 1334 1359 1301 1214 1796 1909 1911 1330 1914 1381 1628 1704
474 475 2188 698
475 783 2093 1304 769 2154 2220 2225 2234 2236 2242 2306 2311 2324 655 2124 2331 2083 2065 1193 918 656 1820 2355 867
476 1177 1176 516
477 748 743 1553 679 861 1103
478
479 480
480 552
481 1276 1256 1265 1439 1033 1424 1453
482 886 1196 1175
483
484 1422 1463 1423 1196 1036 2028 1930
485 586 544 736
486 1763 1703 1850
487 735 662
488 553 527 598
489
490 521 501
491 515 558 760 730 703 785 1673 1707 891 1771 1773
492 493 888 690 1516 1503 1514 1515 1808 1648
493 710 1503 1514 1516 1515 690 510 1648 519
494 708 504 611
495 663 639 1109 1446 1123 1081 1576 1581 543 1308 1124
496
497 1669 1220
498 1315 1301 1259
499 1471 1263 1296 748 1829 536 1856 1941 1021 1967 1022
500 592 1224 1842
501 521 1299 1172
502
503 1282 899 1248 515 1192 1214 1201 1696 1795 1917 1912 1921 1892 1894
504 708
505 1420 1715 2102
506 1123 1109
507 527 1419 1440 1336
508 1249 1850
509 613 778 514 540 693 578 1726
510 1503 1515 1516 1514 710
511 1344
512 651
513 584 2332 2233 1733
514
515 558 760 785 1191 1207 1582 1705 1707 1120 1771 1673 1564 891 1773 1330 1017 1360 1912 1326 1033 1286 1050 1018 2153 1160 2279
516 1562 1445
517 924 925 923 926 937 943 934 954 932 935 941 931 922 936 940 952 953 927 911 913 912 916 966 1059 863 1241 1100 1234 920 918 1240 1242 1244 917 1502 1442 1320 976 520 1253 1260 965 1272 963 1539 1536 1304 534 959 1670 1684 1658 1685 1156
518
519 888 1515 1516 1514 710 1503
520 917 1386 936 966 922 923 931 932 935 948 1100 628
521 731 565 932
522 1797
523 1437 1837
524 2145 866
525 679 738 662
526
527 553 789
528 529
529 614
530 1118 1183 1220 1184 2019 2013
531 532 2218 2252
532
533 735 1103 1553 1560 662 679 861
534 917 966 936 923 935 922 931 948 628 1100 1386
535 557 2097
536 537 1090 1495 1763 1703 1651 1146 1701 1856 1130 1887
537
538 539 1500 1686
539 767 1500 1686
540 541 775 1572 609 1537 2178 2179 2181 2367
541 775
542 638 821 577
543 1109 1446 2159 1877 2344
544 1613 1682 2197
545 546 625 578 616 681
546 1726 578
547 1114 1134 1554
548 549 603 2100
549
550 551 622
551 652
552 1710
553
554 555 609 796 575
555 2218
556 1105 1152
557 2097
558 760 703 637 785
559 1441 1191
560 561 633 919
561 1392 1334 1706 1160 1301 1359 1872 1893 1555 1622 1050 1801 1971 1696 1976 654 1084 1609 1898 2189 2217 1897 2264 2267 633 2304 2361
562 563
563 1905 763 1192 1214 1201 1955 756 2030 2044
564 657
565 566 810 1150 1331 983 2148
566 1041 578 1049 1672 1042 1040 1830 1184 1835 1882
567
568
569
570 571
571 728
572 573 1052 1573 1867
573 741 2168
574 2094 2096 2083
575 576
576
577 578 623 676 884
578 616 681 1631 1672 1780 1770
579
580 581 615 672 653
581 615 653 672 683
582 2196 2247
583 1810 1812 1175
584 2258
585 2363
586
587
588
589 1336 1546 1398 1882 1830 1583 1543 1835
590 591 1796 1909 1911 1207
591 1555
592
593 594 1149 1309 1978 1979 1976 1147 1893 1238 764 1239 1980
594 1974
595 784 1116 1117
596
597 631
598
599 1095
600 1353 990 1335
601 602 1523 1424 646
602 1424 1523 1414 646
603 2090 2100 1548 2201
604 990 1353
605 1418 1292
606 607 755
607
608
609 2160
610 762
611
612 1533
613 642 719 1922
614
615 672 653
616 617 704 1570 1780
617 704
618 619
619 823 2239
620 621 1489
621 1832
622 746 652 1454 915
623
624 625
625 764
626 670 735 685
627
628 976 963 959 984 1471 1056 961 1789 1822 1659
629 630 632
630 771 780 809
631
632
633 2291
634 835 1298 1167 636 1237 1352 1429 687 1123 1109 1721
635 646 1523 1786 1769 1602
636 711 1109 1167 1123 687 1300 1124 1237 1429 1517 1212 1352 1721
637 730
638
639
640 761 762 1126
641 762 761 860 2192 2260 2083
642
643
644 760 1130 1587 1425 1627 1117 1448 1176 1276 1265 961 1256
645
646 1182 1275 1523
647 786
648 649 678 1607 1925
649 1879 1168
650 2080
651
652
653
654 1949 919 1282 899 1973
655 656 2136
656 2112 2136 2300 2105
657
658
659 660 1313 908
660 1313 908
661 662 770 802 1607 1575 1879 678
662 1560 1553 861 1103 679
663 714
664 665 858
665 830
666 667 747 756 763 1407 1992
667 1761 1407 1992
668
669 721
670 735
671 1710
672
673 707
674 1175 1128 1127 1247 1266 1245 1246
675
676
677 678 1575
678 1879 1575 1607
679 738 1553 861 1103 1560
680 681 1061 1938 1656 801
681 1125 1498 1492 1887 1716
682
683
684
685 1646 1688
686
687 1300 1123 1124 1352 1167 1308 1212 1517 1237 1429 1081 1721
688 689 726 788 1114 1375 724 1863 1865
689
690 1503 1648 1516 710 1514 1808 1515 2082 1800 2081
691 742 1176 1493
692 1251 1250
693
694
695
696 2083
697 1169
698 836 839 2094 2229 754 2095 2287 2083 1631
699
700
701 1441 1191 1912
702 1006
703
704
705 706 1419
706 714
707
708
709
710 1503 1514 1515 1648 1808 2338 2082
711 1001
712 713
713 740
714 1593
715
716 717 777 2105 2083
717 777 2083
718
719
720
721
722
723 2244
724 725 1171 915 1755
725
726 1710
727
728
729 866 784 1116
730 1081
731 1492 1201 1860
732
733 734 1212
734
735
736 829
737
738 854 744 2226 2228 2229 745 2163 2136 2083
739
740 763
741
742
743
744 745 1310 2290 1313 2228 2083 2105
745 873 818
746 2083
747 763
748 1100 2017
749
750 751 2244 2155 1175
751 2155
752 753
753 787 1129
754 2113 2167 1412
755 2275 2155 1710
756 1906 1496 1691
757
758
759
760 785 1130 1772 1634 1176 1587 961
761 896
762 1314 1474 1185 1522 1527 1452 1709 1752 1754 1762 1766 1798 1806
763 1691 1906 1496
764 1948 1974 1193
765
766 767 1686
767 1686
768 769 1227 816 2204 815 2088 1225 2083
769 1621 1736 1481 1374 1376 1487 1488 1504 2105 815
770 1727
771 858
772 1185
773
774 1115 2231
775
776
777
778 831
779
780 781 1710 2244
781 2244 1710
782 783
783
784 833 1007 2210
785
786
787 1129
788
789
790 879
791 792 852 1273 1602 1179
792
793 2247
794
795 1159 955 1193
796
797
798
799 817
800 840
801 1348 1168 1492 1716 1887 1498
802
803 804
804 972
805
806
807
808 809
809 841 1189
810 2148 2237
811
812
813 814 2077
814 1052 1178 1273
815 816 2106 1815 2123 2124
816 2092
817
818 819
819 2083 2105
820 1368 1824
821
822
823 1305 1250 2198
824
825
826
827
828
829 832 1250
830 1710
831 868 1076 1537 1732 2235
832 1251 1250 2288 2289
833
834
835 1679
836
837 2195 2305 2307
838
839
840 1301 1334 1359
841
842
843
844
845 846
846 2136 2244 2171 2229 2083
847
848
849
850 1642 1574 1558 991 1360 1326 1559 1620 987 1585 1643
851
852 1273 1179 1602
853
854 2149
855
856
857
858
859 1621 1562 1334 1946 1301 1359 874
860
861 1553 1560
862 863 1059 1072 2244
863 948 923 932 935 966 931 922 936 1100 917
864 1294 1062 1061
865 1878 1157 1664 1264
866 2145
867 872
868 869
869 2244
870
871 2150 2171
872
873
874 1007 1840 1722
875 876
876
877 878 2078
878
879 880 915
880
881 1175 1750 1154 1622 1952 1467 1951 1609 1954 1987 1985 1542 2010 1732 2246
882 898
883 2301
884
885 1278
886 2366
887 2247
888 903 975
889 890 903 908 969 1364
890 969
891 1056 1041 1005 1252 1254 1705 1771 1120 1587 1156 1494 1871 1193
892 1363 1345 1151
893 894 910 1136 1267 1746
894
895 896 904 1720
896 949 1790 2192
897 898
898 1024 1086
899 900 1324 1564 1725 1844 1971 2024 2020 1274
900
901 1378
902 1710
903
904 1005 1052 1404 1406 1513 1629 1051 1665 1666
905 906 971 1135 1180 1230 1428 1430 1433 1804 1838
906
907 975 1511 1224 1443
908 909 919 972 1023 1039 1496 1653
909 1364 1579
910
911 948 935 936 932 931 922 923 966 1100 1261 1252 917 1494 1493 1871
912 948 932 935 922 931 936 1100 1252 1261 917 1494 1493 1871 942
913 936 922 931 923 966 1100 1252 917 1494 1871 1493
914 915
915 1454 1078 1761
916 948 936 931 932 922 935 966 1252 917 1494 1493 1871
917 918 921 959 963 965 976 934 939 942 932 938 935 1413 923 931 948 933 940 924 966 953 941 926 952 954 922 936 925 937 927 1072 1059 1234 1241
918 932 931 923 922 1413 966 935 936 948
919 1282 1392 1706 1334 1160 1359 1301 1872 1555 1801 1971 1696 1542 1976 1084 1050 1609 1898 1897 2361
920 936 923 931 932 966 935 948
921 932 922 935 948 1413 931 936
922 927 931 932 943 942 933 934 941 936 940 938 939 925 923 926 948 924 966 953 952 1059 1072 1100 1442 1234 1241 1502 1240 1242 1244 1320 976 1272 1253 1260 965 1304 963 1539 1536 959 1623 1658 1670
923 926 924 925 937 939 940 936 948 941 943 932 942 934 954 952 953 931 927 935 966 1059 1072 1100 1240 1244 1241 1234 1502 1442 976 1253 965 1670 1272 963 1536 1260 1623 959 1539
924 936 932 948 931 935 966 1244 1242 1100 1320 1502 1442 1156
925 936 932 948 931 935 966 1244 1240 1100 1442 1156
926 936 932 948 935 931 1100 1244 1242 1240 1320 1502 1442
927 935 931 932 948 966 1100 1442 1502 1240 1244 1320
928 929 2166 2083
929
930 1456 2083 2360
931 932 943 941 934 942 933 936 938 940 937 939 948 966 952 954 1072 1100 1241 1234 1502 1240 1442 1320 1244 1242 1260 976 1253 1272 1304 1536 959 1623 1539 1670 1658
932 934 941 942 943 937 939 936 938 940 948 966 952 954 953 962 957 1072 1059 1113 1121 1100 1240 1320 1242 1241 1234 1502 1442 976 1253 1272 1670 963 965 1304 1260 1658 1623 959
933 935 936 948 966 1100 1242 1244 1320 1442 1502 942
934 936 935 948 966 1100 1240 1242 1244 1502 1442
935 943 941 942 938 936 940 937 939 948 966 952 953 1059 1072 1234 1241 1242 1502 1240 1244 1442 1320 1253 965 1272 1539 963 1304 1536 1260 1623 959 1658
936 937 938 939 940 943 941 948 953 954 966 1059 1072 1100 1240 1242 1320 1244 1234 1442 1502 1658 1536 1304 959 963 1253 1623 1260 1670 1272 965 976 1539
937 948 966 1100 1240 1242 1244 1320 1502 1442
938 948 966 1100 1240 1320 1242 1244 1502 1442
939 948 966 1240 1244 1242 1100 1320 1502 1442
940 948 966 1100 1240 1244 1242 1320 1442
941 948 966 1100 1240 1242 1244 1320 1502 1442
942 948 966 1100 1320 1240 1242 1244 1502 1442
943 966 1100 1244 1240 1242 1320 1502 1442
944 945 1779 1577 1719
945 1775 1779 1719
946 947
947 1038 2083
948 953 954 952 1072 1234 1100 1241 1244 1240 1502 1442 1320 976 1272 1253 1260 965 963 1539 1536 959 1623 1670 1684 1658 1685
949
950 951
951 1681
952 966 1100 1242 1244 1240 1442 1502 1156
953 966 1100 1244 1242 1240 1442 1320 1502 1156
954 966 1100 1242 1240 1502 1320 1442 1156
955 956 1333 1400 1159
956
957 1244 1320 1100
958 1244 1320 1100
959 1386 966 1100
960 961 2191
961 1046 1100 1781 1562 1734 1674 1694 1695
962 1244 1320 1100
963 966 1100
964
965 1386
966 1059 1100 1241 1234 976 1539 1623 1272 1253 1260 1304
967
968 969
969 1708
970
971 985
972
973 1419 1009 1664
974 1037 1153 1830 1916 1194 1193 1471 1221 1835 2053 1226 1882
975 1337 1339 1538
976 1386 1100
977 978 1070 1528 1529 1760 1239 1193 1027 1012 1921 1025
978 1070 1529 1528 1760 1239 1012 1894 1027 1921 1193 1025
979
980 981
981 1073 1450 1735 1841
982 983
983
984 1646 1767
985
986 1393
987 991 1585 1558 1643 1620 1574 1559 1642
988 989 1213
989 1034 1213
990 1147 1149 1135
991 1574 1559 1642
992 1010 1029 1015 1026 1011 1532 1888 1160
993 1296 1263
994 995 1101 1924 1763 1703
995 1101 1763 1982 2018 1424 2036 1948 1983 1043 1703
996 997 1899 1907
997 998 1000 1002 1016 1907 1147 1149
998 1907 1899
999 1054
1000 1899
1001
1002 1907 1899
1003 1004 1141 1262 1540 1580 1828
1004 1158 1372 1632 1633 1864
1005 1006 1870
1006 1047 1035 1052
1007 1008 1116 1117 1946 2064
1008 1116 1946 2064
1009 1122 1063 1343
1010 1015 1026 1029 1532
1011 1532 1275 1439
1012 1025 1760 1070 1967 1941
1013 1014
1014 1036
1015 1224 1532 1275 1439
1016 1149 1907 1147
1017 1018 1405 1181 1192 1214 1201 1248
1018 1405 1248 1181 1192 1214 1201
1019 1619
1020
1021 1022 1321 1941 1967
1022 1321 1941 1967
1023
1024
1025 1760 1070 1193
1026 1532 1275 1439
1027 1070 1193
1028
1029 1532 1275 1439
1030 1147 1149 1907
1031 1032 1202 1272 1253 1260 1304
1032 1272 1253 1260 1304 1602 2145
1033 1050 1066 1441 1192 1153 1214 1154 1201 1255 1680 1482 1909 1911 1264 1166 1609 1165 1542 1248 1914 1125 1296 1174
1034 1213 1657 1349 1849
1035 1571 1185 1634
1036 1463 1437 1422
1037 1543 1546 1146 1539 1536 1623 1389 1781
1038
1039
1040 1041 1056 1254 1587 1652 1193 1889 1950
1041 1042 1056 1155 1162 1254 1542 1609 1587 1622 1652 1496 1691 1444 1466 2037 2057 1193 2071
1042 1056 1254 1652 1889 1950
1043 1982 1979 2018 1980 2036
1044 1045 1171
1045 1531 1876
1046
1047
1048 1614 1274
1049 1056 1254 1652 1193 1889 1950
1050 1656 1153 1154 1582 1453 1248 1296 1125 1492 1716 1426 1264 1482 1704
1051 1696
1052
1053 1054
1054 1195 1295 1457
1055 1104 1482 1483 1130 1152 1796
1056 1155 1162 1254 1218 1193
1057 1058 1064 1065 1098 1143
1058 1065 1064 1098 1143
1059 1100
1060 2072 2099
1061 1062 1243 1445 1414 1466 1444 1492 1716 1465 1415 1099 1501 1417
1062 1243 1417 1445
1063
1064 1065 1098 1143 1671 2174
1065 1098 1143 1671
1066 1453 1153 1154 1582 1656 1296 1125 1263 1704 1264
1067 1071 1140
1068 1069
1069
1070 1760 1529 1528 2283
1071 1140 1392 1360 1475 1326 1739 1086 1711
1072
1073
1074
1075
1076 1732 1537
1077 1349
1078 1206 1170 1323
1079 1080
1080
1081 1109 1308 1446 1123 1300
1082 1083
1083 1092 1096 1097 1995 2011 1969
1084 1085
1085 1555
1086 1712 1827 1854 1997 1805 1667
1087 1277
1088
1089 1090 1495 1763 1703 1856 1651 1130 1146 1701 1829 1887
1090 1495 1703 1763 1291 1315
1091 1745
1092 1969
1093 1277
1094 1277
1095 2269
1096 1969
1097 1969
1098 1143 1671
1099 1414 1537 1445 1626
1100 1103 1121 1113 1120 1536 1539 1355 1234 1241 1623 1272 1894 1781 2017 1260 2043 1921
1101 1905 1763 1955 1703
1102
1103 1553 1560 1494 1871 1493
1104
1105 1373 1389 1152
1106 1107 1414 1490
1107 1414 1324 1490
1108
1109 1123 1212 1124 1308 1300 1446 1576 1581 1167 1352 1530 1517 1692 1237
1110 1111 1112 1290 1803 1677 1846 1678 1259 1315 1301 1359 1202 1291
1111 1112 1290 1677 1678 1803 1846 1301 1334 1259 1359
1112 1290 1803 1677 1678 1846 1334 1301 1259 1359 1315 1202
1113 1494 1493 1871
1114
1115
1116 1826 1193 1160
1117 1448 1255 1668 1193
1118 1220
1119
1120 1494 1705 1707 1673 1771 1773 1493 1871
1121 1494 1493 1871
1122 1297 1505 1336 1969
1123 1124 1308 1300 1167 1530 1446 1237 1576 1212 1581
1124 1308 1530 1300 1167
1125 1480 1163 1477 1478 1479 1161 1160 1676
1126 1178
1127 1128 1246 1247 1266 1245 1175
1128 1246 1266 1245
1129
1130 1587 1176
1131 1132 1139 1138
1132 1138
1133 1134 1472
1134
1135 1353 1335
1136
1137
1138 1139
1139
1140 1326
1141
1142 2083
1143 1671
1144 1145 2166 2083
1145 1171 2166 2083
1146 1459 1426
1147 1311 1974 1928 1991
1148
1149 1311 1974 2027 1928 1991
1150 1354
1151 1156 1168 1294 1346 1345 1363 1732 1275 1899 1963 2045
1152 1389 1373 1912
1153 1264 1453 1301 1334 1296 1221 1359 1263 1226 1194 1664
1154 1264 1359 1334 1453 1296 1664 1221 1263 1194 1226
1155 1252 1254 1587 1871 1494 1193
1156 1168 1294 1893 1899 1240 1242 1244 1162 1976
1157 1588 1880 2244
1158 1469
1159 1193
1160 1161 1163 1301 1888 1676 1334 1359 1623 1539 1248
1161 1676
1162 1261 1252 1254 1494 1193 1871
1163 1676
1164 1165 1166 1186 1319
1165 1186 1602
1166 1186 1319 1602
1167 1237 1300 1352 1517 1429 1721
1168 1294 1498 1577 1925 1899
1169
1170 1657
1171 1190 1310 2166 2242 2083 2243
1172 1173 1655 1732 1496 1691 1244 1710
1173 1315 1301 1334 1359 1732 1710
1174 1186 1319 1602
1175 1821 1843 1246 1245 1247
1176 1932 1933 1699 1934
1177
1178
1179 1764 1736 1303
1180
1181 1187 1274 1552 1537 1890 1622 1326 1542 1360 1612
1182 1275 1905 1955 2030 1743
1183 1184 1205 1301 1259
1184 1205 1830 1652 1835
1185 1512 1751
1186 1319 1833 1492 1716
1187 1552 1360 1326 1990 1612
1188 1189 2244
1189
1190
1191 1192 1201 1207 1214 1248 1330 1905 1395 1606 1987 1696 1994 1301 1955 1985 2003 1951 1316 1958 1334 2030 1325 2049 1359 1559 1926 1915 1328 1704 1288
1192 1441 1207 1704 1286 1330 1564 1912 1696 1606 2013 2019 1906
1193 1194 1221 1226 1239 1336 1894 1854 1939 1966 1587 1392 2033 1238 1254 1779 2039 1921 1775 1309 1989 2026
1194 1419 1440 1724 1723
1195
1196
1197 1198 1222 1572
1198 1223 1710
1199 1200
1200 1281
1201 1207 1441 1704 1286 1330 1564 1912 1696 2013
1202 1272 1260 1304
1203 1204 1443
1204
1205
1206 1322
1207 1283 1248 1334 1359 1214 1796 1911 1909 1330 1381 1914 1628 1704
1208 1470 1267
1209 1647
1210 1211
1211 1990 2010 1954
1212 1692
1213 1281
1214 1441 1704 1286 1330 1564 2019 1906 1606 1696 1912 2013
1215
1216 1217 1743 1471 1398
1217 1471 1398
1218 1219
1219
1220 1416 1468 1670
1221 1440 1419 1724 2227
1222 1223
1223 1572
1224 1225 1464 1506 1550 1608 1645 1687 1710 1718 1738 1784 1809 1817 1839 1293
1225 2180 2123 2124
1226 1336 1419 1239 1723 1724
1227 1847
1228
1229
1230
1231
1232 1233 1285 1302 1306
1233
1234 1241
1235
1236 1401
1237 1352 1300 1517
1238 1239 1974 1948
1239 1309 1916 1947 1921 1974 2053
1240 1244 1320 1502 1658 1242
1241
1242 1244 1320 1502 1442 1670 1658
1243 1414 1445 1466 1444 1716 1492 1490
1244 1320 1502 1442 1670 1659 1690
1245 1246 1247
1246 1266
1247 1266
1248 1582 1606 1564 1360 1912 1326 1286 1330 2279 2153
1249 1378
1250 1251 1617 1541 1737 1292
1251 1541 2175
1252 1260 1272 1304 1494 1871
1253 1261 1871
1254 1587 1622 1496 1609 1691 1542 1572
1255 1256 1276 1439 1425 1453 1656 1424
1256 1439 1656 1424
1257
1258 1259 1291 1301 1315 1334 1359
1259 1410 1655 1621 1424 1899 1467 1686 1678
1260 1261 1494 1871
1261 1272 1304 1494 1871
1262 1271
1263 1264 1935 1321 2025 1743 1453 1402 1874
1264 1296 1962 2052 1321 2069 1696 1453 1664 1880
1265 1439 1656 1424
1266
1267 1268 1369 1358
1268 1282
1269 1270
1270 2172 2136 2240
1271 1387
1272 1494 1871 1273
1273 1303 1602 1910 1748 1757 1977 2001 1885 1730 1522 1304
1274 1552 1612 1537 1334 1360 1326 1301 1895 1359 1282 1351
1275
1276 1439 1424 2086 2098
1277 2015 1353 1335
1278
1279 1280 1324 1985 1987 1994 1929 1951 1926
1280
1281
1282 1324 1844 1725 1971 2020 2024
1283 1381 1628
1284
1285 1379
1286 1287 1301 1359 1334
1287
1288 1441 1912
1289 1290
1290 1678
1291 1410 1899 1467 1621 1655 1686 1424 1664 1678
1292 1418 1650
1293
1294 1417 1719 1664
1295
1296 1935 1321 2025 1743 1453 1402 1874
1297 1505 1969
1298 1307
1299 1883
1300 1308 1352 1721 1517 1429 1530
1301 1410 1424 1651 1701 1698 1493 1833 1900 1750 1655 1965 1840 1602 1555 1678 1621 1664 1405 1913 1899 1467 1958 1881 1686 1852 2045 1915 1722 2188
1302
1303 1602
1304 1494 1871
1305
1306
1307
1308 1530 1446
1309 1948
1310 1871 2166 2242 2083 2243
1311 1312 1998
1312
1313 1858 2151
1314 1447
1315 1410 1621 1899 1467 1678 1686 1424 1655
1316 1912
1317 1523 1769 1786 1602
1318
1319
1320 1442 1502 1658 1670
1321 1532
1322 1323 1331
1323 1368
1324 1325 1351 1395 1602 1987 1703 1994 1951 1985 1763
1325 1958 1915
1326 1327 1537 1823 1889 1552 1950
1327 1360 1686 1823
1328 1329 1340 1356 1330
1329
1330 1370 1986 2012 2059
1331 1332
1332
1333
1334 1424 1410 1651 1698 1701 1493 1602 1900 1852 1750 1840 1405 1913 1915 1555 1965 1678 1963 1833 1471 2045 1722
1335 1912
1336 1505 1440 1419 1543 1525 1546 1583 1561 1965 1969 1398 1913 1723 1724
1337
1338
1339
1340
1341 1342
1342 2083
1343
1344
1345 1346
1346 1363
1347
1348
1349 1350
1350
1351 1564 1725 1844 2024
1352 1429 1517
1353 1912
1354
1355
1356
1357 1358
1358
1359 1410 1424 1651 1493 1701 1965 1750 1900 1722 1840 1405 1913 2045 1555 1678 1958 1833 1471 1852
1360 1537 1823 1889 1552 1950
1361 1362
1362 1641
1363 2244
1364
1365 1366 1528 1529 1559 1728
1366 1763 1703
1367 1368
1368
1369 1371
1370
1371
1372
1373 1389
1374 1481 1621 1488 1487 1736 1504 1764
1375 1556
1376 1481 1488 1736 1504
1377
1378 1850 1496 1691
1379
1380 1381
1381
1382 1383 1565 2008
1383
1384 1385
1385
1386
1387 1388
1388
1389 1639 1640 1543 1546 1583 1539 1623 1536 1625
1390
1391 1529 1528 1559 1728
1392 1667 1696 1854 1801 1872 1970 1972 1975 1706 1781
1393 2211
1394
1395 1958 1915
1396
1397
1398 1399 1743 1543 1546 1583
1399
1400
1401
1402 1403 1455 1484 1664
1403
1404
1405
1406
1407 1490 1992 1775
1408
1409
1410 1521 1674 1694 1695 1734
1411 1586
1412
1413
1414 1415 1465 1501 1445 1444 1466 1996 2040 2041 2070
1415 1445 1626
1416
1417
1418 1650
1419 1475 1561 1525 1510 1961
1420 1421
1421
1422 1423 1437 1498 1577 1930
1423 1463 1437 1498
1424 1439 2018 1878 2036 1982 1574 1979 1980
1425 1448 1627 1668
1426 1427 1805
1427 1459
1428
1429 1517 1721
1430
1431 1432 1507 2026
1432
1433
1434
1435 1436
1436
1437 1463 1689 1837 1918
1438 1526
1439 1724
1440 1525 1561 1961 1510
1441 1807 1957 1959 1999 2146 1594 2147 2270
1442 1670
1443
1444 1445
1445 1466 1465 1501 1670 1658 2249
1446 1576
1447
1448 1627 1668
1449
1450
1451 1452
1452
1453
1454 1661 2129 2254 2255 1761 2256
1455
1456
1457
1458
1459 1460 1805
1460
1461 1462 1631
1462 1508
1463 1498 1577 1930
1464
1465 1537 1626
1466
1467 1823 1916 1947 2053
1468
1469
1470
1471 1939 1966 1614 1724 2033 2039 1723
1472
1473
1474
1475 1886 1903 2102
1476 1477 1478 1479
1477 2244 1710
1478
1479
1480
1481 1487 1504 1488 1736 1764 1621
1482 1524
1483
1484
1485 1486 2166
1486 2166
1487 1488 1504 1621 1764 1736
1488 1621 2016 1764 1736
1489
1490 1491 1730 1748 1750 1757 1885 2022
1491
1492 1656
1493 1494 1830 1835 1816 1882 1987 1985 1994 1934 1951 1871
1494 1816 1871 1835 1882
1495 1703 1763 1951 1987 1985 1994
1496 1690 1622 1659 1609 1542 2031 2050
1497
1498 1630 1577 1638 1844 1725
1499 2244
1500
1501 1626
1502 1670 1658
1503 1514 1516 1515 1648 1808
1504 2016 1764 1736
1505 1941 1967
1506
1507
1508 1776
1509 1626 1625
1510
1511
1512
1513
1514 1516 1515 1648 1808
1515 1516 1648 1808
1516 1648 1808 2081 2082
1517
1518
1519 1520 1649
1520 1649
1521
1522
1523 1786 1769 1993
1524
1525 2065
1526
1527
1528 1724 1921 1894 1723
1529 1894 1724 1921 1723
1530
1531
1532
1533
1534 1535 2244 1710
1535
1536 1656
1537 1552
1538
1539 1656 2213
1540
1541 1617
1542 1691 2173
1543 1931 1606
1544 1545 1568 1801 1862 1802
1545 1801 1802 1862
1546 1931 1606
1547 1548
1548
1549
1550 2163 2143
1551
1552
1553
1554
1555 1572 1836 1758 1928 1765 1741 2262
1556
1557
1558 1559 1655
1559 1574 1585 1620 1642 1643
1560
1561 2065
1562 1563 1734 1674 1694 1695
1563
1564 1696 1892 1894 1795 1917 1921 2055
1565
1566 1567 2212
1567
1568 1801 1802 1862
1569
1570
1571
1572
1573
1574 1895
1575 1607
1576 1581
1577 1820 1774
1578
1579
1580
1581
1582
1583 1931
1584
1585 1655
1586
1587 1944
1588
1589 1931
1590
1591
1592
1593
1594
1595
1596 1597 1598 1599 1600 1601 1805 1968 2066
1597 1600 1938 2007 1699
1598 1600 2007 1699
1599 1600 1938 2007 1699
1600 1601
1601 1938
1602 1603 1833 1886 1916 1947 1903 1978 2053
1603
1604
1605 1606
1606 1854 1667 1664 2049
1607 1731 1879
1608
1609 1691 2173
1610 2310
1611
1612 1895
1613 1682 2197
1614
1615
1616
1617
1618
1619
1620 1655
1621 1840 1764 1736
1622 2173
1623
1624
1625 1626
1626 1958
1627
1628
1629
1630
1631 2369 2370 2102 2186
1632
1633
1634 1635 1875
1635
1636
1637
1638
1639
1640
1641
1642 1895
1643 1655
1644 1753 1797 2105
1645
1646 1732 2122 1737
1647
1648 1808
1649
1650
1651 1830 1835
1652 1835 1882 1830
1653
1654
1655 1659 1690
1656 1716
1657
1658
1659 1732 1691
1660
1661 1662
1662
1663
1664 1880 2056
1665
1666
1667 1739 1712 1827 1711
1668
1669
1670 1984 2051
1671
1672
1673 1705 1771 1707 1773
1674 1696
1675 2229
1676 1750 1901 1943 1694 1695 2068
1677
1678 1803
1679
1680
1681 1857
1682
1683 1685
1684 1785
1685 1785
1686 1840 2021 1722
1687
1688 1732
1689 1837
1690 1732
1691 2044 2050 2031
1692
1693 1747 1869
1694 1696
1695 1696 2029
1696 1788 1782 1960 2002 1781 1734
1697 2145
1698
1699 1700 1820 1950 1889
1700
1701 1830 1835 1882
1702 1703
1703 1723 1724
1704 2019 2013
1705 1707 1771
1706 1988 1781 2000 1947 2053
1707 1771 1773
1708
1709
1710 2111 2138 2244 2251 2299 2312 2313 2314 2315 2294 2316 1893 2317 2318 2319 2320 2321 2327 2330 2333
1711 1712 1827 1854 1997 1805
1712 1739 1854
1713 1714
1714 1899 1898 1897
1715
1716 1938
1717
1718
1719 1774
1720
1721
1722 1723 1724 1946
1723 1840 1763
1724 1840 1763
1725
1726 1770
1727
1728 1729
1729 1733
1730
1731
1732 1999 1957 1891 1900 2215
1733
1734 2029
1735
1736
1737
1738
1739 1827 1854 1997 1805
1740
1741 1742
1742 1758 1765 1836
1743 1931
1744 1745
1745
1746
1747 1869
1748
1749
1750 1901 1943 2022
1751
1752
1753
1754
1755
1756
1757
1758
1759
1760
1761
1762
1763
1764
1765
1766
1767
1768
1769
1770
1771 1773
1772
1773
1774 1775 1779
1775
1776
1777
1778
1779
1780 2364 2251
1781 1782 2003 1872 2010 1954
1782
1783
1784
1785
1786
1787
1788
1789
1790
1791 1792
1792
1793
1794 1795
1795
1796 1890 1909 1911 1914
1797
1798
1799 1800
1800 2082
1801 1802 1805 1862
1802 1805
1803
1804
1805 1862 1981 1995 2011
1806
1807
1808
1809
1810
1811
1812
1813
1814 1815
1815 2166
1816
1817
1818
1819
1820
1821
1822
1823 1826 1889 1950
1824
1825
1826
1827 1854
1828
1829
1830
1831
1832
1833 2055
1834
1835
1836
1837
1838
1839
1840
1841 2371
1842
1843
1844
1845
1846
1847
1848
1849 1852
1850
1851
1852
1853
1854
1855
1856
1857
1858
1859
1860
1861
1862
1863
1864
1865
1866
1867 2209 2330
1868
1869
1870
1871
1872 1988 2053 1916 1947
1873 1874
1874 1936 1937
1875
1876
1877
1878 1880 1982 2018 2020 2036 2244 2054
1879 1925
1880
1881
1882
1883
1884
1885
1886 1887
1887
1888
1889
1890
1891
1892
1893 1974 2244
1894
1895
1896 1897 1899
1897 2046 2047
1898 2046 2047
1899 2046
1900
1901 1902 1904
1902 1943
1903
1904
1905 1906
1906 2030 1955 2044
1907
1908
1909 1912
1910
1911
1912 1914
1913
1914
1915 1991
1916 1926 1929 1947 2053
1917
1918 1919 1920
1919 2028
1920 2028
1921
1922 1923
1923 2048
1924
1925
1926 2053
1927 2014 2063
1928 1993
1929 1947 2053
1930
1931
1932
1933
1934
1935 1936 1937 1993
1936 2025
1937 2025
1938
1939 1940
1940 1966 2039
1941 1942 1945
1942 1967
1943
1944 1967 2246
1945 1967
1946
1947
1948 2036
1949 1971
1950
1951
1952
1953
1954 1964
1955
1956
1957
1958 2054 1991
1959 2006 2034 2035 2005 2004
1960
1961
1962
1963
1964 2010 1990
1965
1966
1967
1968
1969
1970
1971 1973
1972
1973
1974 1976 1978 1980
1975
1976
1977
1978
1979
1980
1981
1982 1983
1983 2018
1984
1985
1986
1987
1988
1989
1990
1991
1992
1993 2025
1994
1995
1996
1997
1998
1999
2000
2001 2083
2002
2003 2004 2005 2006
2004
2005
2006
2007
2008
2009
2010
2011
2012
2013
2014 2062
2015
2016
2017
2018
2019
2020
2021
2022
2023
2024 2065
2025
2026
2027
2028
2029
2030
2031
2032
2033
2034
2035
2036
2037
2038
2039
2040
2041
2042
2043
2044
2045
2046 2083
2047
2048
2049 2089 2230
2050
2051
2052
2053
2054
2055
2056
2057
2058
2059
2060
2061
2062 2063
2063
2064
2065
2066
2067
2068
2069
2070
2071
2072
2073 2074
2074 2102
2075 2076 2136
2076 2136 2163
2077
2078
2079
2080
2081 2082
2082 2362
2083 2190 2293 2302 2301 2117 2118 2334 2335 2336 2206 2337 2339 2340 2112 2341 2311 2342 2125 2127 2343 2306 2135 2372
2084 2085 2163
2085 2358
2086
2087 2088
2088 2177 2263 2325
2089
2090
2091 2092
2092
2093
2094
2095 2137 2102
2096
2097 2134 2359
2098
2099
2100
2101
2102 2212 2107 2328
2103 2104 2121 2257
2104
2105 2136 2124 2373 2355 2374 2123 2135
2106
2107
2108
2109 2136 2260 2171
2110
2111
2112
2113
2114
2115
2116
2117
2118
2119
2120
2121 2148 2257
2122
2123
2124 2166
2125 2164
2126
2127
2128
2129
2130
2131
2132
2133
2134
2135
2136 2260 2300
2137
2138
2139 2208
2140
2141 2142
2142 2207
2143 2144 2182
2144 2182
2145
2146 2232
2147
2148
2149 2150 2271
2150 2171
2151 2152
2152
2153
2154
2155 2207
2156 2157 2158 2176 2292 2307
2157
2158
2159
2160
2161 2162
2162 2186 2187
2163 2171
2164
2165 2166
2166 2241 2263 2177 2222 2206 2280 2281 2282 2285 2323 2325
2167
2168 2238
2169
2170
2171 2261 2271
2172
2173
2174 2175
2175
2176
2177 2322
2178
2179
2180
2181
2182
2183 2238
2184
2185
2186
2187 2223
2188
2189
2190
2191
2192 2193
2193 2265
2194
2195
2196 2207 2247
2197
2198 2246
2199
2200 2224
2201 2202 2203
2202
2203
2204 2205 2206
2205
2206
2207 2209
2208
2209
2210
2211
2212
2213
2214
2215
2216
2217
2218
2219 2220 2221
2220 2241
2221
2222
2223
2224
2225
2226
2227
2228
2229
2230
2231
2232
2233
2234
2235
2236
2237
2238
2239
2240
2241 2242 2243
2242
2243
2244 2245 2294 2295 2368
2245
2246
2247 2248
2248
2249
2250 2251
2251
2252
2253
2254
2255
2256
2257 2259
2258 2259
2259 2371
2260
2261
2262
2263
2264
2265 2266
2266
2267
2268
2269
2270
2271
2272
2273
2274
2275
2276
2277
2278
2279
2280
2281
2282
2283 2284
2284
2285
2286
2287
2288
2289
2290
2291
2292
2293
2294
2295
2296
2297
2298
2299
2300
2301
2302
2303
2304
2305
2306
2307
2308 2309 2328
2309
2310
2311
2312
2313
2314
2315
2316
2317
2318
2319
2320
2321
2322 2325
2323
2324
2325
2326
2327
2328
2329
2330
2331
2332
2333
2334
2335
2336
2337
2338
2339
2340
2341
2342
2343
2344
2345
2346
2347
2348
2349
2350
2351
2352
2353
2354
2355
2356
2357
2358
2359
2360
2361
2362
2363
2364
2365
2366
2367
2368
2369
2370
2371
2372
2373
2374
