#C:\Anaconda3\lib\site-packages\ipykernel_launcher.py -f C:\Users\CRM\AppData\Roaming\jupyter\runtime\kernel-c928d1b2-22d6-4b12-84cc-8c5e05def514.json
# GMT Fri Apr 12 11:47:54 2019
# 
0 1405
1405 327 1403 1404 1411 2604
1 3671
3671 14 19 331 407 428 538 658 664 834 838 895 992 996 1295 1306 1926 2054 2153 2257 2370 2391 2576 3403 3444 3460 3483 3512 3525 3535 3546 3547 3548 3574 3580 3633 4641 4635 4501 4432 4155 3977 3728
2 152
152 143 781 1580 4093 4089
3 242
242 1324
4 2623
2623 31 34 36 37 38 40 41 42 46 49 51 54 58 60 62 66 68 69 70 72 74 77 79 80 81 82 83 84 87 88 89 90 92 96 98 100 102 104 105 109 116 117 118 121 123 125 126 127 128 130 133 3334 4852 4213
5 3664
3664 355 1190 1775 3635 3667 4717 4710 4500 4425 4388 3920 3728 3726
6 766
766 2182
7 1525
1525 1526
8 3674
3674 352 469 472 1592 1605 1685 1732 1812 1832 1883 1916 1925 1930 2120 2131 2144 2250 2307 2328 2373 2378 2404 2487 2633 2654 2690 2699 2758 2780 2797 2882 2917 2926 2928 3125 3134 3196 3279 3303 3453 3486 3550 3559 4989 3733 3728 3726
9 2510
2510 76 1452 4736 4720 3901 3794
10 3235
3235 3698
11 1757
1757 3679
12 3669
3669 122 188 860 1394 1550 1596 1617 1618 1619 1667 1723 1811 1815 1818 1840 1852 1863 1874 1897 1920 1933 1952 1989 2007 2021 2053 2082 2094 2126 2154 2159 2177 2198 2236 2314 2338 2353 2364 2392 2395 2406 2428 2463 2471 2482 2497 2524 2533 2549 2600 2607 2619 2661 2676 2712 2739 2772 2782 2813 2868 2877 2879 2888 2900 2919 2929 2932 2955 2964 2967 3006 3015 3017 3040 3043 3045 3047 3064 3066 3111 3133 3144 3161 3162 3178 3193 3195 3207 3238 3289 3454 3474 3499 3530 3541 3560 3564 3666 3733 3726
13 2916 4891 4661 4658 4640 4569 3787
2916 3350
4891
4661
4658
4640
4569
3787
14
15 3353
3342 2089 2799 2852 3368
3353 35 1730 1753 1981 2038 2169 2171 2408 2462 2518 2693 2754 2803 2899 2947 2960 3004 3269 3338 3372 3396 3398 3399 3406 3414 3415 3425 3465 3473 3478 3484 3498 3501 3506 3519 3577
16 3371
3371 43 610 671 1626 1648 1941 3324 3325 3338 3351 3368 3372 4606 4557 4548 4495 4439
17 1534
1534 1535 2583 4913
18 1415
1415 506 1403 1410 1411 1428 1866 3245 4885 4073
19
20 3315
3315 1446 3314 3740
21 3087
3087 3681
22 3618
3618 557 647 2201 2206 3231 3590 3591
23 2331
2331 3663
24 1571
1571 333 1489
25 1171
1171 26 28 73 1785 4910 3754
26
27 3679
3679 1850 1851 1932 1945 1986 2141 2216 2288 2457 2609 2691 2805 2829 3030 3084 3400 3510 3667 3733 3726
28
29 1425
1425 498 680 782 1402 1403 1410 1411 1417 1555 1846 4855 4787 4705 4701
30 3613
3613 229 757 1398 1736 1759 1810 1830 1892 1931 1962 2009 2017 2069 2194 2209 2238 2405 2440 2450 2478 2492 2498 2884 2909 2968 3032 3053 3082 3129 3288 3440 3467 3566 3596 3597 4858 4178 3808 3734
31
32 2900
2900
33 3330
3330 162 179 1576 1579 1715 1769 1923 1954 1992 2066 2274 2312 2431 2541 2551 2783 2824 2861 2902 2931 2951 2987 3028 3046 3170 3176 3180 3189 3199 3217 3325 3338 3372 3479 3495 3509 3572
34
35
36
37
38
39 2248
2248 3655
40
41
42
43 1226
1226
44 3358
3358 2112 3120 3325 3338 3351 3368 4466
45 1784
1784 67 78 278 486 3334
46
47 3632
3632 442 1445 1739 2795 2810 5019 3967
48 2846
2846 3641 4421 3956
49
50 3285
3285 1060 1477
51
52 660
660 3464
53 3659
3659 174 177 583 673 1602 2164 2579 2862 3092 3635 3667 4582 4520 4410 3810 3772 3733 3726
54
55 1492
1492 454 1490 1552 1554 1817 1937 1948 2125 2597 2638 2814 3172 3232 3439 4006 3862 3826 3824
56 2122
2122 1428 4051
57 3346
3346 385 1800 1837 1913 2035 2068 2134 2178 2212 2418 2521 2530 2559 2683 2760 2796 2854 2950 2976 3056 3136 3325 3341 3351 3368 3372 3971 3937
58
59 460
460 167 252 1168 1490 1544 1578 1624 1658 1672 1674 1712 1888 1894 2026 2027 2334 2632 2637 2779 2936 3409 3423 3428 4575 4079 4019 3862 3824 3784
60
61 193
193 1452
62
63 3660
3660 1568 1591 1710 1805 1901 1990 2004 2028 2057 2501 2595 2647 2662 2685 2706 2755 2832 2843 2949 2963 3050 3051 3261 3450 3641 3667 4485 4036 3733 3728 3726
64 245
245 3578
65 3409
3409
66
67
68
69
70
71 1477
1477 693 846 1105 1130 1229 1465 1479 1627 1761 1787 1796 1938 1946 2020 2062 2075 2174 2400 2467 2636 2655 2723 2776 2837 2839 2878 2924 3174 3462 4975
72
73
74
75 815 1182 2041 3935
815 251 502 837 839 842 911 929 941 958 981 997 1001 1007 1043 1054 1055 1064 1357 1368
1182 839 911 929 941 949 972 1016 1043 1047 1054 1055 1057 1184
2041 897 941 1031 1045 1051
3935
76
77
78
79
80
81
82
83
84
85 334
334 1011
86 3643
3643 113 142 1706 1707 1737 1833 1887 1900 1924 1998 2008 2086 2124 2191 2267 2299 2377 2466 2474 2511 2526 2692 2714 2727 2742 2840 2910 2992 3140 3141 3150 3165 3167 3204 3273 3463 3635 3667 4538 3733 3726
87
88
89
90
91 3638
3638 158 704 1100 1574 1589 1630 1660 1690 1724 1729 1816 1825 1836 1879 1881 1953 1973 1979 1993 2047 2083 2091 2133 2166 2226 2228 2233 2286 2323 2375 2388 2396 2409 2441 2445 2452 2458 2464 2502 2539 2603 2605 2630 2631 2642 2658 2666 2732 2830 2831 2847 2865 2912 2923 2927 2934 2962 3024 3031 3044 3049 3067 3103 3127 3146 3166 3190 3191 3210 3218 3233 3277 3407 3416 3446 3469 3480 3508 3520 3521 3527 3544 3565 3635 4618 4322 3733 3728 3726
92
93 3616
3616 790 1132 1155 1235 1623 1725 1750 1808 1934 2078 2121 2148 2196 2229 2235 2315 2316 2525 2626 2694 2731 2747 2905 2954 2989 3012 3209 3227 3248 3254 3255 3287 3421 3494 3561 3590 3591 3596 3597 3869 3808
94 3658
3658 145 196 1558 2737 3667
95 1069
1069 169 173 178 180 271 274 275 349 463 613 614 786 787 788 1049 1073 1091 1355 3327 4822 4706 4498 4458 4405
96
97 3018
3018 1458
98
99 2354
2354 3626 5021
100
101 1300
1300 3283
102
103 2568
2568 1391
104
105
106 2589
2589 3695 3696 4722 4457
107 1954
1954 388 4788
108 2467
2467
109
110 3264
3264 246 1475 4137
111 3381
3381 2616 3322
112 1676 4725
1676 157 3683
4725
113
114 776 3340
776
3340 165 465 921 1547 1572 1687 1752 1983 2203 2204 2421 2460 2507 2627 2886 2930 2946 2948 3013 3081 3132 3154 3202 3211 3212 3323 3324 3338 3351 3368 3445 3552 4542
3341 512 2886 3316 3322 3323 3327 3328 3329 3332 3333 3334 3336 3344 3349 3357 3369 3370 3372 3375 3376 5004 4934 4558 4341 3961
115 2985
2985 3375
116
117
118
119 1921
1921 3697
120 2984
2984 134 135 769 1327 1466
121
122
123
124 2224
2224 3586
125
126
127
128
129 3242
3242 3369
130
131 2095
2095 1428
132 1684
1684 3344
133
134
135
136 1428
1428 159 1402 1403 1419 1420 1426 1430 1777 1907 2096 2165 2183 2473 2485 2682 2856 3123 3429 3451 3832
137 3501
3501
138 2977
2977 3349
139 3406
3406
140 1708
1708 3608
141 1472
1472 566 1137 1187 1259 1388 1448 1465 1479 1597 1634 1661 1662 1841 1984 2051 2155 2322 2415 2416 2775 2800 3002 3022 3119 3143 3149 3410 3426 3452 3493 4861 4700 3910
142
143
144 780
780 3337
145
146 2039
2039 434 3333
147 3329
3329 610 700 725 802 1600 1778 1999 3324 3325 3351 3368 4567 4509
148 3417
3417 3637 4451 4441
149 3648
3648 365 386 801 882 2033 2574 3206 3667 4801 4535 4442 3733
150 3311
3311 1829 2093 2434 2495 2794 3313 4827 3850
151 3203
3203 3893
781
1580 1505
4093
4089
153 2952
2952 3337
154 3637
3637 183 189 230 375 1581 1628 1646 1718 1719 1721 1745 1758 1781 1845 1865 2076 2221 2239 2310 2317 2389 2430 2493 2508 2613 2677 2719 2836 2853 3023 3155 3500 3503 3579 3675 3728 3726
155 783
783 3004 4480
156 2797
2797
157
158
159
160 2225
2225 1088 1539
161 2445
2445
162
163 784 4965 4688 4411
784 165
4965
4688
4411
164 2590
2590 3350
165
166 1770
1770 3347
167
168 3641 4596 4593
3641 236 1698 1734 1746 1788 1959 2010 2037 2168 2184 2207 2297 2382 2383 2397 2420 2556 2635 2738 2751 2834 2844 2851 3054 3114 3124 3270 3394 3633 3635 3665 3666 3667 3728 3726
4596
4593
169
170 2171
2171
171 3585
3585 415 570 677 1802 1976 2503 2528 3278 3489 3586 4513 4499
172 1459
1459 377 1092 1465 1479 1654 1668 1700 1756 1919 2011 2151 2182 2192 2332 2368 2376 2394 2476 2701 2708 2975 2993 3055 3100 3301
173
174
175 1429
1429 1266 1402 1411 1583 1586 1902 2273 2417 2575 3009 4863
176 3720
3720 1599 1955 2143 2308 2670 3722 4165
177
178
179
3331 1923
180
181 3368
3368 512 702 1138 1659 1671 1956 1966 2065 2333 2537 2667 2717 2823 3171 3214 3219 3316 3322 3323 3328 3333 3334 3338 3343 3349 3350 3351 3355 3356 3357 3360 3370 3373 3374 3375 3376 3523 4998 4961 4780 4558 4035 3860
182 1692
1692 3327
183
184 1243
1243 3200
185 1505
1505 1097 1257 1606 1878 2073 2088 2249 2379 2687 3115 3412 3447 3458 3461 3466 3491 3553 3567 3862 3824
186 2690
2690
187 2652
2652 3316
188 1223 4489
1223 4562 4526
4489
189
190 1118 1968
1118
1968 3683
191 3333
3333 363 465 785 1609 1689 1720 1801 1914 1991 2013 2064 2097 2113 2176 2222 2253 2320 2468 2515 2522 2622 2864 2892 2998 3008 3145 3185 3220 3324 3325 3338 3351 3372 3433 3518 3563 3569 4010
192 3708
3708 1446 1480 1971 3706 3707
1452 740 1014 1070 1390 1395 1448 1598 1735 1744 1813 1834 1958 1978 1997 2023 2025 2036 2172 2227 2280 2287 2289 2348 2365 2390 2410 2437 2454 2477 2483 2520 2606 2639 2681 2688 2748 2788 2808 2812 2815 2816 2820 2822 2903 2914 2941 2991 3003 3026 3027 3057 3065 3083 3098 3102 3121 3126 3131 3224 3267 3291 3438 4721 3746
194 3603
3603 380 406 572 573 593 698 748 1702 2540 3590 3596 3597 4065 3808
195 3612
3612 509 527 873 1143 1332 2128 2759 2869 3094 3589 3591 3597 4813 4636 3808
196
197 2355
2355 1408
198 343 1254
343 226 300 374 3843 3755
628 232 293 303 306 319 4923 3843
791 319 872 901 4923 3843
1254 218 319 347 374 871 899 4923
199 3683
3683 1613 1682 1911 2265 2578 2620 2659 2710 2809 3033 3086 3151 3250 3667 3684 3728 3726
200 867 909 918 927 948 964
346 207 510 869 896 910 928 940 957 971 980 986 1064 4429
867 393 1357 2045 3789
894 393 1357 3777
909 393 1357 2045 3872 3811
918 393 1357 2046 4263
927 393 1357 2045 4299
939 1357 2046 4240
948 1357 4351
956 393 1357 2046 4352 4335
964 393 2045 4334 4315
201 2580
2580 3337
202 2819
2819 3893
203 2968
2968
204 3337
3337 559 589 856 1009 1141 1261 1577 1620 1656 1677 1880 1884 1895 1988 1995 2012 2070 2077 2099 2119 2139 2157 2180 2218 2219 2232 2284 2306 2344 2367 2387 2429 2439 2523 2527 2573 2586 2594 2599 2602 2668 2696 2725 2790 2859 2925 2953 2995 3077 3110 3117 3118 3137 3148 3160 3184 3188 3244 3296 3304 3323 3325 3372 3393 3443 3468 3470 3511 3513 3514 3529 3581 3582 4937 4550 3855
205 2810 3845
2810 1206 1211 3809
3845 316 1206
206 3017
3017
207
208 2486
2486 1426
209 276
276 913 1184 3784 3748
210 3700
3700 543 682 1337 2305 2969 3690 4571
211 2344
2344 378
212 502
502 920
213 643
643 4156
214 1228
1228 520
215 1820
1820 3663
216 468
468 1553 1595 1622 1665 1679 1691 1799 1822 1889 1917 1918 1965 1977 2163 2215 2534 2543 2569 2611 2614 2669 2686 2720 2722 2749 2786 2938 2973 2986 3435 3455 4019 3862 3824
217 1250
1250 520
218
219 2911
2911 1059 4558
220 747
747 761
221 260
260 289 1184
222 2421
2421
223 282
282 290 4694 3748
224 3698
3698 1740 2024 2032 2074 2138 2371 2825 2876 2982 3187 3200 3488 3526 3538 3556 3693 3828 3745
225 1368
1368 2042
226
227 1122
1122 1324
228 510
510 291 301
229
230
231 560
560 292 302 1184
232
233 3808
3596 1411 3590 3591 3593 3594 3595 3599 3600 3601 3602 5006 4979 4326 4284 4215 4136 4060 4017
3808 1410 3591 3592 3593 3594 3595 3599 3600 3601 3604 3611 3615
234 1488
1488 1480 1487 1749 1821 2283 2513 4903
235 3623
3623 1010 2582 3625
236 237
237
238 3663
3663 558 1154 1546 1563 1635 1905 1987 2061 2100 2193 2268 2269 2276 2298 2304 2425 2481 2592 2593 2598 2713 2835 2842 2867 2873 2937 2958 3037 3441 3504 3545 3635 3667 3733 3728 3726
239 3382
3382 2972 3383
240 2330
2330 3328
241 3697
3697 1095 1927 1985 2190 2234 2351 2442 2536 2628 2762 2821 3029 3038 3405 3430 3537 3575 3685 3686 3693 5012 4013 3828
1324 2665 4682
243 2658
2658
244 3691
3691 630 1153 1607 1629 1819 1826 2237 2245 2804 2871 2915 3686 3828 3745
3578 1422
246
247 1777 4959
1777
4959
248 1414
1414 351 457 602 1382 1410 1416 1417 1601 2259 2778 3104 3266 3434 3534
249 3611
3611 358 1178 1645 1842 2272 2624 2651 2855 3076 3230 3281 3293 3589 3590 3591
250 1825
1825
251 761 1184 2042 4694 4377 4157
392 1342
761 1342
1184 319 621 827 898 919 942 966 982 987 991 1002 1017 1032 1044 1048 1052 1056 1058 1221 4174
2042 547 765 813 842 897 929 941 949 965 1001 1016 1043 1045 1054 1055 1057 1342
4694
4377
4157
3748 870 912 930 942 959 966 987 991 1002 1008 1017 1032 1048 1052 1056 1058 3672
252
253 3172
3172
254 2017
2017 4695 3864
255 920
920
256 963 4923 4107
319 325 329 342 344 608 891 924 937 954 970 984 994 1005 1131 3363 4521 4113 3833
963 4323
4923 325 342 488
4107
257 3642
3642 396 822 876 1260 1790 2491 2494 2922 3252 3635 3667 4817 4465 4443 3933 3733 3728
258 3097
3097 3655
259 1460
1460 1120 2040 3062
289 624
261 2772
2772
262 1630
1630
263 1418
1418 1403 1410 1411 1417 1573 1794 2150 2393 2496 2558 2561 2625 2896 3078 4924
264 3440
3440
265 852 893 908 926 1144 4897 3996 3876
326 938 4921 4897 3996 3876
852 1021 3930
893 4256 4232 3930
908 4269
917 3930
926 4276 3930
1144 323 329 347 925 955 985 1015 1042 1181 4369
1301 342
4921
4897 336
3996 342 1131
3876 1419
266 2169
2169
267 3376
3376 610 1220 1315 1632 2908 3325 3338 4016
268 3617
3617 1560 1964 3590
269 2607
2607
270 1320
1320 3283
271
272 1204
1204 534 611
273 1821
1821
274
275
913
3784
277 2411
2411 1518
278
279 2594
2594
280 3347
3347 481 580 1248 1264 1967 2152 2453 3324 3338 3351 3372 4532 4530
281 3343
3343 3225 3247 3325 3338 3372
290 4313 4307
283 3494
3494
284 2980
2980 3689
285 1520
1520 720 1521 1847 2671 3093 3422 3436 3533 4759 4148 3993
286 3257
3257 4175 4136
3286 4136
287 813 4220
813 1064
4220
288 1342 4185
1342
4185
624
4313
4307
291 501 4320
501 301 1357 2045
4320
292 4346 4339
4346
4339
293 4355
4355
294 1253
1253 2203
295 3662
3662 1974 2019 3667 4696 4647 4430 4406 3848 3733 3726
296 3204
3204
297 3352
3352 410 651 762 845 3135 3351 3372 4626 4523 4514 3731
298 348 865 892 907 925 947 955 985 990 1000
328 1038
348 901 2044
865 329 1251 2044 4014
892 329 4028 3898
907 329 2044 4040
916 329 3834
925 329 2044
947 1251 2044 3800
955 3755
979 1251 2044 4304 4200
985 329 4202 3755
990 329 4203
995 329 1251 4300 4237 3755
1000 329 2044 4186
1006 329 1251 4267 3755
1015 329 1251 2044 4268
1042 1251 4356
3833 310 347 835 864 924 946 962 978 999 1169 1347
299 2157
2157
300 4385
4385
301 4311
4311
302 4358
4358
303 4319
4319
304 3503
3503
305 2484
2484 3332
306 4382
4382
307 2628
2628 4433
308 1169
310 1024 1038
347 871
1169 1022 1036
309 3591
3591 699 3071 3164 3597 3600 3615
1024 4350
1038 4371
311 344
325 1064 1347 3861
344 4169 4164 4152 4151 4150 4135 4125 4124 4121 4114 4105
312 3704
3704 2744 2971 3096 3107 3139 3260 3705
313 3355
3355 546 631 793 805 1358 3372
314 2645
2645 3640
315 853
853 828 2538
316
317 3050
3050 391
318 3356
3356 685 1353 2615 2880 3338 3351 3372 4496 4473 4454
329
336
342 1762 4122 3861
608
864
891
924 3802
937 4031
946 4033
954 3964
962 4205
970 4187
978 4216
984 4247
994 4298
999 4292
1005 4336
1131 4158
3363 531 1209 1783 1793 3323 3324 3325
4521
4113
320 2352
2352 1458
321 3405
3405
322 3431
3431 3893
323
324 2426
2426 3370
1064 533 898 912 919 930 942 950 959 966 973 987 991 998 1002 1017 1032 1044 1048 1052 1058 1156
1347 3930
3861 1762
866 4253 3930
938 4359
1419 1402 1403 1426 1872 2281 2346 3075 3930
327
2044 338 1181 1251 4369
330 1964
1964
331
332 3212
3212
333 1255
1255
1011 875
335 340
340 951 3131
4758 1444
337 1467
1467 367 505 584 654 753 777 1208 1219 1448 1465 1824 1861 2349 2644 4630 4579 4477 4168 4056 4002 3729
338
339 1785
1785 1213 4553 4511 4507 4506 4505 4491 4488 4484 4380 4368 4302 4301 4251 4250 4242 4183 4161 4100 4048 3990 3939 3880 3786 3757
951
3131
341 2351
2351
1762 3327 5001
4122
374
3843 657
3755 657
4169
4164
4152
4151
4150
4135
4125
4124
4121
4114
4105
345 1343
1343 863 890 906 915 923 936 953 989 1030 1041 1221
827 896 910 928 940 957 986
869 3954 3913
896 3903
910 4037 3913
928 4223
940 4222
957 4317 4310
971 4349
980 4329 3913
986 4338 4337
4429 393
871 4258
899 4275
872 835 4221
901 835 4289
349
350 3218
3218
351 461
461
352
353 3651
3651 859 1340 2500 4471 3728
354 3584
3584 3583
355
356 537 2829
537
2829
357 1854
1854 1528
358 840
840
359 2924
2924
360 1865
1619
1865
361 3049
3049
362 2108
2108 3625
363
364 3600
3600 372 697 1277 2014 2123 2135 2567 2881 2994 3158 3590 3597 4935 4146 4078
365
366 2109
2109 1508
367
368 2593
2593
369 1474
1474 1142 1239 1311 1448 1465 1479 2049 2557 2801 4869 4283 4138
370 1455
1455 609 732 804 1465 1479 2470 2680 4007 3953
371 2997
2997 1422
372
373 1809 3981 3904
1809 1475
3981
3904
657 1020 1035
375
376 3326
3326 610 1299 1876 1929 2050 2271 2933 3324 3325 3372 4847 4833 4482 4426 3873 3765
377
378
379 1471
1471 535 703 745 844 1448 1465 1479 3168 4715 4622 4134
380
381 1551
1551 3689 4731
382 3370
3370 1594 1650 1760 1936 1975 2056 2210 2362 2601 2718 2734 2784 2806 2863 2889 2944 3074 3183 3280 3324 3517 4794
383 3373
3373 511 692 820 883 1369 2572 2643 2935 3292 3325 3338 3372 4518 4402 4244 3896
384 3091
3091 1511
385
386
387 2975
2975
388 1350 3780
1350 3780
3780
389 3080 4884
3080 3349
4884
390 2807
2807 3673
391
547 1025
393 4145
4145
394 2944
2944 652
395 2205
2205 1484 3844
396
397 1920
1920
398 2410
2410
399 3157
3157 3375
400 1852
1852
401 1898
1898 3336
402 1612
1612 3344
403 2032
2032
404 2964
2964
405 3521
3521
406
407
408 2668
2668
409 1640
1640 3586
410
411 3586
3586 1371 1699 1765 2002 2140 2369 2756 2845 3587 4058
412 3422
3422
413 3060
3060 1539
414 3328
3328 610 655 1766 1839 1853 3324 3372 4845 4818 4775 4768 4750 4714
415
416 1853
1853
417 1512
1512 1094 1159 1510 1559 1666
418 1454
1454 800 1448 1479 2200
419 1426
1426 1256 1402 1410 1411 1416 1417 1430 1798 2090 2170 2188 2213 2313 2427 2461 2472 2475 2552 2777 3418 3482 3532 3540 4713
420 2561
2561
421 1611
1611 3650
422 2941
2941
423 3676
3676 809 1399 1641 1716 1728 1827 1862 1885 1940 1980 2071 2081 2256 2381 2399 2618 2646 2660 2702 2750 2765 2770 3099 3163 3182 3229 3274 3456 3485 3633 3665 3667 4573 3733 3726
424 3485
3485
425 2015
2015 3694
426 2291
2291 3348
427 1597
1597
428
429 1100
1100
430 3262
3262 3387
431 1602
1602
432 2800
2800
433 1727
1727 3893
434
435 2112
2112
436 3110
3110
437 1645
1645
438 454
454
439 2145
2145 3327
440 3561
3561
441 2165
2165
442 4894
4894
443 1653
1653 1485
444 2418
2418
445 1584
1584 1496
446 631
631 1521
447 3184
3184 4771
448 3293
3293
449 2471
2471
450 2981
2981 1484
451 487 1705
487
1705 3680
452 3161
3161
453 2009
2009
455 1490 2132 3862 3824
1490 465 1198 1491 1503 3325 4079 4019
2132 1198
3862 475 483 1491 1496 1504 3323 3324 3325
3824 475 483 1198 1495 1496 1498 1503 1506 3325
456 3196
3196
457 4875
4875
458 3076
3076
459 1650
1650
1168
1544 1497
1578
1624 3821
1658 4783 3735
1672
1674 4930
1712 485
1859 1497
1888 4448 4447
1894 711
2026 1199
2027
2334 4840 4828
2632
2637 3774
2779
2936
3423 1114
3428
4575
4079 475 1198 1493 1495 1496 1504 1506 3665 3666 3667
4019 483 1198 1491 1493 1496 1498 1506
462 3419
3419 3350
463
464 2629
2098 3374
2629 3357
465 565 596 744 861 1188 1329 2179 2726 2943 4888 4832 4773 4742 4741 3932
565
596
744
861
1188
1329
2179 1498 4778
2726 1498 3857
2943 564
4888
4832
4773
4742
4741
3932
466 3478
3478
467 2699
2699
1553
1595 3397
1622
1665
1679
1691 4704
1799
1822 1499
1889 4672
1917
1918 819
1965
1977
2163 1238
2215
2534
2543
2569 4857
2611 4838
2614 1511
2669 670
2686 797
2720 4779
2722
2749
2786
2938 4602 3922
2973 794
2986
3435
3455
469
470 2642
2642
471 3565
3565
472
473 1814
1814 3722
474 1496
1496 1714 1792 1928 2186 2187 2584 2689 2798 3197 4900 3791
475 2262 2451 4074
2262 4090
2451
4074
476 3160
3160
477 2447
2447 3647
478 2432
2432 3388
479 3304
3304
480 1728 3817
1728
3817
481
482 2091
2091
483 2792
2792 4556 4059 4008 3792 3747
484 1319
1319 1693
485
486
488
1020 4204
489 2976
2976
490 1133 1842
1133
1842
491 3039
3039 3695
492 1845
1845
493 1976
1976
494 2631
2631
495 3543
3543 1475
496 3510
3510
497 2099
2099
498
499 2129
2129 3654
500 3415
3415
1357 3913
2045 3601 3913
503 661 905 922
590 1019 1034 1258 4172
661 1040 1156 1258 4172
862 1156 1221 4228
905 1156 1221 4246
922 1221 4296 4239
944 1221 4184
960 1156 1221 4312
976 1156 1221 4343
1221 914 935 952 983 4118 4115 3842
1482 520 1360 1448 1479 4345
504 1709
1709 1506
505
506
507 3360
3360 610 1140 2455 3324 3338 3372 4829 4659 4632 4584 4054 3980 3888 3879
508 1527
1527 3298 4697 4671 4616
509
511
512 2678 3325
2678 4330
3325 1059 1402 1403 1411 3316 3322 3327 3334 3344 3350 3354 3357 3359 3361 3362 3364 3365 3366 3367 3375 4974 4467 4341 3750
3338 2005 2070 2077 2337 2790 2859 2953 2996 3316 3321 3322 3332 3334 3336 3344 3348 3349 3350 3369 3372 3374 3375 3529 4980 4962 4937 3769
3372 3316 3323 3332 3334 3335 3336 3348 3349 3350 3357 3369 3374 3375 3665 3666 3667 3687 4558 4044
513 3541
3541
514 755 3592
755
3592 3589
515 3568 4048
3568 1440
4048
516 2811
2811 1526
517 2261
2261 1521
518 2453
2453
519 630
630 4719
520 665 855 889 935 952 968 1156 1303
665 1018 1033
855
889 1156 4235
914 4248 4207
935 1156 4294 4196 4194
952 1156 4226
968 4347
1156 1258 4120 3842
1303
521 2197
2197 3344
522 3532
3532
523 2897
2897 1430
524 2529
2529 3653
525 2202
2202 3587
526 3647
3647 1191 1192 1363 1651 1943 2275 2329 3095 3635 3667 4823 4087 3965 3733 3728 3726
527
528 3022
3022
529 1485
1485 750 1484 1858 2055 2058 4876
530 3175
3175 1457
531
532 2579
2579
533 1025 1039
1025 4321
1039 4324
534 2683
2683 1349
535
536 1408
1408 1410 1436 1510 2358 2860 3383 3386 3392 3619 3621 3627 3717 4598 4570
538
539 1897
1897
540 2894
2894 1511
541 1103
1103 549
542 3429
3429
543
544 3094
3094
545 2525
2525
546
548 3053
3053
549 552
552 3690
550 3653
3653 816 1996 2489 2716 3667 4577 3726
551 3182
3182
3690 1085 1570 1590 1857 1903 2264 2361 2407 2709 2740 2766 2828 3070 3576 3685 3686 3693
553 2540
2540
554 2554
2554 1515
555 2073
2073
556 2785
2785 1504
557
558 4036 4027 4026 4022 4021 4020
4036
4027
4026
4022
4021
4020
559
561 3074
3074
562 2203
2203 707
563 2627
2627
564
566
567 2757
2757 1528
568 1509
1509 1508
569 1594
1594
570
571 1457
1457 629 1448 1479 2292 3251 4101 4072
572
573
574 2133
2133
575 825 3619
825
3619
576 2139
2139
577 1991
1991
578 3389
3389 2566 3387
579 3481
3481 1518
580
581 3581
3581
582 1686
1686 3893
583
584
585 2550
2550 1489
586 718
718 1489 1683 1763 2956
587 2377
2377
588 3332
3332 1768 2115 3324 4851 4793 4781 4540 4455 3870
589
1019 4303
1034 4367
1258 863 890 906 923 936 945 953 969 1014 1030 1041
4172
4156 923 945 961 977 989 1014 1041 1456
591 3108
3108 1515
592 3558
3558 3695
593
594 2218
2218
595 3695
3695 1631 1877 2243 2413 2546 2548 2767 2850 2906 2918 2939 3016 3208 3411 3413 3420 3459 3472 3505 3549 3570 3685 3686 3693 3738
597 2375
2375
598 1760
1760
599 2960
2960
600 604
604 3105
601 3550
3550
602 1413 3825 3814 3790
1413 1410
3825
3814
3790
603 1721
1721
3105 3680
605 1427
1427 678 1109 1402 1403 1410 1411 1417 2220 2531 3177 4960 4868 4669
606 2979
2979 1391
607 2404
2404
609
610 3316 3369 4558 3750
3316 1548 3072 3156
3327 1915 1982 1994 2104 2130 2230 2764 2773 3112 3213 3215 3401 4738
3336 821 1556 2161 2961 3324 3351 3812 3739
3369 1569 1688 3073 3237 3324 4083
3374 798 1084 2621 4878
3375 1566 1610 1614 1621 1695 1893 2118 2303 2479 2499 2703 2729 2827 2841 2959 2974 3490 3551
4558 2724
3750
611
612 2008
2008
613
614
615 2861
2861 1128 4692 4670 3799
616 3229
3229
617 1902
1902
618 1858
1858
619 3559
3559
620 2323
2323
621 1023
1023 4190
622 1410 3324 3728
1410 1403 1406 1409 1416 1420 1421 1430
3323 3322
3324 1402 3321 3334 3335 3348 3350 3357
3728 1391 3633 3640 3645 3650 3652 3654 3656 3672 3680 3681 3682
623 1811
1811
625 3468
3468
626 2079
2079 3317
627 3410
3410
629
4719
1521 1263 1522 1652 1751 2137 2167 2565 2679 3305 3507 4058
632 3387 4173
3387 1588 1642 1722 1843 1935 2258 2340 2341 2608 2707 3001 3109 3181 3234 3388 3390 3522 3571 3633
4173
633 1440
1440 1087 1139 1439 2857
634 1504
1504 2570
635 1609
1609
636 3210
3210
637 3436
3436
638 2562
2562 1458
639 2146
2146 3344
640 2244
2244 3654
641 3025
3025 1542
642 2992
2992
644 3380
3380 2848 4140
645 2287
2287
646 2123
2123
647
648 2427
2427 3778
649 3035
3035 1277
650 2978 4552
2978 3350 4969 4594
4552
651
652
653 2526
2526
654
655
656 3678
3678 1587 1922 2214 2285 2301 2403 2704 3222 3226 3666 3974
1035 4381
1251
658
659 3271
3271 3384
3464 3694
1040 4318
662 2825
2825
663 3657 5009 5005
3657 1549 1886 1944 2321 3666 3667
5009
5005
664
1018 4254
1033 4360
666 2765
2765 4004
667 769
769
668 768
768 1789
669 2335
2335 1506
670
671
672 2164
2164
673
674 2333
2333
675 814 1644
814
1644 3350
676 1430
1430 681 843 1403 1417 2052 2401 4082
677
678
679 3656
3656 724 1093 1370 2162 2326 2544 3667 4395 3733
680
681
682
683 3652
3652 2563 2574 3667 4413
684 1577
1577
685
686 3349
3349 1703 1789 1910 2555 2895 3089
687 2648
2648 1542
688 1473
1473 689 1331 1448 1465 1479 1675 1754 2160 2674 2781 3727
689
690 3180
3180
691 2925
2925
692
693
694 1958
1958
695 3116
3116 3344
696 3388
3388 1657 2085 2435 2488 2891 4474
697
698
699 4679
4679
700
701 2084
2084 1495
702
703
704
705 3231
3231
706 2199
2199 1495 3785
707
708 2016
2016 3650
709 3560
3560
710 3220
3220
711 754
754
712 3497
3497 1526
713 2390
2390
714 2723
2723
715 2961
2961
716 1662
1662
717 3459
3459
1489 758 3173 3306 4058 3936
1683
1763
2956
719 3317
3317 2359 2360 2700 3205 3318 3319 3320 3322 4761
720
721 1541
1541 1286 1731 2080 2345 2588 4546 4503 4436
722 2754
2754
723 2420
2420
724
725
726 2322
2322
727 1939
1939 3344
728 3523
3523
729 3158
3158
730 2496
2496
731 2118
2118
732
733 3357
3357 2107 2142 2255 2711 2799 4796 4537
734 3453
3453
735 3186
3186 3344
736 2417
2417
737 1666
1666
738 3496
3496 1511
739 760 2512
760
2512 3702
740
741 3514
3514
742 1738
1738 1515
743 2338
2338
745
746 1732
1732
748
749 3289
3289
750
751 2865
2865
752 3008
3008
753
756 2805
2805
757 2999 3614
2999 3602
3614
758
759 3509
3509
762
763 2737
2737
764 2057
2057
765
2182
767 3024
3024
1789
770 2158
2158 1304 4764 3733
771 1806
1806 3893
772 2127
2127 3649 3650
773 2872
2872 1511
774 2959
2959
775 1185
1185 1783
777
778 1462
1462 1237 1448 1697 2490 3153
779 3044
3044 4274
782
3004 1129 4504
4480
785
786
787
788
789 3392
3392 3391
790
835
792 2889 4842 4763
2889
4842
4763
793
794
795 1796
1796 1066 3822
796 2004
2004
797
798
799 2356 4911
2356 3385
4911
800
801
802 811
811
803 3111
3111
804
805
806 1988
1988
807 2201
2201
808 3148
3148
809
810 3176
3176
812 1582
1582 3334
837 4387
839 4384
842 4383
897 3968
911
929 3992 3917
941 4023
949 3912
958 3924
965 4029 3998
972 3983
981 3966
997 4293 4233
1001 4249
1007 4295 4224
1016 4278
1031 4230
1043 4206
1045 4227
1047 4282
1051 4257
1054 4241
1055 4353
1057 4314
816
817 2222
2222
818 3399
3399
819
820
821
822
823 1776 4985
1776 1421
4985
824 2304
2304
826 2664
2664 3699
2046 3604
828
829 2232
2232
830 1801
1801
831 2177
2177
832 2449 4163 3918
2449 1458
4163
3918
833 2778
2778
834
836 2910
2910
4387
838
4384
841 2939
2939
4383
843
844
845
846 3946 3945 3940
3946
3945
3940
847 3474
3474
848 2610
2610 3339 4508 3760
849 1517
1517 1518 4799 4718 4564 4461 4409 4162
850 2265
2265
851 3334
3334 1013 1633 1947 2031 2156 2266 2517 2591 2653 2663 2907 3068 3128 3216 3351 3524 3557 3867
1021 4271
3930
2538 3344
854 2120
2120
856
857 2621
2621
858 2043 4386
2043 870 912 930 950 982 991 1048
4386
859
860
4228
863 4197
4197
4014
4253
3789
868 3615
3615 1386 1711 1835 2433 3299 3589
3954
3913
870 3916
3916
4369
4258
4221
873
874 2472
2472
875 2887
2887 1481 4749 4070 4067 4066 4057 3934
876
877 3059
3059 1526
878 3171
3171
879 3404
3404 3344
880 3061
3061 1526
881 2497
2497
882
883
884 1906
1906 3344
885 1813
1813
886 1702
1702
887 1726
1726 1435
888 1696
1696 3680
4235
890 4285
2040 936 953 993 1030
4285
4028
3898
4256
4232
3777
895
3903
3968
898 3986
3986
4275
900 1082
1082 1823
4289
902 3251
3251
903 2278
2278 1458
904 2570
2570
4246
906 4277
4277
4040
4269
3872
3811
4037
912 3846
3846
4248
4207
915 4209
4209
3834
4263
919 3991 3950
3991
3950
921 3856 3854 3853 3840 3839 3838
3856
3854
3853
3840
3839
3838
4296
4239
923 4259
4259
3802
4276
4299
4223
3992
3917
930 3955
3955
931 2147
2147 3893
932 2266
2266
933 2948
2948
934 2022
2022 3650
4294
4196
4194
936 4287
4287
4031
4359
4240
4222
4023
942 3925 3900
3925
3900
943 2808
2808
4184
945 4290
4290
4033
3800
4351
3912
950 3938
3938
4226
953 4189 4188
4189
4188
3964
4352
4335
4317
4310
3924
959 4000
4000
4312
961 4288
4288
4205
4323
4334
4315
4029
3998
966 3958
3958
967 2967
2967
4347
969 4236
4236
4187
4349
3983
973 3891
3891
974 2903
2903 4142
975 1166
1166 2539
4343
977 4286 4252
4286
4252
4216
4304
4200
4329
3966
982 4001
4001
983 4333
4333
4247
4202
4338
4337
987 4212
4212
988 1528 4112 4110 3948 3947
1528 1524 1625 2293 2296 2564 2617 2793 3911 3889
4112
4110
3948
3947
989 4327
4327
4203
991 4225
4225
992
993 4308
4308
4298
4300
4237
996
4293
4233
998 4245 4208
4245
4208
4292
4186
4249
1002 4243
4243
1003 2075
2075
1004 2359
2359 1231
4336
4267
4295
4224
1008 4273
4273
1009
1010
1012 1096 1173
1096
1173 2394
1013
1014 4354 4328
4354
4328
4268
4278
1017 4229
4229
4254
4303
4204
4271
1022 1181 4272
1181
4272
4190
4350
4321
1026 1886
1886 3757
1027 1077
1077 3519
1028 2573
2573
1029 2405
2405
1030 4363
4363
4230
1032
4360
4367
4381
1036 4378
4378
1037 2448
2448 1538
4371
4324
4318
1041 4309
4309
4356
4206
1044 4279
4279
4227
1046 2212
2212
4282
1048 4217
4217
1049
1050 1661
1661
4257
1052 4342
4342
1053 1780 4389
1780 3351 4637
4389
4241
4353
1056 4375
4375
4314
1058 4344 4340
4344
4340
1059 1067
1067
2724
1060
1061 1933
1933
1062 2180
2180
1063 1132
1132
1065 3043
3043
1066
1068 1781
1781
1073
1091
1355
4822
4706
4498
4458
4405
1070
1071 1791
1791 3650 4956
1072 1826
1826 1099
1074 2991
2991
1075 1101 4654
1101 3628
4654
1076 2934
2934
3519
1078 3545
3545
1079 3169
3169 3689
1080 3126
3126 3829
1081 1913
1913
1823 1351 3692 3693 4752 4527 3969
1083 1638
1638 1422
1084
1085 4740
4740
1086 1421
1421 1402 1403 1411 1681 1773 1951 2181 2883 2898 3152
1087
1088
1089 1629
1629
1090 2613
2613
1092 1856
1856
1093
1094 4551
4551
1095
1097
1098 1422
1422 1396 1402 1403 1743 1767 2072 2101 2535 3449 3471 3516 3554 3573
1099
3628 2874 3629
1102 2816
2816
1104 1637
1637 3893
1105
1106 2362
2362
1107 2037
2037 4699
1108 1239
1239
1109
1110 1484 3944 3844
1484 2270 3594
3944
3844 2270
1111 1908
1908 3715
1112 2325
2325 1391
1113 3244
3244
1114
1115 1333 2618
1333
2618
1116 1608
1608 1437
1117 3263
3263 1542
1119 2530
2530
1120
1121 3914
1174 3153
1212 3153 3914
1246 3153
3153 4866
3914
1123 1994
1994
1124 3140
3140
1125 2728
2728 1126 1127 3350 4928 3988 3798
1126
1127
1128
1129
1130
1627
4158
1134 3073
3073
1135 3069
3069 3351 4726 3773
1136 2249
2249
1137
1138
1139
1140
1141
1142
1143
1145 1840
1840
1146 2455
2455
1147 2475
2475
1148 1655
1655 1451
1149 2364
2364
1150 2172
2172
1151 2923
2923
1152 3476
3476 3893
1153
1154
1155
4120
4115
3842
1157 3344
3344 1694 1755 1772 1774 1795 1875 1909 1912 2060 2136 2185 2300 2505 2519 2547 2761 2763 2866 2921 2942 3005 3138 3528 3555 3562
1158 3398
3398
1159
1160 2713
2713 4459
1161 2617
2617
1162 2424
2424 3680
1163 2021
2021
1164 2260
2260 3893
1165 3200
3200 4653 3801 3744
3801
2539
1167 3454
3454
1170 1286
1286 1542
4910
3754
1172 2110
2110 1511
2394
1175 1616
1616 1487 4890
1176 2598
2598
1177 1634
1634
1178
1179 3029
3029
1180 1420
1420 1321 1402 1403 1411 1416 1417
1183 3260
3260
4174
1783 1189 1230 1232 1236
1186 1565
1565 1391
1187
1189
1190
1191
1192
1193 2882
2882
1194 3715
3715 1585 3042 3716
1195 1416 2050
1416 1392 1402 1411 1643 2560 2587 2802 2893 3000 3034 3307 3477 3487
2050
1196 2863
2863 3788
1197 1839
1839
1198
1199
1200 2608
2608
1201 1787
1787
1202 1240 3504
1240
3504
1203 3689
3689 1639 2741 2849 3239 3290 3685 3693
1205 3488
3488
1206 4639 3859
4639
3859
1207 2437
2437
1208
1209
1210 3673
3673 1786 2000 2117 2277 3258 3665 4068 3733
1211
1213 4946
4946
1214 1522
1522
1215 3499
3499
1216 2058
2058
1217 2847
2847
1218 2552
2552
1219
1220
4118
1222 3413
3413
4562
4526
1224 2717
2717
1225 2290
2290 1391
1227 2219
2219
1229
1230 3931
3931
1231 4843
4843
1232 3997
3997
1233 1993
1993
1234 3675
3675 3134
1235
1236 1305 3072 4366 4365 4364 4265 4264 4262 4261 4260 4182 4181 4180 4132 4131 4130 4127 4126 4097
1305
3072
4366
4365
4364
4265
4264
4262
4261
4260
4182
4181
4180
4132
4131
4130
4127
4126
4097
1237 4281
4281
1238
1241 2193
2193
1242 2878
2878
1244 3036
3036 3694
1245 1923
1923
1247 3575
3575
1248
1249 2884
2884
1252 1905
1905
1256 4735
4735
1257
1259
1260
1261
1262 2374
2374 1451
1263
1264
1265 3646
3646 2003 2018 2149 2402 2581 3198 4452 4030 4012 4011 3943 3733 3726
1266
1267 2049
2049
1268 3703
3703 3702
1269 3348
3348 2769 3351 4119 4116
1270 2151
2151
1271 2036
2036
1272 2500
2500
1273 2650
2650 1511
1274 2537
2537
1275 2871
2871
1276 3090
3090 1511
1277
1278 2101
2101
1279 2104
2104
1280 2747
2747
1281 1717
1717 1431
1282 1860
1860 1475 1476
1283 2736
2736 1461
1284 3245
3245
1285 2812
2812
1542 1543 1603 2469 2745 2838 3268 4153 4058
1287 2715
2715 3650
1288 1981
1981
1289 3192
3192 1439
1290 1596
1596
1291 2275
2275
1292 2586 3570
2586
3570
1293 2150
2150
1294 2869
2869
1295
1296 1930
1930
1297 3650
3650 1615 1733 2034 2350 2456 2459 2675 2733 2774 2890 2920 2940 3014 3019 3402 3442 3539 3635 3667 4906 3733
1298 2745
2745 4420
1299
3283 1302 3680 4693
1302 4561 4479
4561
4479
1304
1306
1307 1573 4777
1573
4777
1308 2509
2509 3694
1309 3640
3640 1376 2302 2983 3240 3241 3667 4666 3733
1310 1896
1896 1475
1311
1312 3500 4528
3500
4528
1313 3272
3272 1530
1314 1381 1511
1381
1511 1510 1942 1957 2223 2665 2672 2826 3147 3246 5011
1315
1316 1444
1444 1443 1890 3322
1317 2721
2721 1515
1318 3654
3654 3667 4629 3733 3726
1693 1438 4034 3975
1321
1322 3040
3040
1323 2804
2804
2665 4603
4682
1325 1647
1647 1438 4034 3975
1326 1992
1992
1327
1328 2675 3887
2675 4396
3887
1330 3318
3318 2634 4846 4133
1331
1332
1334 1701
1701 1506
1335 1366 3893
1366
3893 1448 1465 1649 1680 2363 2640 3079 3122
1336 3672
3672 1367 1950 3665 3667 3733
1337
1338 2743
2743 1443
1339 2363
2363
1340
1341 1481
1481 1448 1478 3021 4234
1344 2111
2111 3602
1345 1816
1816 4274
1346 3099
3099
1348 2288
2288
1349
1351 3892
3892
1352 1546
1546
1353
1354 1515
1515 1516 2246 3007 3243
1356 2452
2452
1358
1359 2478
2478
1360
1361 2279
2279 1391
1362 3252
3252
1363
1364 2055
2055
1365 3199
3199
1367
1369
1370
1371
1372 1437
1437 1436 1561
1373 3722
3722 2103 2309 2336 2357 2385 3113 3721 3723 4058
1374 2125
2125
1375 3530
3530
1376 3639
3639
1377 2178
2178
1378 2200
2200
1379 1880
1880
1380 3134
3134
1382
1383 1695
1695
1384 2168
2168
1385 3645
3645 3667 3726
1386
1387 2289
2289
1388
1389 2734
2734
1390
1391 1545 1663 2294 2366 2398 2414 2768 2970 3106 3179 3667 3742 3733 3726
1545
1663
2294
2366
2398
2414
2768
2970
3106
3179 4839 4820
3667 1479 3668 3680 3681 3685 3686 4058 3923
3742
3733 1587 3222 3635 3665 3680
3726 3633 3655 3665 3666 3680 3687
1392
1393 1502
1502 1493 1500 1501
1394
1395
1396
1397 3721
3721 1963 2771 4042 3926
1398
1399
3677 1885
1400 1491
1491
1401 1404
1404
1402 3589
1411 1403 1409 1417
1417 1403 4559
3589 1403 3597 3599 3601 3602 3608
1403 1407 1412 1423 1424 1431 3590
1406
1407
1412
1423
1424
1431
3590 3588 3595 3598 3599 3601 3602 3604 3605 3606 3607 3608 3609 3610 4997 4476 4231 4175 3999 3882
2604
1436 2446
1510 1513 1514 3594
2358 3724 4400
2860
3383 3384
3386 3385
3621 1742 3622
3627 3626
3717
3724
4598 1742 3620
4570 3384
1409 1507 2571 3052 3713
1507
2571 4086
2957 3308
3052 3308
3308
3713 2208 3712 3714
4974
1601 5008 3796
2259
3104
3266
3434
3534
1866
4885
4073
1643 3987
2560
2587
2802
2893
3000
3034
3307
3477
3487
4559
1794
2393
2558
2625
2896
3078
4924
1872 3725
2281 3878
2346 4904
3075 4332 4331 3865
1681
1773
1951
2181
2883
2898
3152
1743 4737
1767 4877
2072
2535 4075
3449
3471
3516
3554
3573 4849
1555
1846
4855
4787
4705
4701
1798
2090 3962
2170
2188
2213
2313
2461
2777 4675
3418
3482
3540 4554 4536
4713
2220 4841
2531
3177
4960
4868
4669
1907
2096
2183
2473
2485
2682
2856
3123 4806
3451
3832
1583 4836
1586
2273
2575 4865
3009
4863
2052
2401
4082
1432 3595
3595 1519 4913
1433 1435 1604 4143
1435 1434 1807 1873 2067 3322
1604 4449 3831
4143
1434 2412 2858 3276 3432 5014 4490
2412
2858 4141
3276
3432
5014
4490
1807
1873 3866
2067 4403 3894 3795
3322 1518 1524 4140 3897 3775
2446
1561
1438 2746 4058
1868 4995 4973 4769 4767 3975 3874
2746 4576
4058 1442 1508 1516 3379 3583 3625 3702 3716
1439 1575 1869 2506 2730 4154
1575
1869 4525
2506
2730
4154
2857 4792
1441 1442 3300 4620
1442
3300 4531
4620
1443 4416
4416
3775
1890 4015
1445 1448
1447 1446
1448 1446 1449 1451 1458 1464 1465 1468 1469 1470 1475 1478 1479 1483 3923
1446 1486 3309 3313 3629 3705
1486
3309 1864 2752
3313 1480 3312
3629
3705 2318 2971 4964
1479 1450 1451 1458 1461 1465 1480
1449
1451 1557 2211 2231 4129 4053
1456 3020
1458 1664 1771 1797 1867 2063 2217 2263 2324 2386 2444 2585 2817 2885 3048 3236 4123
1461 1465
1463 1465
1464
1465
1466 3062 3063
1468
1469
1470
1475 1636 1678 1848 2001 2030 2105 2247 2372 2818 3284 4117 4025
1478
1483
3923 3665
1450 1649 1680 1960 2875 3122
1649 4862
1680 4096 4095
1960
2640 3902
2875 4804
3122 4159
1557
2211
2231
4129
4053
1598 3972
1735 3805
1744
1834
1978
1997 4218
2023
2025 4128
2227
2280
2348 4555
2365
2454
2477
2483
2520
2606
2639 4306
2681
2688
2748
2788 4917
2815 1453
2820 3771
2822 3905
2914
3003 4084
3026
3027
3057
3065
3083
3098
3102
3121 1453
3224
3267 4167
3291
3438
4721
3746
1453
2470
2680 4933
4007
3953
3020
2292
4101
4072
1664
1771
1797
1867
2063
2217
2263 4092
2324
2386
2444
2585
2817
2885
3048
3236 4873
4123
1654 4784 4724
1668
1700
1756 4939
1919
2011
2192 4599
2332
2368
2376
2476
2701
2708
2993
3055
3100
3301
3062 4882 4362 4361 4199 4198 4195 4191 3851
1697
2490
3063 4325 4214 4211 4210
1824
1861
2349
2644
4630
4579
4477
4168
4056
4002
3729
3168
4715
4622
4134
1841
1984
2051
2155 4176
2415
2416
2775 4941 4920
3002
3119
3143 4018
3149
3426
3452 4634
3493
4861
4700
3910
1675
1754 4755
2160
2674
2781
3727
2557 4605
2801
4869
4283
4138
1636 4871 3818
1678
1848
2001 4655
2030
2105
2247
2372
2818 3973
3284 1476 4860 4716 4374 4357 4149 3830
4117
4025
1476
1761
1938
1946
2020
2062 4791
2174
2400
2636
2655
2776 4291
2837
2839
3174
3462
4975
1480
3665
3666 3685 3686
3815 1864 2752 3310
3021
4234
4345
2270 3885
3594 1537
4876
1487 2577
2577
1749
2283 4061 3863
2513 3770
4903
3173
3306
3936
1503
1552
1554
1817
1937
1948 4404
2597
2638
2814
3232
3439 4776
4006
3826
1493 3820
3820
1494 2006 2532
2006 1495
2532 4698
1495 1562 1564 1567 1670 1904 2029 2059 2116 2339 3395 3408 3475
1524 1526 1529 1530 1531
1562
1564
1567
1670
1904 4676
2029
2059
2116
2339 4766 4729
3395
3408
3475
1714
1792 4803
1928
2186 4566
2187
2584 4663
2689 4994
2798
3197
4900
3791
1497
1498
1499
1500
1501 4652
4652
3974 3685
1606
1878 4305
2088
2379 4091
2687
3115
3412
3447
3458
3461
3466
3491
3553
3567
1506 1828 2254 3228
1828 4094
2254
3228
1508 1882 3803
1882
3803
1513
1514
1942
1957
2223
2672 3743
2826
3147
3246
5011
1559
1516
2246
3007
3243
1518
4799
4718
4564
4461
4409
4162
1519
1847 4756 4633
2671
3093 4005
3533
4759
4148
3993
1652
1751
2137
2167
2565 4394
2679
3305
3507
1523 1539 4039 3806
1539 1540 1804 2791 4908 4616
3709 1741 3710 3711 4616
4039
3806 1538
1526 1855 2252 2327 3058 3492 3515 4790 4748
1529 1831
1530 2048 3295 3427 3531 3536
1531
1855
2252 4899 4844 4815 4689 3985 3827
2327
3058 4657
3492 4754
3515
4790
4748
4616 3321
3298
4697
4671
1625
2293
2296 3963
2564
2793 3767
3911
3889
1831
2048
3295
3427
3531
3536
1532 3079
3079
1533 1535
1535
2583
4913
1536 1537 2423
1537
2423 4947 4702 4544 3978 3957 3852
1538 1844 1899 2596 4811
1844
1899 4668
2596
4811
1540
1804 4757
2791 3915
4908
1731
2080
2345 4588
2588 4711
4546
4503
4436
1543 4802
1603
2469 4462
2838 4534
3268 4062
4153
4802
1547
1548
1549 3757
3757 1944 3259
1550
4731
1556
1558
1560
1563
1566
1568 4098
4098
1569 4709 4589 4565 4408
4709
4589
4565
4408
1570
1572
1574
1576
1579
1581
4836
1585
1587
1588
1589 4481
4481
1590 4739 4733
4739
4733
1591 4983
4983
1592
1593 3670
3670 1667
3397
3972
1599
1600
5008
3796
4449
3831
1605
1607 4613
4613
1610
1613 3684 4427 4423 3952
3684 2659
4427
4423
3952
1614
1615
4890
1617
1618
1620 3339 4909
3339
4909
1621
1623 4879
4879
3821
1626
1628
1631
1632
1633
1635 4470
4470
4871
3818
1639
1641
1642
3987
3350 1782 1838 1972 2092 2106 2173 2384 2480 2612 3142 4730
1646 4665
4665
4034
3975
1648 4963
4963
4862
1651 4085
4085
4784
4724
1656
1657 4103
4103
4783
3735
1659 4623
4623
1660
1667
1669 3377
3377 2542 2705 3378
1671 4805
4805
1673 3602
3602 1949 1970 2102 2311 2319 2343 2419 2436 2545 2684 2697 2833 2945 2988 2990 3249 3253 3593
4930
1677
4096
4095
1682
1685 4088
4088
1687
1688
1689 4407
4407
1690
4704
1694
3680 1704 1747 2241 2443 2553 2735 3041 3194 3282 4772
1698
1699
1703
1704
1706 3782
3782
1707 4872
4872
3608 1849 1891 2342 2380 2753 2965 3011 3297 3424 3437 3448
1710
1711
1713 3694
3694 1764 2189 2240 2913 3088 3159 3265 3457 3542 3685 3693 4494 4106 3828 3745
1715
1716
1718
1719
1720
1722
1723
1724
1725
1729 4621 4398
4621
4398
1730 4760
4760
1733 4896
4896
1734
3805
1736
1737
1739
1740
1741
1742 4746
4746
4737
1745 3636
3636
1746
1747
1748 3626
3626
1750
1752
1753
4755
1755
4939
1758 4795
4795
1759
5001
1764
1765
1766
4877
1768
1769 4807
4807
1772
1774
1775
1778
1779 3723
3723
3351 2384 3335 4971
4637
1782
4553
4511
4507
4506
4505
4491
4488
4484
4380
4368
4302
4301
4251
4250
4242
4183
4161
4100
3995 1786
3990
3939
3880
3786
1786 4316 3837 3836
4316
3837
3836
1788
1790
4956
4803
1793 4955
4955
1795
3822
1800
1802 3976
3976
1803 3681
3681 2516 2901
4757
1805
1808
1810
1812
1815
4274
1818
1819 4646
4646
3692 2698 2966 3685 3828 3745
3693 2966 3737
4752
4527
3969
1827
4094
1829
1830 4370 4160
4370
4160
1832
1833
1835
1836
1837
1838
1843 4834
4834
4756
4633
1849
1850
1851
1857 4982 4931
4982
4931
1862
1863
1864 4069 3868
4069
3868
4995
4973
4769
4767
3874
4525
1870 3583
3583 2242 2656 2673
1871 3702 4992 4990
3702 2649 3701
4992
4990
3725
3866
1874
1875
1876
1877
4305
1879
1881
1883
1884
1885
1887
4448
4447
4672
4015
1891
1892
1893 3766
3766
1895
4668
1900 4560
4560
1901 3835
3835
1903 4595
4595
4676
1909 4424
4424
1910 4419
4419
1911
1912
1914 4774
4774
1915
1916
1922 4988 4950
4988
4950
1924
1925
1926
1927
1929
1931
1932
1934
1935
1936
1940
1941
1943 4611
4611
1944
1945 4399
4399
1947 4077
4077
4404
1949
1950 4392
4392
1952
1953
4788
1955
1956 5020 4951 4905 4902 4643 4412 4144 4009 3807
5020
4951
4905
4902
4643
4412
4144
4009
3807
1959
1961 3655 4638
3655 4867 4372 4171
4638
1962
1963
1966
1967
1969 3630 4940
3630 2195 2514 3631
4940
1970
1971
1972
1973 4966
4966
1974
1975 4800
4800
1979
1980
1982
1983
1985
1986 4428
4428
1987 4446
4446
1989
1990 4681
4681
1995
1996
4218
1998
1999
2000
4655
2002
2003
2005 3927
3927
2007 4460
4460
2010
2012 4177
4177
2013
2014
4695
3864
2018
2019
2024
4128
2028 4972
4972
2031 3813
3813
2033 4515
4515
2034 4751
4751
2035 4179
4179
4699
2038
3601 2904 3085 3223 3593 4139
3604
2047
2053
2054
2056
2060
2061
4791
2064 4674
4674
2065
2066
4403
3894
3795
2068
2069
2070 4545
4545
2071
2074
2076 4812
4812
2077 4519
4519
2078
2081
2082
2083 4456
4456
2085 4475
4475
2086
2087 3625 4898 4895 4673 4585 4578
3625 3502 3624 5018
4898
4895
4673
4585
4578
2089 4341 3928
4341 2799 2852
3928
3962
2092
2093
2094
2097
2100 4469
4469
2102
2103
2106
2107
2113
2114 3599 4619
3599 2347 3201 3275
4619
2115 4728
4728
2117
2119 4723
4723
2121
4051
2124
2126
3649
2128
2130 4418
4418
2131
2134
2135
2136
2138
2140 4631
4631
2141
2142
2143 4438
4438
2144
2148
2149
2152
2153
2154
3970 2932
4176
2156 4753
4753
4764
2159
2161
2162
2166
2173
2175 3391
3391
2176 4645
4645
4778
2184
2185
4566
2189 4502
4502
2190 5002 4925 3883
5002
4925
3883
2191 4881
4881
4599
2194
2195
2196
2198
3785
3587
2204 3781
3781
2206
2207 3951
3951
2208 4609
4609
2209
2210 4627
4627
2214
2216
4841
2221
2226 4583
4583
2228
2229
2230
2233
2234 4686
4686
2235
2236
2237 4907
4907
2238 4837
4837
2239
2240
2241 3752
3752
2242
2243
2245
2250
2251 3696 4821
3696
4821
4899
4844
4815
4689
3985
3827
2253
2255
2256
2257
2258 4417
4417
4090
4092
2264 4848
4848
2267 4397
4397
2268
2269
3885
2271
2272 5007 4981 4970 4543 4431 3816
5007
4981
4970
4543
4431
3816
2274
2276
2277 4785
4785
3878
2282 3967 3858 3759
3967
3858
3759
4061
3863
2284 4830 4786 4762
4830
4786
4762
2285 4108
4108
2286
2295 3390
3390 2787 4958 3732
3963
2297 5000 4945 4889
5000
4945
4889
2298
2299
2300
2301
2302
2303
2305 4656
4656
2306
2307
2308 4517 3779
4517
3779
2309
2310 4819
4819
2311 4854
4854
2312
2314
2315
2316
2317
2318 4683
4683
2319
2320
2321
2326
2328
2329 4887
4887
4840
4828
2336
2337 4727
4727
4766
4729
2340 3756
3756 2341
2341 4038
4038
2342
2343
4588
4904
2347 4856 4814
4856
4814
4555
2350
2353
5021
3385
2357
4400
2360 4835
4835
2361 5010 4944 3847
5010
4944
3847
2367
2369 4929
4929
2370
2371
2373 4099
4099
2378
4091
2380
2381
2382
2383
2384
2385
2387
2388
2389
2391
2392 3942
3942
2395
2396
2397 4948
4948
2399
2402 4826
4826
2403
2406
2407
2408 4590
4590
2409 4600
4600
2413 4608
4608
2419
2422 3710
3710 4825
4947
4702
4544
3978
3957
3852
2425 4615 3994
4615
3994
3778
2428
2429
2430
2431
2433 4810
4810
2434
2435 4563
4563
2436
2438 3310
3310 4664
2439
2440
2441
2442
2443
2450 4743
4743
2456
2457
2458
2459 4707
4707
2460
2462 4797
4797
2463 4422
4422
2464 4628
4628
2465 3620 4055
3620 3010
4055
2466
2468
4462
2474
2479
2480
2481 4486
4486
2482
2487 4880
4880
2488
2489
2491
2492 4864
4864
2493
2494
2495
2498 4870
4870
2499
2501
2502 4003
4003
2503
2504 3312
3312 4660
2505
2507
2508
4736
4720
3901
3794
2511 3644
3644 2657
3770
2514 3907 3758
3907
3758
2515
2516
2517
2518 4102
4102
2519
2521 4687
4687
2522 4919
4919
2523
2524
2527
2528 3871
3871
4698
2533
4075
2536
2541
2542 4580
4580
2544 4808
4808
2545 4043
4043
2546 4522
4522
2547
2548 4472
4472
2549
2551
2553
2555 3736
3736
2556
4605
2559
2563
4394
2566
2567
4857
4086
2572 4549
4549
2574 4492
4492
4865
2576
2578 4684 4541 3753
4684
4541
3753
2581
2582
4663
4711
4722
4457
2591 4952
4952
2592
2595 4644
4644
2599
2600
2601
2602
2603
2605
2609 4574
4574
4508
3760
4838
2612 4798 4685
4798
4685
2615 4789
4789
2616 4850 4140 4032
4850
4140
4032
2619 3982
3982
2620
2622
4852
4213
2624 4712
4712
2626
4433
2630
2633
2634 4463
4463
2635
3774
4306
3902
2641 3379
3379
2643
2646
2647
3661 2843
2649
2651
2653
2654
2656
2657
2659
2660
2661
2662
2663 4943
4943
3699 2695 3221 3686
4603
2666
2667
2670
3743
2673 4586
4586
4396
2676
2677
4330
4933
2684
2685
4994
2691
2692
2693 4953
4953
2694
2695 5016 4976 4968 4893 4434 4401 3884 3762 3751
5016
4976
4968
4893
4434
4401
3884
3762
3751
2696 4978 4977 4957 4926 4922 4914 4883 3959 3890 3841 3776
4978
4977
4957
4926
4922
4914
4883
3959
3890
3841
3776
2697
2698
2700 4391
4391
2702 3895
3895
2703
2704 4949 4927
4949
4927
2705 4052 4046 3941
4052
4046
3941
2706 4516
4516
2707
2709 5015 3741
5015
3741
2710
2711 4625
4625
2712
4459
2714
2716
2718
2719
4779
2725
3857
2727
4928
3988
3798
2729
2731
2732
2733
2735 4464
4464
2738
2739
2740
2741
2742
2744
4420
4576
2750
2751
2752
2753
2755 4816
4816
2756
2758
2759
2760
2761 4373
4373
2762 4468
4468
2763
2764 4782
4782
4004
2766
2767
2769
2770
2771
2773
2774 3921
3921
4941
4920
4291
4675
2780 4155
4155
2782 4533
4533
2783
2784
2787 4624
4624
4917
2789 3706 4050
3706 4047
4050
2790 4041 3929 3783
4041
3929
3915
3783
4556
4059
4008
3792
3747
3767
2794 3886 3877 3768
3886
3877
3768
2795 4932 4049
4932
4049
2796
2799 4612
4612
2803 4691
4691
2806 4916
4916
2809
3809
2813
3973
3771
2821
3905
2823 4445
4445
2824 4266
4266
2827 4166
4166
2828 4991
4991
2830
2831
2832
2833
2834
2835
2836
4534
2840
2841
2842
2843
2844
2845
4421
3956
2848
2849 4390
4390
2850 4510
4510
2851
2852
2853
2854 4984
4984
2855 4886
4886
4792
4141
2859 4170
4170
4692
4670
3799
2862
3788
2864
2866
2867 4483
4483
2868 4453
4453
2870 3712 4874
3712
4874
2873
2874
4804
2876 4581
4581
2877
2879
2880 4529
4529
2881
2886 4104
4104
4749
4070
4067
4066
4057
3934
2888 3949 3919 3908
3949
3919
3908
2890
2891
2892
2895
2899
2901
2902
4142
2904
2905
2906
2907 4280 4270 4238
4280
4270
4238
2908 4219 4201 4192
4219
4201
4192
2909 3849
3849
2912
2913
2915
2917
2918 4604
4604
2919 3989
3989
2920
2921
2922
2926
2927
2928 3960
3960
2929
2930
2931 4493
4493
2932
2933 4591 4024 3909
4591
4024
3909
2935 4080
4080
2937
4602
3922
2940
2942 3345
3345
2945
2946
2947
2949
2950
2951
2953 4376
4376
2954 4147
4147
2955
2958
2962
2963
2965
2966
2969
2971 4524
4524
2972 5013 4450 4437
5013
4450
4437
2974
4969
4594
2982 4809
4809
2983
2987
2988 4912 4901 4734 4601 3797
4912
4901
4734
4601
3797
2989
2990
2994 4081
4081
2995 4732
4732
2996 4996
4996
2998 4747
4747
3001
4084
4504
3005
3006
3010
3011
3012
3013
3014
3015
3016 4915
4915
3019
3023
3028 4770
4770
3030
3031
3032 4678 4677
4678
4677
3033 3793
3793
3037 4708
4708
3038
3041
3042
3045
3046
3047
3051
3054
3056
4657
4882
4362
4361
4199
4198
4195
4191
3851
4325
4214
4211
4210
3064
3066
3067
3068 4592
4592
4726
3773
3070
3071
4332
4331
3865
3077
3081
3082
3084
3085 4348
4348
3086
3088 4440
4440
3089
3092 4444
4444
4005
3095
3096
3101 3719
3719 3718
3103
3107
3109
3112 3764
3764
3113
3114 4853
4853
3117
3118
3120 4649
4649
4159
4806
3124 4614 4045 3899
4614
4045
3899
3125
3829
3127
3128
3129 4703 4667
4703
4667
3130 3718 3984 3897
3718
3984
3897
3132
3133
3135
3136
3137
3138
3139
3141
3142 4918
4918
4018
3144
3145 4512
4512
3146
3150
3151
4866
3154
3155 3749
3749
3156 4954
4954
3159
3162
3163
3164 4193
4193
3165
3166
3167
3170 4892
4892
3178
4839
4820
3181
3183
4771
3185
3187 4987
4987
3188 4617
4617
3189 4255
4255
3190 3761
3761
3191
3193
3194
3195
3198
4653
3744
3201
3202 5003 3875
5003
3875
3205
3206
3207
3208
3209
3211
3213 4572
4572
3214
3215 4831
4831
3216
3217
3219
3221
3222 4109
4109
3223
3225
3226
3227
3230
3233
3234 3906
3906
4873
3237 4745
4745
3238
3239
3240 4824 4297 4076 3763
4824
4297
4076
3763
3241 4568
4568
3247 3881
3881
3248
3249 4859
4859
3250
3253
3254
3255 4064
4064
3256 3593 4680 3804
3593
4680
3804
4175
4136
3258
3259 4938 3823
4938
3823
3261
4137
3265
4167
4062
3269
3270
3384
3273
3274
3275
3277
3278 4379
4379
3279 4648
4648
3280
3281
3282
4693
4860
4716
4374
4357
4149
3830
3287 4690
4690
3288
3290 4942
4942
3292
3294 3682
3682
3296
3297
3299
4531
3302 3335
3335 4497 4435 4415 4414
3303
4664
4827
3850
4660
3314
3740
3319
3320
4761
4846
4133
3321 3378 3631
3378
3631
3354
3359
3361
3362
3364
3365
3366
3367
4467
4847
4833
4482
4426
3873
3765
3401 4662
4738
4845
4818
4775
4768
4750
4714
4567
4509
3479
3495 4744
3572
4851
4793
4781
4540
4455
3870
3433
3518
3563 4487
3569
4010
3524
3557
3867
4497
4435
4415
4414
3812
3739
3393
3443 4539
3470
3511 4650
3513
3529 4547
3582
4937
4550
3855
4980
4962
3769
3445
3552
4542
5004
4934
3961
3528 3730
3555
3562
3971
3937
4532
4530
4119
4116
4730
4971
4626
4523
4514
3731
3396
3414
3425
3465
3473 4393 4071
3484
3498
3506
3577
4496
4473
4454
4796
4537
4466
4829
4659
4632
4584
4054
3980
3888
3879
4998
4961
4780
4035
3860
4083
3517
4794
4606
4557
4548
4495
4439
3687 5017 4999 4993 4936
4044
4518
4402
4244
3896
4878
3490
3551
4016
3522
3571
3633
4474
4958
3732
3394
3400
4662
3402
3403
3407
3411
3416
4451
4441
3420
3421
3424
3430
3437 4111 4063
4111
4063
4776
3441
3442
4539
3444
3446
3448
3450
4634
3456
3457
3460
3463 4765
4765
3467
3469
3472
4393
4071
3480
3483
3486 4607
4607
3489
4754
4744
3502
3505
3508
4650
3512
3520
3525
3526 4587
4587
3527
3730
4547
3535
3537
3538 4597
4597
3539
4554
4536
3542
3544
3546
3547
3548
3549
3556
4487
3564 4651
4651
3566 4642 4610
4642
4610
4849
3574
3576
3579
3580
4513
4499
3588
3597
3598
3605
3606
3607
3609
3610
4997
4476
4231
3999
3882
5006
4979
4326
4284
4215
4060
4017
4935
4146
4078
4139
4065
4813
4636
4858
4178
3734
3869
3622
3624
5018
5019
3634 3685
3685 3688 4967 4478 3979
3635
4618
4322
4666
4817
4465
4443
3933
4538
4452
4030
4012
4011
3943
4823
4087
3965
4801
4535
4442
4906
4471
4413
4577
4629
4867
4372
4171
4395
4582
4520
4410
3810
3772
4485
4696
4647
4430
4406
3848
4717
4710
4500
4425
4388
3920
3686 4986 3828 3819
3668
3745
4641
4635
4501
4432
3977
4068
4989
4573
4772
3688
4967
4478
3979
4986
3828
3819
5017
4999
4993
4936
3737
4494
4106
3738
5012
4013
4571
3701
4964
4047
3707
3711
4825
3714
3716
4165
4042
3926
