0 92.516930 -52.273167
22 81.723000 -64.726593
54 81.233887 -60.075432
84 89.989357 -51.806480
154 80.301697 -57.379105
322 78.587967 -60.038105
366 77.175186 -57.846573
433 83.002472 -57.255196
574 80.673912 -63.261814
640 83.830658 -54.160038
641 92.612877 -55.613625
643 90.410248 -60.834805
663 93.898285 -58.261005
1244 82.048729 -38.322430
1434 84.462181 -39.587124
1 90.935341 -66.013260
20 86.002357 -56.478168
67 84.147499 -57.715405
114 84.124458 -56.266003
189 85.433136 -57.579193
240 80.497871 -61.822540
255 85.753685 -59.214520
256 86.280624 -59.201885
497 82.876785 -59.929382
567 82.640907 -58.891514
1130 82.705742 -58.944275
17 89.713028 -65.249191
23 87.558083 -67.766663
26 85.964394 -64.194359
101 84.565842 -58.224422
106 81.788795 -64.655907
153 88.555862 -66.163506
169 77.985092 -56.326057
179 92.145409 -61.423294
390 85.641724 -67.460640
401 84.408157 -57.517643
494 81.702599 -62.420223
562 91.273460 -59.623207
569 88.109215 -60.478977
608 84.729927 -63.553219
622 89.792374 -63.517330
676 85.593895 -56.115734
736 82.771271 -65.600578
740 80.268372 -54.090664
797 80.473015 -51.714802
989 73.443367 -49.756992
1379 82.579636 -63.863529
55 87.483032 -59.404644
71 88.463356 -56.617622
88 87.221634 -59.662823
99 86.717461 -57.223522
108 82.896233 -59.051460
116 81.428856 -53.573437
143 87.492081 -63.264160
190 84.481224 -60.156998
201 86.342659 -60.727131
216 82.455025 -61.666374
218 86.728996 -57.969597
221 82.241905 -63.783203
242 82.720497 -58.508972
248 76.291451 -54.863869
258 85.163055 -62.188507
281 84.787453 -63.104874
282 84.554138 -62.611790
287 87.307037 -58.745155
339 82.012413 -64.493973
349 83.765991 -58.272411
356 80.114365 -64.037148
362 87.174744 -65.014450
386 85.837914 -63.294720
398 85.161873 -61.426983
409 85.543884 -58.383080
427 81.919533 -64.429214
459 88.292503 -58.976894
466 87.064468 -59.279785
502 82.417747 -58.783684
510 84.029884 -63.531219
523 85.506462 -60.972046
548 82.164162 -59.117744
560 90.660683 -64.349579
584 87.498535 -60.005234
595 82.677223 -59.344177
603 88.701309 -64.227303
611 85.986748 -59.052177
625 80.787338 -59.069340
639 83.825226 -63.264797
651 87.970703 -56.669621
680 84.261444 -62.214485
698 86.063850 -61.495430
701 82.044189 -61.937954
725 87.129936 -58.330727
735 85.031296 -62.154312
884 79.836853 -38.572414
1000 80.874840 -41.500084
1046 79.040092 -41.458794
1328 80.131615 -45.967987
1381 78.247711 -48.950199
8 80.378395 -55.062927
9 86.372406 -51.900658
12 89.412132 -53.881798
13 90.388123 -57.287563
14 84.259651 -62.811489
28 84.243988 -66.452957
34 86.835052 -57.776867
35 82.249557 -58.791851
39 84.235703 -60.802193
41 83.798576 -59.433449
45 84.847603 -57.389942
52 82.763382 -61.700253
15 87.683159 -59.883923
21 85.235741 -58.597832
30 88.841278 -58.868996
38 84.066444 -61.680141
74 86.123245 -58.458832
117 88.792450 -59.906845
149 88.533791 -54.739033
155 82.245720 -61.351608
158 89.848915 -67.242981
166 86.285950 -58.835537
171 88.165207 -52.563618
186 86.310135 -56.227501
188 88.027199 -57.807861
217 86.711197 -56.666222
228 84.933380 -57.181728
267 88.341240 -59.479671
296 87.537621 -55.693928
300 90.503960 -62.404385
346 89.803291 -59.570637
370 88.257523 -60.868782
373 87.718178 -59.710453
404 87.298439 -57.082706
440 88.571663 -58.598515
445 91.929581 -65.095497
453 86.432434 -61.939018
471 87.071991 -54.878960
479 87.743660 -53.787460
482 79.220886 -64.538628
491 89.292603 -57.906960
492 85.737511 -57.951160
534 85.770081 -55.250080
546 90.340500 -58.604103
565 90.891235 -56.146511
576 89.225136 -60.409847
578 86.880722 -59.434620
590 87.072632 -60.890282
614 86.165764 -59.985203
633 87.740875 -61.809788
649 88.766754 -62.665123
668 90.994659 -53.992214
674 85.079781 -59.273834
675 89.625282 -55.867794
686 85.689926 -65.889458
711 86.613441 -59.132923
726 86.158012 -56.898029
753 89.029091 -61.552620
755 84.981583 -51.827480
83 84.018265 -54.623386
89 86.797508 -58.745838
100 87.734810 -59.362057
118 84.918381 -48.543213
123 84.867050 -59.302494
124 85.694908 -57.800495
136 87.775681 -59.834896
137 84.544983 -55.739090
139 85.136299 -57.231228
146 79.906738 -59.203270
150 85.912888 -58.692440
156 83.637840 -56.617691
161 87.026138 -62.178261
164 85.280495 -59.065212
167 84.733238 -62.311302
176 85.067192 -57.246208
177 86.568390 -57.783436
180 83.862373 -59.384666
203 81.979691 -53.867191
204 84.262314 -57.574299
208 84.248550 -56.485241
209 82.069771 -56.324848
210 83.768204 -52.238510
222 87.012512 -58.107155
223 84.207130 -59.030357
226 81.507385 -58.397736
237 93.069786 -63.919445
252 82.340378 -55.419914
261 86.135002 -58.670341
276 81.177132 -60.258183
277 83.118736 -60.387562
278 81.871002 -58.849842
280 81.510902 -60.074059
288 82.583397 -57.372070
289 84.720772 -54.701225
295 82.986923 -46.480087
298 82.115715 -55.228355
312 82.691277 -58.986622
316 85.814529 -57.191021
325 86.848579 -58.953468
331 77.986267 -54.389008
334 85.311607 -60.818939
343 84.072525 -54.216114
350 85.332100 -62.128548
360 82.925751 -58.750420
361 80.485657 -57.721054
376 83.324463 -62.110897
377 81.340477 -57.827854
388 91.832054 -63.116646
389 83.326363 -50.126369
392 83.683388 -59.724915
393 89.412102 -56.694664
408 82.374031 -57.204098
417 83.496384 -55.431664
430 93.925873 -60.467697
431 84.881844 -61.870525
435 87.019241 -59.887638
443 86.991119 -59.374691
448 83.255539 -61.965809
450 87.486122 -58.454540
451 82.316010 -58.628365
464 85.273094 -59.439491
468 86.139153 -58.733562
474 84.621872 -55.713039
476 86.828468 -50.313156
478 85.730080 -56.664635
483 85.613647 -60.401302
488 86.359413 -59.766266
493 81.547974 -60.016479
500 86.524422 -57.348957
507 83.085526 -61.868423
511 84.034882 -64.678032
514 81.630043 -52.622803
524 82.906975 -56.061771
531 81.597984 -59.836121
535 87.139915 -58.414223
537 81.685860 -56.542648
538 82.825745 -44.145111
555 87.118637 -58.268871
558 84.906624 -55.720768
559 85.491341 -59.533394
561 85.970711 -58.535084
572 86.415756 -57.763050
588 84.902718 -60.848541
601 82.066902 -47.989582
609 83.011108 -52.653866
616 86.714622 -58.630413
617 86.977318 -59.193096
619 87.077682 -57.652424
636 83.497078 -58.971703
648 83.443558 -62.239216
659 85.882027 -58.572128
660 82.529617 -58.400635
679 81.838394 -59.890095
682 80.624985 -63.081379
684 85.684502 -55.982162
687 85.154991 -60.857517
710 86.444962 -57.239090
713 83.887024 -59.282223
714 82.727203 -57.155544
728 86.072517 -53.667740
730 82.345573 -59.096382
734 84.379585 -58.766438
742 87.772041 -57.040749
746 86.100121 -57.783802
754 87.289474 -58.804310
764 79.166588 -46.201279
817 84.737907 -45.405636
837 76.974518 -44.235725
855 79.766090 -42.491238
860 82.196739 -57.268177
877 76.750626 -39.662571
926 80.137581 -48.037560
934 79.543816 -46.329052
1073 86.106277 -57.066479
1084 71.263786 -47.518677
1116 77.035149 -47.064938
1152 74.409142 -46.424438
1190 81.475174 -41.110851
1235 80.303795 -45.610493
1350 76.626976 -43.333595
1393 80.016663 -42.249313
1424 77.213226 -47.122471
1438 82.050095 -49.178905
69 85.050964 -56.988804
81 84.970200 -57.037766
85 90.155373 -52.153030
461 89.913048 -51.864620
513 82.191803 -55.123623
120 82.325272 -54.428558
122 79.350998 -58.707359
219 83.273674 -65.384842
286 82.698776 -63.495354
480 85.258934 -55.616863
503 80.355804 -57.201035
515 89.908409 -51.861649
627 89.914680 -51.856472
644 87.469696 -61.159088
666 83.653259 -62.119591
712 83.135399 -58.441662
715 89.915604 -51.859577
721 85.555161 -65.799004
11 77.120918 -58.658287
19 79.526291 -61.051865
25 80.344940 -57.309254
27 81.137344 -55.635456
42 78.530357 -56.024067
76 80.749901 -57.315163
78 83.917473 -60.284248
86 83.734062 -59.426899
97 83.294632 -55.882870
112 85.330940 -56.490192
131 80.608475 -55.586037
142 83.777138 -61.771202
148 84.220131 -55.908569
232 81.937393 -57.880253
442 83.835541 -56.791237
162 80.107216 -57.325069
187 83.696045 -62.369652
206 81.874458 -56.499756
263 84.123238 -59.190571
272 81.703789 -58.315647
273 85.381134 -64.075829
297 81.798866 -54.946320
299 82.744026 -58.670357
304 83.135849 -55.801914
306 82.548477 -55.646477
308 84.123161 -54.165241
328 82.124992 -58.568615
330 88.559952 -57.507301
332 77.547401 -57.838303
351 79.459442 -55.945572
354 80.390846 -57.375916
364 83.814125 -54.119778
380 78.939125 -56.878860
382 86.078049 -54.619686
383 85.923721 -56.815128
384 86.001472 -56.914509
395 86.471260 -57.040352
414 84.389786 -62.911434
415 86.418365 -64.973564
416 87.488289 -58.891563
419 79.969131 -58.697872
420 78.919388 -59.860867
421 82.800980 -58.931332
426 79.231789 -58.643703
437 81.637138 -50.896362
439 72.521454 -52.716129
447 78.843575 -56.417271
460 90.131821 -55.089935
467 85.817017 -59.835480
490 80.719017 -57.556343
526 86.428276 -57.006779
536 83.663719 -54.294289
543 77.849525 -62.406158
550 80.495628 -55.852215
566 80.953308 -55.280399
577 84.577026 -60.111137
579 78.992813 -56.577629
582 86.126297 -57.961117
589 90.036491 -58.706558
596 81.809769 -58.500736
630 87.263657 -56.096077
634 79.376259 -61.660126
645 80.264565 -55.077839
652 80.885864 -57.506058
667 80.752411 -57.366547
692 86.314262 -59.561272
702 87.397102 -61.223991
703 80.420891 -57.318218
720 83.503357 -56.520901
724 85.957726 -56.700798
738 88.848427 -57.821201
748 84.327881 -57.948906
772 78.709846 -39.877502
808 84.169640 -58.857777
828 75.320580 -43.714432
835 81.457619 -48.500912
836 77.709961 -47.439812
878 74.111237 -40.475750
886 74.080360 -50.585716
890 71.414856 -44.689323
933 75.287209 -45.089497
942 77.497383 -45.883385
969 72.040565 -50.648296
1003 77.581413 -44.765137
1030 78.047279 -44.082169
1103 80.076111 -43.842514
1111 75.923676 -47.596939
1124 75.997368 -45.028614
1163 75.865311 -45.340599
1192 78.965477 -57.611469
1201 75.874176 -45.660294
1211 76.630371 -46.036533
1215 75.717636 -47.600189
1228 82.637558 -58.862396
1314 76.143471 -47.360317
1316 79.184624 -47.712055
1324 83.277977 -45.620728
1325 81.090347 -48.897881
1344 76.848854 -45.802509
1391 77.538284 -43.743195
1408 77.182869 -45.480827
1440 72.697990 -45.492569
1443 72.591805 -44.066280
98 91.884636 -57.887917
109 77.823410 -60.562073
159 77.331680 -57.927780
197 78.653000 -60.087345
238 78.746170 -60.018200
294 85.675606 -58.820744
314 80.481667 -51.656567
1066 71.543167 -48.726227
1178 77.960014 -51.409466
1305 79.092857 -44.835384
489 82.137390 -49.022610
516 85.784393 -61.546776
563 79.069023 -62.170738
599 69.058403 -48.881847
604 81.912422 -62.014172
618 86.970291 -55.710861
646 85.675804 -59.789299
693 85.357704 -58.349594
787 81.597343 -48.117908
885 78.217789 -41.985977
965 77.204903 -42.844189
1222 82.168350 -46.055569
1327 74.567612 -40.053005
1412 81.963371 -44.703671
367 85.792068 -58.230854
96 89.203331 -58.131458
178 82.528145 -57.273232
310 82.854973 -55.402710
340 83.473015 -56.364769
357 86.233589 -61.880798
418 80.497025 -54.071922
113 83.550865 -56.065662
1269 75.344360 -49.694126
498 84.634384 -48.231857
266 80.048851 -65.899826
292 79.968300 -63.993622
1047 78.372322 -42.382458
1050 78.846680 -49.325497
1478 77.787880 -37.949764
707 83.275764 -61.839504
859 74.252853 -44.206295
997 78.753571 -43.788570
1062 85.855759 -46.904819
1151 83.948433 -46.894524
1231 77.383148 -46.371124
1295 77.547562 -41.519974
1426 77.098869 -43.959660
1460 81.847382 -43.099792
1476 81.732407 -62.766056
129 82.198036 -63.507767
469 84.271111 -54.123886
979 74.054901 -44.185253
1040 77.002243 -48.925560
612 82.430099 -61.410686
68 79.170944 -62.039196
72 87.003136 -57.387386
165 83.829918 -54.143429
174 83.190117 -54.568405
193 80.231613 -58.894394
243 88.737518 -68.141151
302 82.699165 -55.223324
315 86.774712 -58.904350
378 85.246445 -61.239986
405 82.304298 -50.404060
452 83.212944 -55.767601
506 81.844734 -49.543873
517 69.996002 -46.078979
185 84.320297 -56.145367
896 77.975983 -45.797836
1085 81.588844 -50.107796
690 80.695091 -54.053715
879 76.292465 -43.838818
894 77.176262 -47.342003
1100 74.971207 -43.363083
1108 81.886917 -49.435600
1139 80.883583 -50.326679
1161 77.343369 -47.156895
1162 75.733139 -44.623314
1208 84.268921 -43.803696
1275 79.338638 -48.915920
1285 78.657303 -42.468231
1380 81.694199 -49.357410
1458 79.315598 -45.231747
79 76.127617 -56.919903
80 93.037086 -54.543976
444 92.423080 -55.646988
931 85.687729 -42.745502
1462 80.700066 -48.907631
937 78.582809 -47.721565
573 82.923775 -63.361309
64 85.535667 -64.381195
962 72.119339 -46.683712
141 86.060555 -62.658123
191 85.716896 -59.712696
656 78.251427 -56.402500
184 86.385323 -58.712887
761 77.295448 -41.887127
776 79.091553 -43.266911
777 73.205017 -44.626415
785 81.427132 -40.017502
790 78.955307 -47.664562
792 73.406654 -41.519657
795 73.507805 -43.863373
800 76.095078 -45.554718
804 70.788834 -46.267460
805 77.219330 -43.723522
812 77.243652 -45.320366
814 75.560837 -45.459888
815 79.489883 -43.989506
822 75.763092 -46.178555
823 81.037453 -47.424053
825 80.184975 -47.089706
834 80.547043 -44.979378
838 73.817101 -44.376125
845 81.934555 -38.497299
846 73.074738 -45.674946
850 73.117661 -43.552826
851 79.925255 -44.347393
863 77.499931 -44.896408
880 77.196449 -45.629704
891 76.813751 -45.871883
918 75.394485 -40.867329
941 75.439941 -45.801640
946 77.236313 -45.427486
951 77.784714 -45.115761
952 76.709595 -45.035461
954 73.249664 -42.638889
958 75.302925 -44.380764
971 76.336113 -50.767315
980 76.796181 -44.480583
987 77.980484 -47.599857
992 77.729675 -47.671459
1008 72.860489 -42.015850
1009 76.508621 -46.463558
1014 74.163834 -45.344078
1019 76.061577 -47.462132
1027 71.409019 -39.662373
1035 76.039391 -46.755802
1043 75.591843 -45.862480
1053 76.476128 -45.956810
1054 75.677193 -36.330036
1060 77.459236 -45.917866
1061 72.966728 -43.598907
1075 73.387161 -48.556889
1076 76.965874 -46.215851
1080 76.783745 -42.977089
1082 77.543976 -46.591717
1087 77.267326 -45.438564
1091 76.194427 -42.712978
1102 77.879509 -43.774815
1114 77.031425 -45.170307
1127 78.130043 -43.662189
1134 83.028648 -40.705566
1149 77.378059 -43.449406
1160 78.992386 -45.310513
1165 79.889351 -44.311565
1167 77.706062 -47.040333
1171 76.714554 -41.714291
1176 77.486191 -44.179382
1179 75.841797 -47.522701
1191 75.328079 -45.547638
1193 70.075874 -43.383789
1194 77.611183 -43.412868
1199 78.863159 -41.265072
1203 72.162788 -46.598816
1213 76.125473 -45.052101
1214 74.868042 -41.797119
1216 78.495720 -46.828129
1218 75.610161 -44.348911
1221 78.217354 -44.588249
1225 77.423546 -47.101040
1226 75.564972 -43.925415
1237 76.725922 -46.067822
1238 76.827225 -45.967396
1121 79.622276 -36.587738
1245 78.675186 -46.566761
1251 78.240067 -42.554272
1256 77.338753 -43.331127
1262 72.383095 -46.553558
1265 81.849640 -45.194077
1268 76.515984 -46.481861
1276 79.869865 -45.690468
1279 77.014999 -47.265808
1308 76.580673 -45.968220
1318 72.244011 -46.648136
1321 70.802666 -43.237644
1332 77.075676 -46.742477
1333 77.119041 -42.430359
1338 78.849205 -45.388344
1351 77.645615 -45.560997
1358 73.835861 -44.174023
1359 74.308807 -51.140659
1361 76.564034 -45.048138
1363 72.744415 -43.356228
1383 77.896347 -43.382889
1388 73.248062 -41.687267
1389 77.509682 -45.136410
1400 82.009880 -47.666000
1401 75.059128 -41.571831
1405 73.469002 -41.647442
1406 77.522301 -46.516800
1407 75.544014 -42.683056
1409 78.213860 -45.701370
1411 74.240791 -45.989399
1418 75.502403 -48.778164
1422 76.229881 -44.123447
1429 80.860092 -46.199081
1433 71.253304 -44.595543
1436 73.325943 -38.447781
1456 75.641830 -45.462616
1459 72.305374 -43.524906
1470 76.265358 -46.613808
1481 77.861397 -45.343796
899 77.321960 -44.198475
955 81.120506 -44.174229
1184 77.570076 -44.913399
1186 78.319397 -42.878292
1281 74.824928 -43.282955
801 72.484825 -48.209793
966 81.434669 -48.210041
1044 74.918259 -44.872810
1486 73.441772 -43.699482
51 90.859673 -65.997246
247 82.969246 -67.135704
571 83.529663 -61.409218
658 77.562965 -58.027103
1230 71.848755 -50.742050
44 78.432144 -62.531746
309 84.074936 -64.785172
449 84.298759 -66.341957
661 85.197914 -60.674492
549 85.359032 -62.304386
144 92.553703 -59.569603
518 84.578278 -56.521938
620 85.359901 -60.336243
18 73.068619 -54.085060
126 84.171204 -58.023239
586 84.921707 -63.139500
200 88.066933 -52.661648
486 88.233673 -52.270969
495 88.079292 -57.230999
7 80.899536 -66.264679
244 84.330276 -57.856686
271 92.981339 -63.967152
320 93.227196 -64.355225
65 83.096527 -67.303215
115 83.001228 -67.116821
140 82.552917 -67.538605
504 84.913391 -63.319656
520 82.873520 -58.798458
552 83.705627 -67.859711
744 83.069153 -66.907967
940 83.050125 -42.469837
1122 73.264412 -48.760494
973 76.292702 -44.870171
274 86.669617 -62.040077
94 88.110542 -60.640636
132 92.982269 -54.656929
512 87.840576 -64.492393
613 80.169441 -53.853912
1356 77.021461 -41.397659
1475 78.431297 -44.193638
40 86.309502 -62.330517
348 86.435875 -51.365562
594 86.754753 -50.460129
907 71.106476 -41.600552
935 83.180099 -49.720596
943 82.115891 -44.942036
960 82.200165 -47.304432
972 80.452660 -39.896824
1020 75.551971 -52.885704
1138 71.620155 -49.699917
1249 81.319496 -45.577869
1329 74.253769 -48.141399
1477 83.220108 -48.083595
91 81.849503 -62.758537
355 80.327049 -54.212063
31 78.386711 -62.198570
249 78.628670 -62.121792
311 86.710289 -44.482681
1007 73.301086 -45.201195
1048 76.462303 -44.757412
1112 77.064270 -46.766098
234 79.122604 -62.125286
327 88.637207 -61.620472
336 82.779999 -59.188320
363 79.112274 -62.125721
387 73.457283 -53.479736
1428 78.695503 -45.436703
647 84.125862 -60.185047
1006 76.226944 -42.217510
1133 75.679214 -46.795837
540 83.323265 -62.922421
731 85.910278 -66.000420
978 73.384102 -53.426003
1107 73.586899 -43.256824
402 84.907631 -51.848400
967 85.351997 -46.342258
4 90.818359 -45.073826
719 90.807007 -45.027927
92 82.580200 -55.196579
587 82.934868 -51.532688
708 81.843468 -55.908348
908 78.986771 -44.032124
1270 74.381248 -41.222569
1445 78.950722 -49.057014
57 83.235168 -65.557480
135 79.130844 -39.359760
202 72.562706 -39.400677
413 80.459229 -61.707420
771 73.273834 -42.345211
813 73.333748 -43.105968
816 77.763557 -43.980522
841 73.293243 -43.420048
842 73.043251 -41.927410
881 77.122612 -42.543850
903 72.898720 -41.829597
906 74.004005 -40.786316
920 79.188385 -45.623318
939 76.079834 -40.570000
945 72.566582 -43.722820
949 77.583794 -40.511551
981 79.078346 -45.207272
990 73.852806 -43.445580
994 72.593941 -41.696476
1023 76.879478 -41.704552
1039 78.969162 -44.711971
1051 75.270088 -39.124031
1056 69.559830 -45.854660
1069 73.351105 -36.142445
1095 76.722656 -40.859909
1105 76.969124 -43.572334
1123 72.642876 -40.417873
1166 73.336060 -43.235058
1202 73.938423 -48.221478
1210 78.106224 -45.339226
1219 73.276093 -41.553852
1248 74.004738 -46.127575
1277 74.199638 -44.267639
1286 73.569359 -43.314484
1300 72.658440 -42.141201
1306 72.472603 -41.078487
1312 78.994362 -45.248272
1317 73.372086 -40.159138
1319 78.286766 -46.745476
1320 73.184280 -41.820847
1322 74.667107 -42.588169
1345 76.958061 -41.182941
1368 74.770065 -42.150509
1371 73.125511 -41.353867
1374 74.191246 -42.290897
1392 71.230202 -44.487446
1430 76.742577 -45.565170
763 78.278168 -40.878654
854 71.141266 -44.648350
1147 69.848961 -48.002270
1471 73.078850 -43.660572
1472 74.939186 -46.450588
1474 76.288078 -44.486286
5 82.543472 -65.905930
425 82.902138 -65.466789
554 83.700050 -62.212555
729 83.067917 -65.336998
757 82.756805 -65.591415
75 73.255424 -53.679821
77 76.308250 -57.094707
717 84.162712 -60.797264
87 80.615562 -55.543583
275 68.528275 -44.617989
673 80.474762 -61.755333
291 84.354256 -58.782978
359 84.161690 -59.115856
597 86.863113 -57.273788
33 83.830376 -67.926682
932 75.483376 -39.591324
1125 69.832367 -41.960968
1253 73.770111 -40.858833
1402 69.409531 -43.643139
63 79.315514 -54.960953
487 83.292809 -61.989494
995 69.690491 -46.081844
37 83.050049 -62.991817
541 83.019119 -63.330490
809 79.688515 -40.703388
1274 75.952759 -44.408535
1059 77.374252 -44.067024
36 88.618088 -64.123642
317 82.527321 -58.862953
1188 89.110947 -60.015938
533 76.944275 -59.002151
16 77.500710 -57.904560
307 80.301559 -54.076015
344 80.577751 -53.874866
436 80.299484 -54.079948
700 80.295258 -54.079891
856 79.730759 -46.688564
892 72.848068 -43.690971
623 69.759460 -46.055813
796 76.334114 -57.032459
806 78.898392 -43.716290
810 70.606087 -45.991329
840 70.989708 -45.100117
858 79.467262 -42.110428
873 72.847298 -45.484394
883 69.764343 -46.059986
913 71.040672 -45.115181
950 69.900093 -46.761868
974 71.696182 -46.367611
988 76.440506 -43.690418
991 71.426453 -45.246689
1005 70.647491 -45.166164
1012 78.554283 -45.559734
1052 76.958412 -43.440762
1057 69.815392 -45.853138
1077 70.299316 -46.195797
1079 70.223938 -45.375954
1129 72.487099 -42.241600
1145 73.405594 -43.093296
1164 69.755402 -46.057491
1236 72.313271 -46.585991
1241 70.254967 -45.562160
1261 70.343239 -45.477085
1299 70.838165 -45.723675
1307 71.688629 -43.245720
1340 70.544052 -46.255283
1341 75.996895 -47.818924
1360 70.646561 -46.279129
1373 77.088974 -46.890060
1403 71.539963 -44.153355
1413 76.093094 -42.304493
1415 70.422577 -45.391399
1441 75.813614 -43.986359
1448 78.830482 -45.474277
372 85.756477 -56.355339
821 77.860962 -41.168316
151 81.609482 -53.525948
1252 75.391594 -47.582714
882 79.359161 -45.939079
970 80.013077 -44.040001
1120 80.538094 -42.002270
1257 79.819038 -44.218418
1260 75.896317 -45.403999
1425 72.854973 -43.036289
10 75.452751 -36.077660
766 73.749695 -42.705933
767 70.257744 -48.509373
780 79.568993 -43.627388
1025 73.282677 -43.872200
1118 81.943916 -44.898853
1206 74.124481 -42.648724
1367 71.219818 -47.151329
1378 75.986618 -46.288158
95 76.635834 -59.034809
192 76.753624 -59.086304
211 76.723488 -59.020462
1175 76.713310 -58.938560
781 81.631889 -46.820843
465 87.976814 -58.115002
214 72.504944 -52.663044
505 86.033958 -53.670998
829 78.030739 -46.140347
864 76.133522 -45.589260
1336 84.335594 -41.473038
602 87.071060 -57.836529
600 76.426605 -57.044113
774 72.076042 -42.480701
786 74.419571 -45.203770
839 75.312469 -41.358051
1288 84.842110 -48.541927
921 77.195877 -42.104519
1070 71.010399 -49.897785
1081 86.131950 -45.232174
917 79.678337 -44.569538
6 86.448479 -61.884212
61 86.064705 -66.183876
199 85.614227 -60.327904
290 86.441063 -61.884907
352 87.316437 -60.586849
353 86.450897 -61.882343
369 73.544777 -53.386726
428 82.698219 -58.983646
438 82.711807 -63.494305
496 86.434990 -61.887119
547 84.330986 -63.235405
624 86.375244 -62.101902
685 86.428833 -61.713551
102 84.688042 -57.727077
683 86.006981 -58.350758
326 80.412018 -51.626438
895 84.326843 -63.219894
976 75.407425 -48.849014
993 78.302986 -50.654747
1437 75.645149 -45.756359
743 82.565262 -57.169453
1113 78.626831 -43.045475
936 75.814682 -45.524281
802 78.456490 -39.567387
915 76.202835 -45.212551
1090 79.342514 -43.570354
1153 72.287628 -42.305172
1294 79.071213 -39.565643
1386 77.508972 -41.013325
1431 73.490837 -47.605419
1143 77.544678 -43.911186
770 77.031364 -48.946381
783 71.730515 -46.033611
929 73.907539 -44.357128
1013 77.022125 -48.949535
791 77.032578 -47.097351
1217 75.898857 -43.306564
1347 76.121262 -42.037777
1071 72.261337 -47.132126
1289 73.728874 -44.041710
1343 71.490799 -42.430382
1455 77.315971 -47.187431
807 73.286530 -47.467739
872 74.643555 -46.512234
900 75.630287 -44.500141
1037 80.639923 -42.062492
1417 80.585564 -43.258907
1170 73.502090 -53.195354
1209 73.162575 -42.310394
1243 75.052780 -44.362812
1263 76.066605 -45.816402
1273 78.337921 -45.064434
1364 70.525993 -42.960854
1370 74.641747 -44.230377
1394 80.106880 -44.264946
1395 75.543442 -46.060375
1410 74.412369 -42.319626
1419 73.584610 -44.116837
1450 79.403481 -46.020920
961 81.535065 -43.226986
1132 76.740990 -44.830688
1148 72.417458 -46.105686
1454 78.606522 -44.059052
1197 75.946060 -47.438023
1334 76.376732 -43.635826
1354 81.884605 -46.131832
1382 76.054276 -42.101803
982 77.707977 -38.127613
830 80.748871 -43.715267
1372 78.069847 -46.096436
778 75.724983 -38.171860
1068 75.534935 -46.030182
499 77.951706 -36.053436
874 79.139862 -36.929005
914 74.555984 -42.419102
924 71.593933 -45.137825
999 72.304512 -40.744366
1002 75.074326 -45.949696
1254 71.452240 -42.917961
1444 77.290680 -43.368511
678 84.012428 -43.610485
762 71.725243 -41.549118
928 77.577713 -38.182896
953 71.501045 -44.523243
1041 77.694313 -38.044159
1094 76.158020 -40.634083
1144 72.213776 -42.446121
313 84.240692 -62.729694
756 85.458740 -64.364159
1224 84.454437 -56.377571
1064 71.720169 -43.570271
669 82.273491 -61.379696
650 85.140083 -62.229675
105 85.208214 -55.621059
615 84.722481 -63.454704
621 93.297676 -64.592705
337 83.824715 -63.128376
542 83.830872 -63.120914
1140 75.114212 -40.536488
1439 72.176971 -46.778912
861 69.032013 -41.002468
1250 72.791397 -43.978100
827 70.009766 -39.523598
871 75.817444 -43.039608
1297 77.475334 -46.833641
1339 72.414055 -46.715538
529 85.565483 -60.382553
897 76.477211 -44.425320
1096 71.191895 -44.786282
1157 74.421120 -42.993698
1355 77.276627 -43.413460
1398 78.805641 -41.756489
1416 75.104515 -38.879284
127 73.604050 -53.800415
183 73.399452 -53.396137
224 73.400993 -53.396061
283 73.400040 -53.392872
473 73.400002 -53.394535
508 73.400658 -53.397194
642 73.406235 -53.104881
849 73.429474 -49.835892
889 73.400185 -53.395523
911 73.397736 -53.398247
919 69.927025 -43.180050
1078 73.400200 -53.392807
1331 73.623154 -49.575832
501 87.283966 -59.603241
910 86.211243 -51.535431
1088 86.007805 -56.459702
699 84.570183 -60.150749
1185 70.787033 -47.796951
963 73.957329 -45.715282
1168 79.289558 -46.308907
1204 72.834419 -44.370430
1207 74.453163 -46.382248
1287 73.801811 -45.782993
1449 73.730629 -45.130219
1457 74.291870 -45.259850
1158 68.544609 -43.074059
1421 73.160362 -45.574234
1220 75.765030 -44.019062
279 86.440849 -59.838741
1074 86.390900 -59.821930
215 72.104698 -46.651802
229 72.101036 -46.647758
759 70.086388 -43.456429
760 72.424301 -46.665398
803 72.593681 -46.967579
811 71.491676 -45.324032
826 71.147881 -44.568810
832 72.761711 -42.291382
853 70.393089 -42.846558
869 72.609467 -46.490692
875 71.645432 -45.578758
983 72.258430 -46.790401
1083 74.370132 -41.232758
1089 72.121658 -46.302273
1092 72.904655 -43.608932
1115 71.825745 -46.040001
1126 72.358398 -48.108204
1174 77.150513 -41.634716
1246 72.102203 -46.649212
1278 71.659271 -46.911598
1301 78.021675 -56.303234
1313 83.040482 -49.671490
1315 72.103798 -46.646812
1365 73.598763 -43.644001
1387 72.057823 -46.560223
1396 72.104889 -46.647274
1404 72.102074 -46.646889
1483 72.206802 -46.671459
1488 71.836555 -42.300369
381 78.066292 -56.374279
1154 75.007362 -48.824554
1420 71.692810 -42.515034
400 84.751770 -56.967701
789 75.102821 -49.267578
1302 73.716881 -49.155338
1467 73.066040 -43.596760
128 76.375504 -57.099613
704 76.374390 -57.098595
251 87.404121 -59.927929
1232 87.408691 -59.922161
773 89.425247 -38.085991
441 80.732010 -50.246796
1480 75.354042 -49.614319
716 78.459885 -62.480968
254 84.897621 -60.828529
32 73.236778 -35.927929
43 83.152039 -61.860207
58 83.144951 -61.870560
1309 71.959221 -42.271973
1017 75.984734 -47.628796
1024 72.901291 -48.073582
1267 78.111626 -42.623405
1198 76.388802 -42.174900
1255 71.201653 -38.904232
670 82.692581 -61.733997
739 83.361153 -62.039894
681 73.261421 -53.651829
103 84.834236 -59.258781
50 86.007721 -59.089062
470 78.715248 -55.867859
82 84.814972 -57.440498
46 79.658638 -53.489094
765 69.135849 -43.361336
1104 71.694656 -42.886333
1384 71.247635 -44.617077
66 84.969543 -57.043831
583 85.031616 -56.991108
1098 84.912056 -57.062595
1036 70.577698 -40.996677
775 71.176109 -44.639816
779 71.173729 -44.639576
847 71.173424 -44.636261
848 72.605164 -41.271481
857 71.858521 -44.088512
868 74.516945 -44.051495
870 73.104774 -42.189903
888 72.461899 -41.038116
893 71.448219 -44.549850
898 75.943878 -44.235661
902 72.166580 -44.237099
948 74.166962 -42.470417
986 71.176826 -44.641888
1016 71.174973 -44.640511
1029 71.175362 -44.637043
1033 69.963547 -44.476929
1063 71.515648 -44.174973
1086 71.863701 -44.818024
1101 71.296539 -44.636478
1128 71.366577 -44.690044
1155 74.766975 -43.804893
1156 71.174225 -44.634144
1177 71.173607 -44.642025
1181 71.173645 -44.638443
1189 73.093735 -43.538242
1195 71.416862 -44.562511
1223 71.546188 -44.406700
1264 71.177139 -44.640614
1280 71.172173 -44.636265
1296 71.175240 -44.641327
1303 71.172585 -44.637772
1335 71.175163 -44.643600
1337 70.989670 -43.184357
1342 71.170975 -44.635078
1348 75.136215 -42.582676
1349 74.334335 -43.883762
1352 71.174347 -44.636429
1366 71.312614 -44.566483
1376 71.176468 -44.636478
1414 71.354317 -44.574474
1427 71.170425 -44.638779
1432 75.520935 -45.284355
1466 71.177383 -44.638187
1469 71.175400 -44.634792
1473 71.177231 -44.637688
1484 71.183937 -44.228539
959 71.077599 -43.834869
207 93.019279 -54.597759
1353 92.979263 -54.583893
539 84.205162 -57.875351
410 87.577629 -59.274860
1099 80.222046 -43.128788
1292 78.886642 -43.476158
1390 79.819817 -43.076855
236 81.510002 -53.458572
1022 79.648514 -40.717590
1266 70.439102 -46.961834
1377 70.234001 -48.181576
396 82.311623 -54.410870
930 74.401352 -47.756348
688 84.473846 -55.767731
1004 72.133957 -42.638458
1330 81.502197 -46.765038
157 74.920586 -57.460743
695 68.616287 -44.628677
29 77.596184 -58.024254
170 77.597855 -58.026390
406 77.596565 -58.028614
407 77.598984 -58.030018
737 77.598915 -58.024597
654 84.508888 -62.687347
172 69.059616 -36.823227
212 69.111855 -36.879944
964 77.019554 -43.268799
181 -22.171661 38.855133
665 -22.171654 38.855129
631 72.396935 -40.807720
1067 75.079170 -43.298004
1200 73.450706 -41.335884
1453 74.847237 -42.022186
423 82.527161 -61.696262
1182 68.328094 -49.276508
104 88.816605 -68.232620
1446 78.814522 -41.554214
1272 74.712753 -42.026104
268 91.938789 -50.632137
1239 77.896996 -46.410740
653 80.148819 -64.004028
689 80.145554 -64.005074
379 93.259888 -64.582657
324 68.235344 -42.937874
1435 74.687836 -42.093941
1397 80.360596 -44.553131
833 75.037193 -43.398323
1196 77.056145 -43.897770
553 83.220795 -58.525177
938 76.757980 -45.938244
1135 76.753166 -45.921791
403 82.608337 -58.917824
1233 75.270760 -41.859791
957 71.847855 -42.213795
1489 72.566475 -48.129482
399 88.340233 -51.942249
1159 76.217453 -40.669304
818 73.653053 -41.557640
391 84.020454 -63.492931
1205 72.957458 -43.782131
245 76.160614 -61.354168
824 74.166504 -44.177418
887 74.361534 -44.169945
1468 74.174782 -44.185490
798 70.672577 -41.048767
819 68.200119 -49.340649
820 68.269257 -49.302864
1447 76.632645 -42.888432
1212 70.598228 -42.862003
1304 71.800728 -42.415516
912 69.364029 -43.372131
1183 85.942696 -45.539688
1290 78.589836 -44.071815
1187 76.952484 -42.149574
909 76.394287 -45.985546
977 78.808067 -41.507683
1259 89.479652 -38.049736
1258 89.481010 -38.051792
925 77.874641 -43.340065
862 75.062714 -41.633163
1487 71.976479 -42.276028
1028 75.384338 -42.192005
1169 77.294777 -47.176872
867 73.185066 -41.849216
1485 72.789856 -42.036201
793 68.203568 -49.336658
799 78.159042 -46.733280
1018 66.652100 -47.088440
944 69.490196 -45.849743
1045 79.007561 -57.575882
522 74.157372 -42.342796
