#C:\Anaconda3\lib\site-packages\ipykernel_launcher.py -f C:\Users\CRM\AppData\Roaming\jupyter\runtime\kernel-c928d1b2-22d6-4b12-84cc-8c5e05def514.json
# GMT Fri Apr 12 11:30:39 2019
# 
0 22 54 84 154 322 366 433 574 640 641 643 663 1244 1434 1 20 67 114 189 240 255 256 497 567 1130
22 17 23 26 54 101 106 153 154 169 179 390 401 433 494 562 569 574 608 622 640 641 676 736 740 797 989 1379 55 71 88 99 108 116 143 190 201 216 218 221 242 248 258 281 282 287 339 349 356 362 386 398 409 427 459 466 502 510 523 548 560 584 595 603 611 625 639 651 680 698 701 725 735 884 1000 1046 1328 1381
54 8 9 12 13 14 17 20 26 28 34 35 39 41 45 52 15 21 30 38 74 84 117 149 153 154 155 158 166 171 179 186 188 190 201 217 228 267 287 296 300 322 346 362 370 373 386 390 398 404 433 440 445 453 459 466 471 479 482 491 492 494 534 546 560 562 565 569 576 578 584 590 608 614 633 639 640 641 643 649 663 668 674 675 686 711 725 726 753 755 55 67 71 83 89 99 100 108 114 116 118 123 124 136 137 139 146 150 156 161 164 167 169 176 177 180 189 203 204 208 209 210 218 222 223 226 237 240 242 248 252 255 256 258 261 276 277 278 280 281 282 288 289 295 298 312 316 325 331 334 343 349 350 356 360 361 376 377 388 389 392 393 408 417 427 430 431 435 443 448 450 451 464 468 474 476 478 483 488 493 497 500 502 507 511 514 523 524 531 535 537 538 548 555 558 559 561 567 572 574 588 595 601 603 609 611 616 617 619 625 636 648 651 659 660 679 682 684 687 698 701 710 713 714 728 730 734 735 736 740 742 746 754 764 817 837 855 860 877 926 934 1073 1084 1116 1130 1152 1190 1235 1350 1393 1424 1438
84 14 39 41 45 55 69 74 81 85 139 171 228 296 322 461 471 513 534 546 640 99 108 114 118 120 122 143 156 164 176 190 203 219 223 240 286 287 312 316 349 377 401 433 474 480 482 483 491 503 511 515 565 569 617 627 644 666 674 687 712 715 721
154 1 8 9 11 12 13 17 19 20 25 26 27 30 35 39 41 42 45 55 67 69 76 78 81 86 89 97 99 100 101 108 112 114 116 117 118 120 122 123 124 131 136 137 142 143 146 148 149 150 38 88 153 158 169 171 179 188 209 228 232 296 300 346 362 390 404 433 440 442 479 491 492 513 562 636 640 641 643 649 663 686 753 155 156 161 162 166 167 176 180 186 187 189 190 203 204 206 208 210 216 218 219 223 226 237 240 242 252 255 256 258 263 272 273 276 277 278 280 281 282 287 288 289 295 297 299 304 306 308 316 325 328 330 331 332 343 349 351 354 360 361 364 376 377 380 382 383 384 386 388 389 393 395 398 401 408 409 414 415 416 419 420 421 426 427 430 431 437 439 443 447 450 453 459 460 464 466 467 468 471 474 476 478 480 483 488 490 494 497 500 502 503 511 514 523 526 531 535 536 537 538 543 546 550 558 559 560 561 565 566 567 572 574 577 579 582 584 588 589 590 595 596 601 603 609 611 614 616 617 619 625 630 634 639 644 645 652 659 660 666 667 668 674 675 676 687 692 698 702 703 710 712 713 714 720 724 725 726 728 734 735 736 738 740 742 746 748 754 764 772 808 817 828 835 836 860 877 878 886 890 926 933 942 969 1003 1030 1103 1111 1116 1124 1130 1152 1163 1192 1201 1211 1215 1228 1314 1316 1324 1325 1344 1381 1391 1393 1408 1438 1440 1443
322 1 12 13 14 17 19 20 21 26 28 41 45 55 67 71 98 99 100 109 112 116 117 122 131 146 149 150 155 159 166 167 171 186 188 190 197 201 204 206 208 209 217 218 222 238 240 255 256 258 263 277 280 287 288 294 295 314 316 232 300 467 725 1066 1178 1305 325 343 346 349 360 362 382 388 404 420 430 431 435 440 445 448 459 464 466 468 471 476 478 482 483 489 491 500 511 516 534 535 546 555 558 559 560 562 563 565 566 567 572 589 590 599 601 603 604 611 617 618 619 622 625 630 634 640 643 646 651 663 668 675 680 693 698 710 711 713 726 728 730 735 787 885 926 942 965 1003 1046 1116 1130 1222 1327 1381 1393 1412
366 159 332 367 567 603 640 1130
433 13 21 23 27 39 45 55 69 76 81 96 98 99 100 108 114 137 156 178 179 180 190 203 204 208 209 218 219 228 242 281 288 299 306 310 316 325 331 340 346 349 357 386 401 408 409 418 74 101 113 153 158 171 404 435 440 442 464 471 482 491 492 513 516 534 590 622 636 640 641 663 675 725 1244 1269 447 451 453 466 467 468 498 500 502 511 514 524 535 546 558 559 572 579 588 589 601 609 611 625 643 646 660 693 698 702 713 714 720 754 817 835 860 934 1116 1130 1228 1438
482 1 13 20 35 39 71 74 98 108 117 118 139 150 171 179 188 190 201 219 228 237 240 258 266 280 281 287 292 316 325 350 356 362 377 393 401 416 430 447 448 453 459 466 467 513 546 1047 1050 1478 491 511 523 531 535 538 555 558 560 561 565 566 567 584 603 609 611 614 617 636 643 644 663 674 675 682 701 702 707 724 730 735 753 754 817 837 859 878 926 997 1062 1116 1130 1151 1231 1295 1327 1391 1426 1460 1476
574 9 98 100 129 136 143 178 180 190 218 222 255 256 263 281 287 386 398 416 469 494 500 502 523 559 567 23 179 633 640 979 1040 584 595 603 612 634 682 687 701 724 754 817 1476
640 1 8 9 12 13 14 17 19 20 23 27 28 34 35 39 41 45 55 67 68 71 72 74 81 83 98 99 100 108 112 113 114 116 117 118 120 123 131 136 137 139 143 148 149 150 155 156 165 166 169 171 174 176 179 186 188 189 190 193 201 203 204 208 209 216 217 218 223 237 242 243 255 256 258 263 281 287 288 289 292 294 295 296 302 304 306 308 310 314 315 316 325 331 334 340 343 346 349 362 364 376 378 382 383 384 386 388 389 390 393 395 398 401 405 409 416 417 430 435 440 443 448 452 453 459 460 464 466 468 469 471 474 476 478 479 480 489 492 497 500 502 506 511 514 517 534 535 536 555 558 559 560 566 567 569 572 577 582 584 588 595 601 603 609 611 614 616 617 618 622 630 633 185 232 676 896 1085 641 643 645 651 659 660 663 666 667 668 674 679 690 693 698 702 710 711 714 720 726 734 735 740 753 754 755 764 787 808 817 837 855 860 879 894 926 942 1040 1050 1100 1108 1116 1130 1139 1151 1161 1162 1201 1208 1215 1222 1275 1285 1324 1328 1380 1393 1408 1424 1438 1458
641 1 12 13 14 17 20 21 23 28 30 39 45 55 71 72 74 79 80 81 89 98 99 100 117 136 139 143 150 161 166 167 171 176 179 186 188 190 203 210 217 222 223 237 240 255 256 258 263 297 298 299 306 316 330 346 349 350 362 367 370 376 401 415 416 430 435 440 444 453 459 464 466 467 478 491 492 500 511 514 523 534 535 538 546 558 565 569 572 582 584 589 590 603 611 614 617 619 633 639 513 622 675 740 817 884 931 1460 1462 643 663 668 674 690 698 702 725 735 742 753 754 855 937 1047 1073 1108 1295 1438
643 1 9 13 15 23 28 39 55 71 74 88 89 98 100 112 117 136 139 143 155 166 171 179 190 201 255 256 258 287 316 325 346 362 388 393 443 453 459 464 466 467 468 471 491 492 494 511 535 546 558 559 560 562 565 569 572 573 578 584 603 611 614 617 619 622 30 64 101 149 169 294 300 350 373 395 404 440 445 576 590 608 633 649 663 668 674 675 686 692 725 728 753 797 962 989 1178 742 754 1111 1438
663 1 14 17 19 39 45 55 74 98 100 108 117 123 124 137 141 143 167 178 179 188 191 201 208 209 218 228 237 240 255 256 287 315 362 388 409 416 435 437 448 450 453 459 467 478 488 491 511 516 523 538 546 555 565 567 572 589 590 611 617 656 64 101 153 169 171 186 217 232 296 300 395 404 430 445 464 513 534 562 563 633 686 713 725 728 692 703 710 711 817 1130 1228 1350
1244 15 20 88 149 179 184 217 248 295 395 405 467 489 538 560 596 609 668 711 754 761 764 772 776 777 785 787 790 792 795 800 804 805 812 814 815 817 822 823 825 828 834 835 836 838 845 846 850 851 855 863 877 878 879 880 890 891 894 918 926 933 934 937 941 942 946 951 952 954 958 965 969 971 979 980 987 992 1008 1009 1014 1019 1027 1030 1035 1043 1046 1050 1053 1054 1060 1061 1075 1076 1080 1082 1087 1091 1100 1102 1103 1111 1114 1124 1127 1134 1149 1152 1160 1161 1165 1167 1171 1176 1179 1191 1193 1194 1199 1201 1203 1213 1214 1216 1218 1221 1222 1225 1226 1231 1235 1237 1238 1121 1269 1305 1245 1251 1256 1262 1265 1268 1275 1276 1279 1285 1308 1318 1321 1324 1325 1327 1328 1332 1333 1338 1344 1350 1351 1358 1359 1361 1363 1380 1383 1388 1389 1393 1400 1401 1405 1406 1407 1408 1409 1411 1418 1422 1424 1426 1429 1433 1434 1436 1438 1456 1458 1459 1462 1470 1478 1481
1434 467 578 846 855 899 955 1100 1134 1176 1184 1186 1222 1281 1328 801 877 884 966 1044 1050 1111 1152 1178 1208 1305 1389 1478 1460 1486
1 17 23 28 51 98 143 153 158 171 179 203 237 247 331 362 388 390 430 445 476 546 560 562 563 565 571 622 649 668 686 753 755 658 1130
17 15 71 98 108 143 155 179 217 494 523 560 563 571 578 603 622 702 725 728 1230 55 117 362 386 567 617 680
23 21 23 88 101 153 169 401 494 534 562 569 609 622 740 962 55 108 117 159 218 287 346 354 362 377 388 398 408 531 566 617 646 660 668 680 687
28 14 20 30 44 143 161 166 167 179 201 219 247 267 309 350 370 386 408 431 449 492 534 543 588 590 603 649 661 686 692 698 711 725 180 448 453 497 523 549 735
51
98 12 13 30 39 45 55 71 74 81 89 34 38 88 113 117 143 144 149 161 166 171 179 186 188 190 201 209 217 267 296 300 346 350 362 370 373 386 388 393 404 416 431 440 453 460 464 466 467 471 476 479 488 491 492 494 507 513 516 518 534 535 543 562 565 569 573 576 578 590 614 620 622 633 648 649 668 674 686 692 702 711 713 725 726 728 753 139 164 176 218 228 237 255 256 258 295 316 398 430 511 523 555 572 603 611 617 660 707 742 746 754 1426 1438
143 12 13 18 26 39 45 55 89 100 108 112 117 136 30 34 38 71 88 101 126 142 144 149 153 166 179 190 201 217 226 232 247 258 277 280 281 287 300 334 350 362 370 376 386 393 398 416 431 440 459 464 466 467 471 483 488 491 492 494 534 546 560 562 563 565 569 571 576 578 588 590 603 608 620 622 633 644 659 661 675 686 701 702 711 725 728 740 742 753 755 797 180 356 468 498 511 523 535 558 611 614 617 619 651 674 687 698
153 13 14 26 34 55 67 71 89 99 100 116 155 166 179 186 188 204 218 223 255 256 258 267 292 299 346 362 388 415 416 435 450 453 468 488 491 511 535 558 559 560 569 584 586 603 611 617 630 633 649 659 667 668 674 702 734 735 754 764 934 1050 1438
158 45 55 728 222 228 240 282 287 306 316 362 416 453 468 511 534 558 582 584 603 609 617
171 39 45 55 67 69 74 81 100 114 118 120 137 139 159 71 149 188 228 232 296 362 370 404 430 440 471 479 492 513 534 569 576 633 674 711 725 728 176 189 200 240 256 277 287 312 325 386 459 464 480 483 486 491 495 511 523 558 565 584 611 614 617 658 710 754 1176 1438
179 7 12 13 15 19 39 45 55 71 74 89 108 112 117 123 136 150 155 177 26 30 34 144 149 186 188 201 204 209 287 296 346 362 370 386 404 430 440 453 459 488 492 511 546 560 562 565 576 584 590 608 614 622 633 639 649 668 686 702 711 725 728 753 755 797 1050 180 203 228 237 240 248 258 263 281 282 300 330 343 388 398 409 416 466 467 468 494 523 534 535 538 555 558 559 572 573 588 589 595 603 609 611 617 619 644 646 659 674 687 713 726 735 746 754 1426 1438
203 81 116 120 176 12 101 114 118 244 401 489 491 492 513 534 546 692 728 797 1040 297 298 312 459 514 566 586 617 1328
237 34 64 71 101 118 144 188 209 271 300 320 386 388 390 404 430 445 489 513 534 546 571 573 603 608 622 633 649 680 686 725 728 740 753 1436
247 14 26 39 65 115 116 140 146 162 164 187 201 216 222 240 258 272 295 304 362 421 427 466 488 491 504 510 511 520 552 565 576 584 603 617 639 646 649 674 675 736 744
331 155 186 300 426 538 728 940 955 992 1091 1100 1122 409 567 973
362 39 41 45 55 71 74 81 99 100 108 112 117 136 139 141 167 180 188 201 204 208 209 216 243 258 272 273 274 281 282 287 288 312 314 325 346 349 13 15 30 34 38 64 94 101 132 149 166 169 186 228 296 300 334 370 373 388 390 393 395 401 404 431 440 442 453 459 460 464 471 479 488 492 494 502 512 513 516 534 543 546 550 562 565 569 573 576 578 590 608 611 633 636 639 649 668 674 675 676 686 692 725 753 755 386 409 415 416 430 511 520 523 535 560 567 577 588 613 614 617 646 690 698 702 735 736 746 1356 1438
388 14 39 100 123 136 166 190 201 210 261 263 277 316 386 71 74 88 101 188 217 300 398 404 430 464 466 488 492 546 562 595 622 633 711 728 755 409 448 468 491 523 567 573 584 603 625 702 764 1475
390 55 100 164 201 216 223 258 377 383 384 26 169 686 500 507 511 584 617 622
430 40 89 108 112 116 139 216 240 252 255 256 276 288 299 302 316 334 346 349 351 416 64 118 144 188 209 386 404 440 459 492 534 562 565 576 590 614 649 686 728 740 753 755 797 1050 448 468 471 478 480 491 560 595 609 619 630 651 667 942 1003
445 52 55 71 89 108 117 155 186 287 376 431 534 466 483 511 559 560 561 603 614 617 753 1130
476 9 149 180 201 217 218 364 386 393 416 468 186 296 346 348 404 467 492 534 563 573 594 676 728 740 755 785 797 907 935 943 960 971 972 1020 1050 1062 1138 1208 1249 1276 1329 1400 1460 1462 1477 523 567 572 668 787 1130 1230
494 13 14 39 45 55 67 71 88 89 91 100 117 123 136 159 188 201 218 223 240 287 315 325 355 376 382 398 416 453 468 30 34 38 190 546 560 562 563 573 578 668 725 753 1054 1379 502 511 535 559 567 595 604 611 614 617 646 660 674 701 724 754 1476
543 14 31 44 71 72 155 201 222 249 314 376 382 419 426 453 563 962 567 573 617 1020
546 13 14 15 39 45 55 69 71 74 81 88 100 117 164 176 188 190 201 204 206 217 223 252 277 287 289 298 311 316 346 376 386 404 416 431 448 450 459 464 467 471 478 483 488 491 492 511 523 96 101 144 392 440 534 573 576 589 675 692 725 943 1007 1111 1151 549 558 560 562 569 588 590 595 603 611 617 619 646 698 710 728 735 742 885 1048 1112
560 14 20 55 108 116 117 188 386 466 467 500 511 523 559 12 71 149 169 300 325 393 492 534 562 563 577 578 584 622 633 668 711 728 740 1178 1436 572 603 611 617 636 698
562 13 15 30 45 55 71 74 88 117 190 201 204 267 280 295 346 360 373 386 393 416 435 453 459 460 464 471 488 491 492 511 523 558 668 725 1178 565 569 584 603 619 630 674 675 698 702 728 740 746 753 754 1324
563 11 19 31 44 67 68 71 100 117 118 155 159 167 190 201 216 222 234 249 276 309 327 336 346 350 363 382 387 389 426 427 435 459 478 483 488 489 491 507 535 573 588 595 617 619 622 634 682 693 698 701 754 1020 1043 1228
565 12 15 39 55 71 149 201 316 416 453 459 467 488 491 555 30 101 188 296 300 393 404 440 479 492 534 608 622 633 649 668 675 686 725 726 728 755 572 573 603 604 617 630 955 1428
571 7 39 78 100 180 190 201 223 240 263 376 386 392 448 507 523 567 595 588 646 647 674 680 687 701 1130
622 14 26 39 55 71 74 89 108 136 177 190 201 218 228 242 287 300 382 386 408 409 416 450 453 459 460 464 466 467 491 511 523 535 561 572 588 603 617 12 534 711 740 687 693 698 710 736 1006
649 13 14 39 55 74 100 117 136 139 161 184 188 201 204 258 274 316 327 346 386 398 416 435 448 453 459 480 483 488 491 511 520 523 576 584 595 611 617 513 608 639 686 728 668 674 675 698 735 753
668 15 40 55 88 89 108 116 117 123 149 164 166 188 217 218 219 255 256 281 287 349 386 393 409 416 453 459 466 467 471 492 497 511 578 595 603 34 155 169 186 296 404 440 460 513 534 538 676 728 755 797 1020 1040 1050 1062 1111 1133 1152 674 675 754 885 1130 1151
686 9 13 14 35 39 40 55 67 69 71 74 89 99 100 112 117 118 136 139 166 188 190 201 222 228 258 267 272 295 299 315 325 343 350 377 383 384 386 414 415 416 420 435 443 453 459 466 467 483 488 491 492 500 511 523 534 540 558 569 573 603 614 617 630 639 674 675 693 698 702 721 725 731 736 855 1438 1460
753 7 14 26 39 55 71 78 94 100 117 136 161 180 188 190 201 223 258 263 277 287 327 350 373 376 386 416 453 459 466 488 491 500 511 523 535 569 573 576 578 584 614 619 644 647 692 698 725 728 30 38 88 169 296 370 398 404 431 440 492 534 590 639 711 740 978 1050 1062 1436 1460 879 1107
755 8 9 13 15 21 30 39 45 55 71 100 108 114 117 118 136 137 155 166 186 188 201 204 208 209 210 217 218 240 252 287 288 296 316 325 343 346 370 376 382 386 393 395 401 402 405 417 435 440 453 459 466 467 468 478 488 492 493 500 511 534 538 558 573 584 588 595 601 603 609 611 614 617 630 646 659 674 698 710 711 714 728 754 34 404 452 676 764 855 894 935 966 967 1040 1050 1062 1100 1151 1199 1208 1222 1245 1328 1359 1391 1426 1460 1462
4 513 719 1436 720
513 14 39 45 81 92 100 101 112 114 120 139 150 174 176 180 190 204 206 208 209 217 222 223 228 240 252 258 277 288 294 297 298 302 306 310 316 340 386 401 408 466 468 471 492 511 514 523 524 534 558 566 567 584 587 604 611 636 674 698 702 708 713 736 740 835 908 971 1050 1139 1184 1245 1270 1295 1325 1409 1445 1458
719 1436
1436 13 21 31 39 42 57 74 86 91 118 131 135 164 190 202 218 295 413 453 468 479 500 507 538 586 613 630 646 661 674 675 687 761 764 771 772 776 785 792 795 805 812 813 815 816 822 823 828 834 836 841 842 851 878 881 899 903 906 918 920 926 933 934 939 941 942 945 949 952 955 965 966 973 979 980 981 990 994 1006 1014 1019 1023 1030 1039 1050 1051 1053 1054 1056 1060 1062 1069 1095 1103 1105 1107 1111 1112 1116 1123 1124 1134 1149 1160 1165 1166 1171 1176 1184 1186 1190 1191 1194 1199 1202 1210 1213 1214 1219 1222 1235 1238 1248 1270 1277 1281 1286 1300 1306 1312 1317 1319 1320 1322 1328 1345 1351 1358 1359 1361 1363 1368 1371 1374 1383 1392 1405 1424 1426 1430 311 763 854 877 1040 1085 1100 1147 1178 1231 1316 1459 1460 1471 1472 1474 1475 1477
5 736
736 258 277 386 419 425 507 511 554 573 729 64 101 114 129 451 492 578 608 725 757 797 989 1050 1111 1379 1478
7 39 240 266 277 386 392 511 566 573 590 595 603 633 180 201 523 567 721 1130
39 14 12 30 34 38 71 74 75 77 88 123 188 190 201 209 223 226 228 263 277 287 296 373 386 398 401 404 416 448 453 459 460 464 488 491 507 516 518 523 534 559 569 573 576 611 614 636 648 674 687 692 711 717 725 728 1269 78 86 180 218 511 603 647
240 87 101 149 232 248 275 325 404 414 511 584 608 639 673 676 725 728 763 797 940 1478 413 453 507 646 658
263 14 74 86 88 180 190 223 45 71 139 217 291 359 392 440 464 467 478 492 603 636 647 674 713 725 728 734 453 1130
266 1050 1393
277 78 86 180 190 201 223 31 38 41 45 74 118 135 204 244 300 398 401 431 464 573 587 588 597 636 652 674 713 836 1054 1066 1111 1152 1178 392 453 507 511 523 611 647
386 13 55 74 99 117 166 201 258 360 15 26 33 34 38 45 64 88 101 108 113 191 217 232 255 281 298 300 310 346 373 376 378 398 401 404 416 431 440 452 453 459 460 464 466 467 479 483 488 492 511 523 534 549 566 567 569 573 576 578 586 588 590 603 608 620 633 659 661 674 675 676 687 702 713 728 735 740 797 906 932 962 978 1044 1050 1125 1178 1276 1329 507 510 611 1253
392 86 180 190 223 38 41 45 74 78 139 464 492 636 674 713 453 468 1402
511 40 166 201 208 398 443 12 13 14 15 30 34 38 44 52 63 71 88 101 113 117 144 149 155 169 186 188 191 193 217 219 228 232 275 288 296 300 309 315 346 370 373 393 404 416 431 440 442 448 459 460 466 471 479 487 488 491 492 497 531 534 549 569 573 584 588 590 599 603 608 614 633 639 674 675 702 711 725 728 729 989 995 1429 1477 523 611 648
566 523 12 27 114 169 209 559 728 740 797 978
573 20 21 30 149 190 201 223 286 315 316 376 398 416 448 467 500 540 558 34 37 101 117 129 188 217 300 464 541 578 590 611 614 633 648 687 692 809 1066 1178 1274 1379 639 646
590 14 19 41 55 71 74 81 117 176 180 188 201 204 218 222 223 228 258 287 346 409 416 440 453 459 464 466 467 468 483 488 491 500 567 569 582 584 589 608 595 603 614 617 630 644 659 674 675 692 698 725 742 1059 1472
595 108 336 421 567 88 217 232 300 404 492 725 978 1228 646 701 808 1130
603 71 78 201 218 222 507 523 12 15 21 26 36 101 108 155 186 188 209 217 232 274 300 317 360 393 404 416 460 466 492 512 534 559 569 578 608 619 633 647 648 711 725 726 728 1178 1379
633 13 15 55 88 89 117 139 167 190 201 204 223 280 287 316 416 435 453 459 464 466 467 468 491 523 535 559 569 572 611 614 619 64 740 1379 644 646 698 724 726 1165
8 144 209 740 995
144 71 74 117 124 139 180 188 267 416 453 478 488 491 492 617 651 674 690 710 885 1188 1426
209 14 20 27 71 74 99 113 116 137 206 208 34 185 232 395 437 442 452 534 636 676 726 728 1269 216 218 223 226 242 252 258 287 288 294 302 304 316 349 408 416 417 448 467 479 480 483 488 533 535 537 614 617 619 646 658 674 698 934
740 15 16 27 63 69 72 74 83 89 100 116 117 120 131 136 166 180 186 189 201 206 252 287 295 302 306 307 343 344 355 377 416 417 418 436 448 459 468 474 491 492 514 531 537 576 584 611 613 614 617 639 644 645 674 684 690 700 734 88 300 797 962 1050 1085 1152 1178 754 761 763 764 772 823 855 856 860 885 892 926 935 952 1047 1095 1130 1199 1211 1275 1328 1380 1391 1428 1429 1438 1440 1445 1462
995 112 118 210 356 504 517 537 561 623 776 777 796 806 810 840 854 855 858 873 883 913 945 950 974 988 991 1005 1012 1052 1056 1057 1077 1079 1080 1100 1129 1134 1145 1149 1161 1162 1164 1165 1167 1186 1193 1211 1226 1236 1241 1261 1295 1299 1300 1307 1320 1328 1340 1341 1360 1373 1402 1403 1413 1415 1422 1426 1441 1443 1448
9 300 460 471 534 1062
71 12 13 14 15 41 34 88 89 113 117 149 166 186 188 190 201 217 248 287 296 350 395 404 416 459 467 488 491 492 534 555 578 584 636 646 675 692 711 713 725 726 728 742 72 74 81 100 123 136 139 148 180 218 312 376 382 393 443 453 468 471 523 559 614 617 630 639 651 674 698 710 855 1426
300 13 15 20 112 117 131 150 166 177 216 217 218 258 287 288 302 325 360 372 409 416 421 453 459 466 467 492 523 534 558 559 567 569 578 582 584 601 609 611 614 617 619 634 659 687 726 730 821 962 1124 1130 1179 1429
460 30 55 81 100 149 151 188 201 296 389 393 416 453 459 12 373 440 466 675 728 966 1462 464 523 611 616 617 754 815
471 45 55 74 81 176 228 287 401 459 34 149 166 440 466 489 492 518 534 674 675 711 1050 1462 555 558 617 728
534 13 15 20 30 45 55 83 100 108 114 117 137 139 149 166 180 188 193 208 217 218 238 258 292 295 297 298 304 316 334 346 348 401 416 440 453 459 464 466 467 468 474 478 479 480 488 491 492 523 185 186 393 395 404 452 676 726 728 1050 1178 1462 558 569 584 611 614 617 630 674 675 684 698 702 725 742 754 764 934 1108 1139 1252 1328 1380 1460
1062 116 118 295 393 467 489 538 675 728 742 761 764 772 815 817 823 825 851 856 899 935 955 966 967 1019 1039 1050 296 797 882 884 931 940 943 960 970 1120 1178 1208 1222 1265 1269 1305 1324 1329 1429 1460 1462 1477 1112 1134 1151 1257 1260 1274 1380 1425 1426 1428 1438 1458
10 1054
1054 588 599 761 766 767 777 780 806 822 855 896 918 920 926 939 940 943 946 952 980 1003 1009 1020 1025 1030 1047 1050 118 275 489 797 809 825 1012 1111 1147 1151 1163 1178 1305 1316 1428 1460 1462 1477 1478 1112 1118 1122 1124 1160 1162 1184 1186 1191 1206 1235 1237 1238 1252 1265 1270 1275 1319 1328 1344 1367 1378 1383 1388 1393 1405 1409 1411 1430 1481
11 95 658
95 108 159 192 211 219 276 287 426 453 596 646 729 1116 1175
12 149 296 439 479 728 74 117 217 258 343 373 382 389 421 453 464 467 468 491 500 567 584 588 599 619 674 675 698 742 746 763 1130 1426 1477
149 13 30 41 55 74 89 99 100 117 131 139 34 186 217 232 296 348 393 395 404 440 459 489 492 569 618 676 728 781 935 1000 1050 1208 1230 1249 1324 1412 1462 188 201 218 222 255 256 295 325 346 417 466 467 468 478 479 480 488 491 500 555 559 584 589 611 617 619 630 674 698 742 746 754 764 780 837 934 966 1222 1328 1359 1380 1438 1477
296 20 21 30 34 35 45 55 67 89 99 100 117 155 186 188 190 217 218 222 252 258 287 395 404 728 316 378 382 389 393 409 416 417 440 448 450 453 464 465 467 468 478 480 491 492 514 535 538 555 558 559 569 572 578 584 597 614 616 617 618 619 630 651 675 693 710 725 726 734 935 966 967 973 1050 1230 1249 1380 1426
439 214 978 1230
479 14 55 74 99 114 139 188 204 258 295 346 467 468 113 185 518 674 725 728 966 491 492 523 555 558 611 617 675 746 823 906 1112
728 13 15 20 34 35 45 72 74 89 92 97 99 100 108 112 114 117 123 124 137 139 150 156 166 178 180 186 188 190 201 208 217 218 222 223 228 248 252 255 256 258 272 287 288 289 299 308 316 343 344 346 382 393 405 409 416 417 435 440 443 448 452 453 459 464 466 468 469 478 480 488 489 491 492 505 507 514 523 535 537 538 558 559 561 567 572 584 609 613 614 616 617 618 619 630 644 648 651 652 659 674 675 687 698 701 702 710 724 725 726 113 404 817 935 966 1050 1085 1178 1208 1324 1380 1429 1462 1477 734 738 742 754 764 781 808 823 829 855 864 885 934 1100 1103 1199 1210 1222 1230 1231 1245 1256 1285 1328 1391 1426 1460 1478
13 117 118 186 188 311 346 393 404 440 453 459 491 492 569 576 675 725 797 817 884 931 1040 1050 1085 1151 1178 1316 1324 1336 1460 1478 55 112 523
117 14 55 88 89 100 34 186 188 201 217 287 325 346 350 370 373 393 404 440 453 459 467 488 491 492 516 569 576 578 584 602 614 630 652 675 702 711 713 725 726 136 255 256 281 523 617 687 754 1188
118 20 81 311 587 809 935 940 960 1020 1040 1050 1085 1111 1151 1208 1222 1249 1324 1336 1460 1462 1477 1478 150 327 409 448 453 498 582 600 748 764 772 774 776 786 787 817 828 834 835 839 850 855 891 926 932 934 967 1030 1102 1116 1124 1134 1160 1216 1221 1235 1245 1256 1268 1288 1316 1319 1380 1400 1428 1429 1438 1458 1481
186 20 55 69 155 101 217 393 395 404 416 459 492 602 676 935 1249 1462 218 467 567 617 684 726 879 1130
188 14 20 21 30 35 55 74 81 88 89 100 108 150 155 161 176 180 34 101 185 226 287 325 393 401 404 409 416 440 459 491 492 555 569 584 702 725 735 817 989 1152 190 201 206 218 242 255 256 258 281 330 360 443 453 465 466 467 468 478 535 572 614 617 619 630 644 693 698 724 742 754 808 1084 1438 1476
311 781 809 453 761 806 851 879 885 921 926 933 942 1050 1070 1081 1151 1190 1316 1428 1429 1460 1481
346 30 45 55 201 258 287 169 393 467 492 516 518 576 614 675 711 725 797 409 453 468 491 523 555 567 674 698 735 780 917 934 979 1438
393 30 74 100 189 190 201 210 218 223 287 316 373 404 416 440 459 488 569 584 659 962 966 1050 1462 409 491 535 558 614 617 630 651 1190 1208 1380 1438
404 30 45 55 67 74 81 89 166 176 201 216 218 255 256 258 295 316 325 34 453 1050 416 450 464 466 467 468 478 480 491 492 523 555 597 614 617 618 619 630 659 674 698 725 742 754 885 955 1116 1190 1438
440 14 30 55 74 136 139 166 190 222 228 258 267 287 316 367 398 395 464 453 459 465 466 491 492 523 555 584 611 617 698 725 1426
453 40 55 141 166 167 201 204 255 256 336 398 6 15 30 38 61 85 112 135 161 191 192 199 217 223 258 274 290 298 316 344 349 350 352 353 357 369 370 373 395 416 428 431 435 438 443 459 465 468 492 493 496 497 504 516 547 549 555 558 569 578 584 586 588 594 620 624 636 639 661 674 675 685 692 702 711 725 726 735 744 746 754 808 1085 1316 491 523 630 646 698
459 30 55 74 100 201 217 409 416 208 287 401 452 466 491 569 602 614 675 676 711 725 726 464 468 523 617 734 1050 1130 1324
491 14 30 45 55 102 161 190 201 204 222 228 258 401 416 448 488 34 74 77 96 101 114 232 330 395 464 492 518 576 602 614 620 648 674 698 702 711 713 725 726 1228 507 555 567 687 738 1130 1438
492 15 20 21 30 45 55 74 88 89 92 100 124 139 164 166 176 180 201 204 217 218 223 228 252 255 256 258 287 292 316 325 348 349 373 376 401 409 417 443 448 466 467 468 478 483 101 232 370 395 569 576 614 674 675 725 535 555 558 559 561 572 578 582 584 611 617 619 625 644 659 660 683 687 701 710 730 735 746 754 817 1295 1327 1380 1426
569 15 20 45 55 88 89 100 139 218 223 255 256 267 325 349 398 416 435 443 466 467 468 488 498 535 558 26 34 94 287 370 373 576 578 584 675 692 797 1178 572 611 617 630 644 698 702
576 55 74 136 139 161 201 222 376 416 488 523 572 64 639 614 617 675 698 725 742
675 55 74 80 201 416 523 614 617 30 34 287 373 489 711 725 797 817 935 962 966 1044 1050 1080 1324 1329 1462 1477 855 1116 1257
725 21 30 45 55 94 99 108 123 139 190 201 218 222 223 287 325 350 416 466 467 523 535 555 567 582 588 611 614 616 617 619 659 674 687 34 373 488 726 1130
797 21 30 114 116 122 129 131 148 177 210 217 222 252 302 314 326 377 389 405 437 452 478 483 489 514 526 561 582 602 609 618 630 646 674 690 724 754 764 766 772 776 780 785 787 790 817 821 823 850 851 860 879 880 891 894 895 920 926 934 937 946 962 965 966 976 992 993 1003 1040 1046 1050 1100 1105 1139 1151 1160 1161 1162 1178 1199 1208 1213 1215 1235 1236 1245 1275 1277 1279 1281 1285 1312 1316 1318 1324 1325 1328 1332 1351 1359 1380 1406 1412 1424 1425 1426 1437 1438 1445 1460 1462 1477
817 108 295 405 523 618 743 761 776 780 806 77 518 538 809 816 834 882 884 935 940 943 960 972 1012 1040 1050 1080 1085 1113 1120 1138 1151 1163 1178 1206 1222 1230 1276 1305 1324 1329 1429 1458 823 851 854 855 879 885 908 920 936 997 1030 1039 1060 1100 1103 1107 1184 1186 1190 1208 1210 1214 1312 1344 1409 1426 1438 1478
884 376 467 761 764 785 802 815 823 879 766 809 1050 1111 1152 1171 1316 1428 1478 885 915 921 926 932 1019 1023 1030 1039 1046 1047 1052 1090 1107 1113 1127 1134 1149 1153 1163 1184 1186 1191 1199 1208 1221 1245 1256 1294 1295 1328 1333 1336 1338 1345 1350 1383 1386 1431 1460
931 295 376 614 761 815 834 854 885 825 918 1047 1338 1460 934 955 971 1039 1050 1090 1100 1111 1116 1134 1143 1160 1190 1208 1222 1265 1312 1319 1324 1332 1412 1426 1428 1429
1040 88 295 416 601 604 609 761 764 770 772 783 795 812 814 822 823 825 834 850 851 859 864 877 879 882 885 891 894 899 926 929 933 934 935 937 939 941 952 955 965 971 979 980 987 992 1009 1013 1019 1030 1035 401 489 785 791 829 854 960 966 970 989 1050 1085 1100 1102 1111 1120 1143 1152 1161 1163 1178 1201 1208 1210 1217 1221 1222 1231 1249 1268 1269 1276 1316 1329 1347 1351 1373 1380 1391 1422 1460 1462 1478 1481 1047 1053 1060 1071 1087 1090 1091 1103 1112 1114 1124 1134 1149 1165 1167 1176 1184 1186 1191 1194 1213 1216 1225 1235 1245 1275 1279 1281 1289 1319 1327 1328 1332 1338 1343 1350 1359 1368 1381 1407 1408 1409 1411 1418 1424 1428 1429 1430 1440 1448 1455 1458 1470 1472 1475
1050 15 20 67 88 100 116 155 222 252 295 376 405 437 478 489 514 538 609 614 630 720 761 764 766 772 774 776 777 780 781 787 790 804 805 806 807 812 814 815 822 823 825 834 835 836 850 851 855 864 872 873 879 880 885 891 894 899 900 906 908 917 918 920 921 926 929 932 934 936 939 942 946 952 955 958 960 965 966 970 971 973 976 980 981 987 988 990 992 993 1003 1009 1012 1014 1023 1025 1027 1030 1035 1037 1039 1044 1046 1047 275 587 809 816 940 943 962 972 1020 1048 1066 1085 1100 1111 1133 1147 1151 1152 1163 1165 1178 1190 1221 1222 1249 1269 1276 1305 1316 1324 1336 1389 1417 1428 1460 1462 1477 1053 1075 1080 1082 1084 1087 1090 1103 1105 1107 1108 1116 1122 1124 1127 1134 1160 1161 1162 1167 1170 1171 1176 1184 1186 1191 1194 1208 1209 1210 1211 1213 1214 1215 1216 1217 1225 1231 1235 1237 1238 1243 1245 1252 1257 1262 1263 1268 1273 1275 1279 1281 1299 1300 1308 1312 1314 1319 1320 1325 1327 1328 1332 1333 1338 1344 1350 1351 1358 1359 1361 1364 1370 1373 1380 1381 1383 1391 1393 1394 1395 1400 1401 1406 1407 1408 1409 1410 1411 1412 1413 1419 1422 1424 1426 1429 1430 1438 1445 1448 1450 1455 1458 1459 1470 1475 1478 1481
1085 295 314 405 417 437 489 726 761 823 834 926 934 935 946 962 966 1019 1030 1060 1139 1151 1161 1184 1186 1221 1222 1231 1312 1325 1332 1338 1380 1422 1437 1438 1445 1460 1462
1151 295 405 498 601 764 772 780 787 823 834 836 855 879 899 934 961 966 1003 1043 1053 1087 1102 1132 1134 30 489 785 809 935 940 943 970 1020 1111 1133 1147 1178 1221 1222 1316 1460 1462 1477 1208 1319 1324 1428 1456
1178 15 20 88 112 114 150 166 222 287 295 380 483 523 630 726 764 772 780 805 806 808 814 823 837 846 851 854 860 864 872 891 908 920 926 933 934 935 942 946 952 965 966 976 987 993 1027 1044 1046 1047 1087 1100 1107 1108 1123 1124 1132 1139 1148 1152 1160 1163 1165 1167 1176 1111 1454 1462 1179 1184 1186 1191 1197 1213 1214 1216 1221 1222 1235 1269 1275 1295 1312 1316 1319 1324 1328 1332 1333 1334 1351 1354 1359 1361 1380 1381 1382 1383 1386 1409 1413 1425 1426 1428 1437 1455 1458
1316 601 726 764 766 772 776 790 792 806 825 834 836 855 879 891 899 918 926 934 935 937 940 942 952 966 992 1019 1046 1052 1053 1112 1152 1160 1161 1163 1176 1184 1186 1208 1210 1213 1216 1221 1225 1245 1279 781 809 877 943 951 970 982 1111 1305 1380 1460 1462 1477 1319 1351 1409 1413 1428 1429 1455 1470
1324 295 389 618 772 780 781 815 825 834 841 856 955 966 1039 1046 1090 1102 1116 1160 1190 1222 1251 1257 1265 1276 587 882 940 943 970 972 1165 1230 1329 1336 1391 1429 1460 1462 1477 1478 1328 1338 1361 1400 1426 1428
1336 100 389 614 774 780 815 825 834 855 856 908 915 946 952 1037 1102 1103 1105 1134 1160 1161 1190 1222 1319 809 1163 1407 1409 1428 1429 1460 1481
1460 405 478 489 601 764 766 772 776 806 809 815 825 830 834 851 855 858 877 879 885 891 899 908 920 926 934 935 942 952 955 961 966 972 992 1030 1039 1046 1053 1100 1103 1107 1134 1148 1149 1152 1161 1171 1184 1186 1190 1199 1208 1210 1213 1216 1221 1235 1238 1245 1249 1252 1256 1312 1328 1334 1350 1351 1372 1373 1380 1391 1393 1406 1409 1411 1428 1429 1450 1458 778 781 785 816 836 940 943 960 962 970 1044 1047 1066 1111 1305 1329 1417 1462 1477 1478 1481
1477 45 80 131 216 369 389 405 489 601 726 761 764 766 772 774 780 787 812 815 823 825 836 855 856 879 891 899 908 918 926 935 952 955 981 1019 1046 1053 1102 1103 1114 1149 1160 1163 1165 1186 1190 1199 1208 1213 1221 1222 1235 1245 1276 1328 1380 1400 1418 1426 1438 1458 778 940 943 960 970 1007 1068 1111 1216 1329 1462
1478 26 222 248 468 499 500 514 559 763 764 772 776 792 800 802 805 814 823 863 874 879 891 899 903 906 908 914 915 921 924 933 936 941 952 965 966 971 972 979 981 992 999 1002 1019 1023 1046 1047 1048 1051 1053 1060 1080 1087 1091 1095 1100 1102 1103 1112 1114 1122 1124 1127 1134 1149 1152 1162 1165 1171 1176 1184 1191 1194 1199 1201 1208 1210 1213 1214 1216 1219 1221 1230 1235 1245 1251 1254 1256 1262 1268 1273 1276 1281 1327 1328 1333 1344 1351 1354 1361 1363 1382 1383 1411 1413 1418 1430 1431 1437 1444 1448 1450 1458 1459 315 398 538 678 762 778 809 816 825 838 877 882 928 940 949 953 982 990 1000 1041 1044 1094 1111 1120 1144 1222 1305 1417 1462 1475 1481
14 26 64 114 129 155 161 180 232 258 281 313 350 448 480 608 639 698 702 735 1020 167 223 507 554 567 1130
26 77 169 584 55 64 116 131 162 523 687 698 1391
64 100 161 169 204 273 281 325 398 415 427 488 586 604 639 674 690 754 756
114 45 67 74 81 139 185 204 208 228 401 442 518 555 558 620 823 855 962 156 161 223 258 267 287 340 409 448 467 468 488 567 611 712 746 1224 1438
129 1152 294 376 435 438 467 468 483 507 559 682 1064 1476
155 55 67 34 464 466 614 639 989 216 222 276 316 376 380 612 669 693 698 702
161 30 166 480 978 167
180 86 38 41 45 101 139 223 232 464 478 489 636 647 674 711 713
232 89 94 131 139 178 201 206 208 216 258 272 287 292 377 401 408 452 468 520 549 552 558 584 611 617 619 651 708 713 726 735
258 167 45 101 275 282 497 518 549 586 636 650 523 660
281 74 608 523
313
350 167 201 398 516 376 684 698 735 1472
448 123 131 190 248 267 376 549 1094 507 531 554 698
480 34 74 77 87 105 228 474 676
608 55 74 79 100 116 136 201 273 280 325 398 408 414 468 504 523 538 567 586 589 611 615 621 639 687 698 742
639 55 91 169 187 201 312 325 337 398 431 510 542 588 611 614 88 666
698 201 584 44 101 169 274 287 309 398 426 431 467 488 516 711
702 416 617 644 201 395 620
735 167 523 567 660 1130
1020 159 216 249 314 376 599 658 780 812 825 855 891 920 926 946 966 980 1003 1147 1103 1111 1112 1140 1160 1162 1184 1186 1190 1213 1215 1319 1328 1383 1407 1409 1439 1444
15 30 201 373 467 578 1359 55 89 218 256 315 352 416 466 488 523 617 754
30 34 96 201 373 540 648 676 861 935 972 1250 1462 55 100 267 376 377 416 488 497 611 674 754 1107
201 20 55 190 88 101 169 185 217 334 373 431 464 467 483 488 523 614 620 648 661 687 692 726 1329 416 507 611 617 806
373 55 74 88 466 523 555 616 617 707
467 20 88 89 150 217 398 34 101 416 464 507 559 578 588 614 648 674 692 711 713 809 935 1476 523 555 558 617 646 687
578 55 67 81 88 89 150 176 190 218 223 255 256 325 443 466 468 500 523 555 572 692 711 584 617 754 808
1359 166 646 772 776 814 823 854 886 899 926 952 965 967 979 1080 1100 1124 1199 1208 1213 1245 1249 1252 1281 1325 348 827 837 871 907 966 989 1111 1152 1230 1269 1276 1297 1329 1339 1412 1462 1383 1458
16 658
108 100 88 416 523 584 674 730 1228 336 567 1130
217 20 74 89 99 113 395 416 602 630 692 726 935 1462 222 315 417 500 526 559 618 619 687 754 1328
523 21 360 398 483 33 34 74 88 99 113 166 255 267 376 378 401 416 431 452 464 466 488 529 549 567 586 588 614 617 620 648 661 687 692 713 978 1111 1276 1116
1230 678 815 850 854 879 915 934 979 1051 1080 1107 1160 1171 1184 1186 1208 763 781 829 871 882 897 940 969 990 1035 1052 1070 1096 1108 1120 1122 1138 1157 1249 1297 1305 1329 1338 1347 1355 1391 1398 1416 1426 1474 1235 1263 1295 1328 1350 1458
18 744 978
744
978 35 63 75 92 127 178 183 191 224 226 282 283 306 369 387 473 508 558 567 586 642 687 776 777 806 814 849 850 851 854 879 889 900 911 919 920 955 971 973 976 980 993 999 1009 1014 1051 1078 1102 1170 1176 1194 1213 1226 1308 1320 1331 1405 1407 1431
19 88 692 1208
88 55 466 587 692 989 1152 89 136 150 218 287 416 443 501 531 609 617 646 651 687 754
676 20 112 208 218 261 316 372 395 417 659 701 726 808 1328
692 81 89 123 176 222 255 256 409 416 466 468 614 617 646 910
1208 79 210 222 295 468 489 514 538 678 711 761 764 774 776 780 786 787 823 837 842 859 872 879 882 899 900 908 915 918 934 935 952 960 965 972 979 999 1006 1007 1046 1047 1048 1051 1053 1061 1080 1084 1091 1100 1134 1149 1171 1184 816 825 834 877 940 951 966 1044 1121 1163 1222 1249 1276 1305 1329 1350 1391 1400 1417 1462 1213 1221 1235 1256 1327 1328 1333 1409 1410 1444
20 190 416 674 685 724 1088 1152 1190 507
113 97 452 156 208 218 287 408 502 582 711 1400
190 55 74 78 150 77 223 275 282 334 401 416 488 500 572 577 588 620 647 661 679 699 763 280 409 567 617 687 1130
416 55 83 89 99 142 164 166 218 222 294 325 34 287 464 466 468 584 711 450 500 535 617 754
674 55 100 123 164 409 483 559 567 659 34 169 191 199 488 518 711 962 1462 730 1185
685
724 325 1462
1088
1152 150 466 497 761 764 772 776 777 780 786 790 791 800 802 806 812 813 814 815 823 825 829 834 837 838 850 851 855 859 864 872 877 879 880 881 885 891 894 899 906 908 915 917 918 921 924 929 934 935 941 942 949 952 954 955 963 965 976 992 994 1002 1003 1012 1014 1019 1030 1035 1043 1046 1051 1061 1064 1080 1087 1090 1095 1100 1102 1103 1112 1116 1124 1127 1134 1149 169 766 785 836 1052 1068 1111 1171 1263 1418 1444 1481 1160 1161 1162 1167 1168 1175 1176 1179 1184 1186 1190 1191 1194 1199 1201 1204 1206 1207 1213 1214 1216 1221 1226 1235 1237 1238 1243 1245 1248 1253 1256 1268 1269 1274 1281 1287 1289 1294 1295 1305 1319 1327 1328 1332 1333 1350 1351 1361 1363 1372 1373 1374 1380 1386 1391 1395 1398 1406 1409 1411 1413 1417 1424 1426 1430 1448 1449 1456 1457 1458 1459 1470 1472 1474
1190 295 764 772 776 800 806 814 815 851 855 899 906 918 934 936 952 955 965 970 973 999 1030 1037 1039 1044 1046 1090 1100 1102 1103 1111 1134 1160 1165 1176 538 763 809 816 825 940 951 972 1000 1012 1094 1120 1133 1158 1163 1171 1214 1222 1257 1305 1317 1329 1355 1356 1398 1417 1421 1428 1199 1206 1220 1235 1319 1350 1383 1386 1401 1402 1407 1409 1413 1422 1426 1431 1438 1486
21 499 614 962 55 409 567
405 825 918 962 1047 1231
499 538 878 879 942 1047 1053 1235
614 45 55 74 256 279 435 468 483 488 555 559 584 34 287 294 398 588 711 776 780 834 962 1074 1204 1394 617 917 1400
962 67 83 215 229 295 334 351 356 414 451 489 586 599 609 656 708 759 760 764 771 772 774 776 777 781 783 786 795 800 801 803 804 805 807 811 812 813 814 821 822 826 828 832 837 838 846 851 853 854 869 872 873 874 875 877 891 892 899 900 903 906 910 915 917 920 921 924 926 933 941 942 945 946 952 960 1066 1121 973 974 976 979 983 991 992 993 1006 1014 1023 1025 1030 1035 1046 1053 1060 1071 1075 1077 1083 1084 1087 1089 1092 1095 1100 1103 1105 1107 1111 1112 1114 1115 1116 1124 1126 1129 1132 1134 1139 1148 1161 1162 1165 1166 1174 1184 1185 1191 1193 1199 1203 1213 1214 1215 1220 1222 1225 1236 1237 1238 1243 1245 1246 1252 1253 1262 1270 1277 1278 1281 1286 1287 1289 1294 1295 1301 1307 1308 1313 1315 1318 1328 1332 1333 1334 1338 1339 1340 1345 1347 1350 1351 1360 1363 1365 1370 1371 1373 1380 1382 1387 1391 1393 1394 1395 1396 1401 1402 1403 1404 1407 1411 1413 1418 1419 1421 1425 1426 1430 1438 1439 1440 1443 1450 1459 1470 1472 1483 1486 1488
101 81 89 100 348 395 102 176 216 218 223 228 242 255 256 316 340 349 360 401 409 468 478 483 500 507 514 516 567 611 617 701 710 748
106
169 42 63 100 112 116 146 159 162 204 272 280 325 332 377 380 381 398 415 431 443 447 510 531 579 586 588 645 656 658 661 687 708 763 764 774 800 804 856 878 908 926 942 946 974 992 1003 1053 1116 1120 1130 1154 1236 1301 1308 1356 1370 1381 1411 1419 1420 1440 1443 1476
401 45 228 378 400 126 291 442 587 538 617 738 742
609 1111 1231 1276
989 67 116 166 466 478 584 642 761 764 771 789 825 846 849 856 864 869 872 877 886 899 926 941 952 955 976 1006 1019 1035 1075 1091 1116 1129 1149 1161 1237 1245 1252 1253 1254 1268 1277 1279 1286 1302 1317 1328 1331 1347 1374 1378 1387 1395 1418 1419 1420 1421 1430 1431 1440 1448 1467 1472
1379 218 438
25
77 79 81 100 128 159 176 474 483 503 600 690 704 796
584 45 55 74 100 136 166 219 325 398 435 466 208 251 334 370 586 1232 617
27 340 451 452 1269 159
340 94 409 567
451 567 1130
452 45 97 255 256 287 304 417 395 1269 497 524 567 659 726 1130
1269 131 208 252 437 489 759 764 771 773 787 789 802 805 815 822 823 834 835 836 840 854 856 878 879 891 892 894 896 903 926 933 934 935 941 942 952 960 965 971 974 976 983 1003 1009 1014 1030 1035 1047 1053 1060 1087 1103 1111 1112 1124 1126 1139 1154 1161 1167 1184 1191 1193 1201 1216 1220 1221 1222 1231 1235 1237 1238 1245 441 1277 1285 1319 1320 1325 1328 1332 1338 1344 1351 1365 1368 1380 1406 1418 1422 1426 1438 1445 1458 1470 1480 1481 1486
44 716 658
166 55 74 184 252 315 370 468 478 559 659 661 711 644 683
167 255 282 450 507 550 660 567 1130
219 57 729
267 55 611
309
370 55 94 282 315 327 659 555 619 666 684
408 288 74
431 74 255 256 398 507 554 567 687 1130 1211
449
588 254 507 567 334 620 661 687 1130
661 218 398 478 559 616 488 620 687 808
711 55 69 74 136 139 223 287 325 376 466 488 535 561 611 617 630 646 754
34 441 55 72 74 159 208 218 325 395 468 558 597 611 617 619 710 1202
96 287 738
348 1462 611 899 910 1400
507 164 248 32 43 52 58 126 288 315 344 376 487 497 648 687 701 707 729
540 648
648 131 164 187 216 316 376 687 885
861 771 776 804 1107 879 906 921 967 1100 1125 1134 1145 1162 1166 1194 1206 1249 1287 1307 1309 1319 1351 1383
935 45 222 389 417 437 489 558 601 617 619 726 764 780 787 815 823 834 851 879 926 934 877 966 1222 1305 1462 967 1108 1162 1176 1184 1235 1245 1249 1313 1325 1328 1380 1406 1409 1412 1426 1438 1458 1481
972 135 776 815 839 879 885 934 955 809 877 1391 1398 1417 979 999 1051 1064 1095 1161 1194 1249 1257 1428 1429
1250 764 795 813 838 841 850 872 892 899 907 908 929 933 936 958 979 1008 1025 1027 1061 1092 1100 1124 1132 1204 854 1052 1286 1289 1328 1358 1363 1388 1471 1486
1462 45 99 252 344 417 478 489 630 684 710 764 772 780 781 787 806 823 851 885 899 908 926 934 936 937 942 952 958 965 966 987 1027 1052 1100 1102 1103 1124 1134 1160 1161 1162 1165 1176 1186 1194 1199 1213 1221 1235 1245 1252 1275 1305 1312 1325 1328 1332 1333 1380 1406 1409 1426 1431 1438 1450 1458 441 829 1044 1329 1475 1481 1483
31 1111
1111 421 503 761 762 764 766 772 774 776 777 786 787 789 790 812 814 822 823 825 828 829 834 846 851 855 856 879 894 899 900 908 915 920 933 934 936 937 942 945 952 955 965 966 970 971 976 981 992 1002 1003 1009 1017 1019 1024 1030 1035 1039 1044 1047 1052 1060 1068 1080 1087 1089 1090 1095 1100 1102 1103 489 791 854 880 943 1147 1222 1267 1428 1454 1112 1116 1120 1124 1134 1160 1163 1171 1176 1179 1184 1186 1191 1194 1197 1198 1199 1201 1210 1211 1213 1215 1216 1220 1221 1225 1231 1235 1236 1243 1251 1252 1256 1268 1279 1302 1308 1314 1319 1328 1341 1350 1351 1361 1363 1373 1383 1388 1395 1401 1405 1407 1409 1412 1413 1421 1422 1424 1426 1429 1430 1444 1448 1470 1471 1472 1474 1481
32 1069 376
1069 761 772 854 1095 1134 1445
33 552 1027
552 100 555
1027 842 850 979 999 1008 809 836 907 1249 1255 1388 1253 1371
441 417 630 790 806 855 966 1139 1176 1213 1214 1380
35 567 1130
37 376
376 141 287 142 248 398 611 666 670 1051 554 567 739
38 55 187 288 349 398 611 644 680 710 1130
74 55 184 228 325 464 466 483 488 518 537 713 81 99 137 139 150 176 189 287 367 611 646 693
75 681
123 103 248 291 294 325 464 518 559 620 647 734
223 78 41 45 139 228 287 359 464 478 488 518 636 713 734 1000 1255
226 272 409 611
228 45 55 69 81 86 139 176 189 306 395 464 488 518 636 474 617
287 55 136 210 189 395 442 602 636 315 325 409 466 488 567 611 617
398 55 189 320 135 334 438 483 488 555 611 612 617 687
464 255 256 488 567 1130
488 45 69 139 148 315 466 483 555 617 1037
516 587 567
518 69 222 295 316 421 468 678 720 879 971 558 611 780 894 1161 1224 1409
559 468 620 1429
611 50 208 282 325 620 659
636 86 122 208 349 502 712 934
687 334 483 620
717
40 624
624
41
42 470
470 116 447
716
45 82 139 208 442 81 176 468 474 617 646 734
82
139 69 137 712 156 176 474 495 503
208 185 395 442 726 659
442 218 288 417 617
46 613
52 288
466 100 255 256 261 315 325 435 726 854 468
726 55 131 150 178 249 294 315 316 535 572 617 787 1073
55
57 586 1134
586 299 547 1472
1134 854 954 1107 1125 489 538 761 765 778 780 781 785 791 823 825 830 855 877 891 918 932 940 943 951 960 966 971 1007 1044 1047 1052 1068 1090 1104 1120 1121 1160 1171 1221 1222 1245 1249 1255 1286 1328 1332 1345 1347 1356 1384 1429 1437 1458 1472 1486
63 297 298 1235
65 357
357
67 204 274 555 620
204 185 514 555
274
555 395 620
620 349 468 616 1130
68
69 81
81 66 244 400 409 489 583 587 1098 102 176
89 184 244 395 409
248 670 763 802 949 1046 1047 1216 1327 554 646 792 879 921 1036 1171 1235
395 99 218 255 256 289 383 384 619 710 742
646 191 465 529
713 617 659 879 1130
742 435 275
72 99 535 218
99 437 619
535 315 409 619 567
184 1084
325 100
474 120 1361
483 135 199
537
659 164 218 261
681
76
78 647
647
79 854 940
854 514 748 759 764 765 771 772 774 775 777 780 783 792 800 802 805 810 826 828 840 842 850 853 275 762 779 809 811 813 814 834 837 846 847 848 855 857 859 868 870 871 873 877 878 879 881 888 890 892 893 894 898 900 902 906 907 914 926 934 936 937 939 940 945 948 952 953 965 971 973 974 980 986 988 991 992 994 1005 1006 1007 1009 1012 1014 1016 1025 1029 1033 1035 1046 1048 1052 1053 1063 1064 1071 1074 1075 1076 1079 1080 1084 1086 1087 1089 1092 1094 1096 1100 1101 1103 1104 1107 1113 1115 1122 1124 1125 1128 1129 1132 1138 1145 1148 1149 1153 1155 1156 1157 1160 1161 1163 1171 1177 1181 1184 1186 1189 1195 1199 1201 1204 1206 1209 1210 1213 1214 1216 1218 1219 1223 1225 1226 1231 1235 1237 1241 1243 1254 1263 1264 1270 1273 1280 1295 1296 1299 1300 1303 1307 1320 1321 1322 1327 1331 1333 1335 1337 1338 1342 1345 1347 1348 1349 1350 1351 1352 1355 1356 1361 1366 1368 1370 1373 1376 1382 1383 1388 1392 1393 1398 1403 1405 1407 1410 1413 1414 1415 1419 1420 1421 1424 1425 1427 1431 1432 1437 1440 1443 1457 1458 1466 1469 1471 1473 1474 1481 1484 1488 858 875 891 899 913 915 924 958 959 1030 1037 1044 1114 1116 1220 1261 1281 1285 1287 1305 1312 1358 1374 1384 1387 1411 1433
940 141 295 538 601 772 774 780 787 792 806 812 815 823 834 837 851 855 864 879 891 896 899 918 920 926 934 1036 1400 1428 955 973 979 992 1000 1023 1047 1080 1091 1100 1102 1103 1165 1184 1199 1209 1216 1222 1235 1251 1253 1265 1285 1295 1319 1327 1333 1344 1350 1383 1407 1410 1426 1444 1458 1475
80 132 207 1353
132
66 176
244 102 176 126 487 315 367 539 748
400 176 1276
409 520 693
489 176 295 417 418 478 966 1222 1329 514 617 618 630 761 764 787 823 825 828 835 851 856 879 891 899 1048 1108 1127 1245 1312 1319 1325 1328 1332 1334 1361 1380 1383 1400 1426 1438 1458 1481
583 176
587 102 150 176 295 828 859 933 934 939 1221 1351
1098 176
83
85 738
461
86
91 1476
92
94
97 658
550 131 558
437 116 934 971 899 1380 1481
619
100 136 410 678 778
136
410
678 879
778 517 761 763 774 786 823 851 855 879 915 918 934 939 952 997 1051 1060 1124 1160 1162 1213 1214 1220 1319 1361 1374 1401 1419 1426
102
730 567 656 1066 1130
1228 567 1130
109 500
500 177 526 602 597
112
185 148 255 256 349
558 823 827 1051 1276 1388 1416 1476
823 761 764 806 538 763 781 809 816 825 829 834 877 960 1044 1047 1120 1163 1221 1222 1231 1249 1305 1429 879 926 934 952 1184 1225 1245 1268
855 805 806 763 774 809 812 825 834 858 882 891 908 936 949 951 960 965 970 1012 1044 1047 1052 1068 1080 1090 1094 1099 1120 1147 1158 1171 1201 1220 1222 1255 1292 1297 1305 1329 1345 1390 1393 1398 1405 1407 1410 1426 1429 869 879 899 1100 1114 1186 1279 1295 1308 1328 1383 1409 1419 1430 1438 1443 1456 1481
1416 1051 1409
115
116 236 514
236 151
514 850 877 934 1047 1048 1235 1276 1295 1347 1348 1380 539
602 218 222
630 781 966 1051 1222 1329
652
809 761 766 772 774 776 780 802 815 851 858 879 885 891 918 920 926 934 949 981 997 999 1022 1039 1046 1052 1102 1160 1163 1176 1184 1186 1199 1214 1245 1274 1285 1294 1295 1333 1347 1382 1383 1398 1407 1413 1426 1428 1429 1438
960 478 764 780 800 815 834 850 851 856 899 918 926 934 1066 971 979 1100 1139 1160 1161 1165 1226 1235 1245 1325 1331 1332 1368 1373 1380 1383 1393 1400 1409 1475
966 834 851 926 934 825 1429 971 1082 1161 1176 1194 1213 1222 1328 1380 1391 1400 1426 1428 1481
1147 599 786 805 810 812 920 926 934 946 950 980 1002 1112 1184 1211 1213 1266 1302 1319 1377 1383 1388 1407
1222 766 776 787 812 834 851 879 880 891 955 1003 1039 1043 1060 1080 1108 1149 1160 1184 1216 1221 781 877 882 943 1012 1133 1249 1276 1305 1329 1380 1389 1417 1458 1235 1245 1265 1325 1328 1354 1383 1393 1409 1426 1429
1249 764 780 781 834 879 920 934 936 942 955 965 967 979 987 991 1080 1107 1114 1160 1161 1176 1213 1221 1235 1237 1305 1380 1412 1276 1295 1328 1422 1438 1458 1481
120 396
396
122 426 1130
103
291 734
294 435 468 1064
310
734
124
127 658
128
131 87 1000 1329
87 807
1000 879 921 955 821 1047 1037 1398 1472
1329 295 761 764 771 774 777 780 786 803 815 822 834 851 872 896 903 906 908 918 921 926 929 930 942 952 971 973 979 992 997 1009 1014 1019 1044 1052 1053 1060 1082 1087 1090 1100 1103 1114 1124 1140 1154 1160 1161 1163 1184 1186 1191 1202 1213 1216 1231 1235 1248 1252 1270 1312 1319 1325 1328 1333 1350 1361 1363 1373 1407 1409 1411 1413 1425 1426 1431 1437 1438 1440 1444 1445 1448 1481
135 772 802 1121 1294 1199
772 601 761 275 763 802 821 871 888 896 954 961 1006 1100 1120 1140 1149 1158 1199 1276 1294 1305 1350 1391 1413 1417 1426 1428 1445 894 908 1186 1214 1253 1333
802 821 999 851 949 1103 1132 1194 1199 1217 1245 1345 1386 1407
1121 780 810 821 828 874 877 899 941 952 1060 1087 1095 1100 1124 1160 1167 1225 1235 1245 1252 1267 1300 1338 1344 1351 1456 1481
1294 980 1107 1176 763 897 1047 1149 1308 1347
137 688
688
712 1130
140 567 1130
141 971
971 189 314 517 780 879 894 965 763 816 829 834 882 979 1004 1048 1080 1214 1231 1292 1305 1351 1372 1429 1458 980 1091 1161 1220 1341 1368 1413 1437
142
126 539 612 617
280
334
644 159 680
701 604
146
729 425
148
526
618
781 295 764 965 1330 879 899 920 934 942 952 1100 1107 1235 1245 1253 1328 1381 1386 1400 1412 1438 1445
1412 943 1245 1383 538 816 897 951 1094 1105 1120 1143 1165 1417 1450
150 1066
1066 780 783 801 806 816 838 903 918 952 1023 1046 1068 1071 1100 1102 1112 1113 1124 1126 1268 1289 1299 1319 1328 1333 1409 1418 1472
151
156 567 1130
157 417
417 302 349
159 275 332 658 877
275 695 777 822 850 891 952 980 992 1003 1036 1048 1051 1053 1064 1102 1153 1184 1186 1237 1328 1383 1411
332 658 567 1130
658 29 170 406 407 419 502 737
877 344 538 761 762 764 766 795 806 814 815 836 837 858 863 918 987 1094 1100 885 891 899 906 908 915 920 926 929 932 934 939 942 945 949 952 958 965 979 980 992 997 1012 1035 1046 1047 1052 1060 1095 1102 1103 1112 1161 1163 1167 1171 1184 1194 1199 1201 1210 1213 1221 1225 1235 1245 1256 1268 1274 1275 1277 1285 1295 1297 1319 1328 1332 1333 1338 1344 1350 1351 1358 1361 1370 1373 1381 1383 1407 1424 1443 1448 1481
162
164 255 312 497 256
255 191 256 421 497
312 567 1130
497 216 567 1130
165
252
315 218
468 538 561 1047
478 538 1380
282 547 654 339
450
660 297 298 567
172 212
212 792
174
176
177
178 743 1254
743
435
825 601 764 785 786 787 795 805 812 815 834 943 970 1090 1265 1305 1380 1428 835 856 890 891 899 908 918 926 933 934 941 946 952 955 958 964 965 981 987 997 1009 1019 1046 1102 1112 1160 1161 1167 1176 1184 1186 1191 1194 1213 1216 1225 1235 1245 1273 1275 1319 1328 1332 1338 1361 1368 1383 1395 1400 1406 1429 1448 1470
181 665
665
183
1084 999 937
187
189
572 360 193
577
679
699
763 761 821 949 1047 1149 1171 1295 1345 1398 792 806 815 879 921 934 942 943 952 980 997 1046 1052 1092 1100 1102 1107 1176 1184 1186 1217 1221 1257 1328 1361 1373 1374 1383 1386 1393 1426 1474
1476
191 256
192 533
533
193 419 625
197
200
202 999
999 762 777 786 792 795 813 814 842 850 851 864 875 892 898 899 900 903 906 908 926 942 945 952 965 988 994 631 774 841 848 888 907 918 948 979 1006 1014 1035 1037 1044 1046 1051 1061 1067 1079 1087 1100 1102 1103 1104 1107 1123 1124 1125 1149 1160 1166 1186 1200 1209 1213 1214 1218 1223 1225 1243 1253 1270 1277 1300 1306 1309 1317 1320 1322 1338 1345 1350 1355 1358 1370 1371 1386 1388 1405 1420 1425 1437 1440 1453 1471 1474 1475 1486 1488 1023 1057 1114 1129 1153 1219 1257 1363 1401 1459
1120 389 764 776 780 806 815 834 899 918 926 952 979 997 1003 1037 1039 1048 1100 1102 1163 1143 1160 1161 1162 1176 1184 1199 1209 1236 1245 1275 1277 1319 1327 1365 1373 1380 1383 1393 1395 1407 1409 1426
206
207
210 328 943
328 567 1130
943 761 792 815 816 851 856 872 917 934 997 1046 1048 1081 1090 1102 1103 1118 1139 1194 1235 1257 1285 1287 1328 1383 1394 1400 1426
211
215
216 221 423 599 670
221 286
423 670
599 529 1036 1182 792
670
218
286
222 1305
1305 764 771 774 776 777 800 806 815 837 851 856 891 908 913 914 915 918 921 946 950 952 955 965 973 979 980 981 997 1030 1037 1039 1044 1046 1047 1053 1060 1068 1100 1103 1114 1124 1139 1149 1167 1176 1184 1186 1193 1204 1213 1216 1221 1235 1243 1245 1257 1273 1276 1308 1312 1325 1328 1332 1363 1370 1373 1407 1409 1411 1413 1419 1422 1426 1428 1429 1430 1438 1440 1448 1454 1458
359
1255 601 837 891 997 1184 1186 994 1100 1253 1265 1383 1407
224
272 567 1130
306
229
234
271
320 621
421 567 1130
680 414 378
836 601 834 829 891 934 1100 1163 1231 1276 864 942 992 1012 1035 1047 1102 1112 1201 1213 1245 1268
238
414
673
242 316 567 1130
316
243 104
104 746
487
949 761 780 786 792 821 879 899 921 538 965 1100 1149 1171 1292 1327 1345 1356 1059 1165 1363
1046 761 879 885 915 538 787 907 948 1044 1047 1090 1094 1100 1149 1157 1171 1214 1216 1276 1398 1446 1328
1047 761 780 807 838 879 885 891 918 921 932 933 934 939 952 997 821 951 1044 1048 1080 1091 1094 1100 1171 1194 1221 1231 1267 1268 1327 1373 1428 1444 1090 1103 1127 1161 1176 1184 1186 1216 1225 1235 1251 1256 1285 1295 1328 1333 1350 1351 1361 1383 1448 1458
1216 776 786 851 879 891 899 937 942 992 1007 1199 1201 1214 834 934 1080 1100 1176 1276 1458 1221 1235 1245 1297 1319 1351 1358 1391 1409 1413 1457
1327 761 774 837 842 864 878 885 899 906 921 952 980 1079 1091 1122 1129 1140 1171 1186 1198 1213 1217 1256 1272 1295 1320 538 918 932 970 1007 1080 1345 1410 1444 1343 1350 1371 1383 1405 1471 1472
249
254
256
299 567 1130
549
650
261
1393 1095 1344 1383 766 834 1163 1276 1398
268 582
582
273
276
597
1245 979 1036 785 791 829 878 880 882 918 932 970 987 1044 1068 1080 1163 1221 1231 1239 1263 1265 1274 1338 1347 1372 1391 1410 1417 1428 1454 1481 1383
278 567 1130
279
502 567 1130
547 510 667 895
654
283
288 531
531
289
292 356
356 653 689
295 829 834 1221 1265 1417 1429
829 761 764 942 1100 1231 879 896 934 951 952 955 1060 1132 1221 1265 1274 1317 1372 1409 1410 1458
834 776 780 815 538 882 918 979 1068 1080 1099 1133 1165 1176 1265 1319 1390 1391 879 894 899 934 952 1006 1052 1053 1100 1103 1132 1161 1184 1214 1268 1276 1312 1320 1328 1331 1351 1373 1383 1409 1424 1426 1448 1455 1458
1221 815 879 885 891 899 952 965 980 1003 1036 1087 1107 1162 1176 1184 1122 1149 1171 1267 1417 1428 1459 1235 1481
1265 955 1231
1417 764 780 815 851 899 908 915 934 1039 1051 1060 1090 1100 1102 1171 1184 1186 1295 1325 1383 1389 1410 1428 1438
1429 538 761 774 780 787 851 908 918 920 921 933 934 942 951 955 1002 1052 1186 1308 1319 1325 1328 1426 1428 891 981 987 1012 1133
297 298 1002
298
302
304
307
308
314
621 379
324 1158
1158 765 771 805 885 924 934 955 976 1014 1103 1129 1132 1292 1186 1193 1209 1243 1248 1312 1402 1411
326
327
330 495
426 684
538 1317 761 786 787 800 805 807 812 814 837 864 882 934 955 967 980 1002 1025 1053 1060 1080 1143 1167 1184 1210 1281 1334 1341 1380 1383 1409 1428 1435 1444 1458
955 360 805 815 891 899 952 830 837 838 853 907 970 973 980 981 992 1012 1044 1051 1068 1090 1094 1100 1101 1107 1176 1209 1231 1273 1276 1292 1307 1356 1380 1426 1435 1440 1454 1458 1474 1053 1124 1194 1251 1253 1289 1338 1397
992 344 961 864 907 1231 1239 1276 1297 1372 1458 1035 1048 1351 1421
1051 777 842 879 965 994 1052 1080 1094 1100 1171 1446 1194 1253 1386
1091 780 814 879 899 934 979 980 1006 761 816 1080 1100 1149 1163 1165 1217 1444 1145 1184 1407
1100 764 771 805 812 813 838 841 850 859 863 879 891 893 899 906 929 934 941 946 952 965 979 980 1007 1012 1048 1052 1081 785 801 828 833 868 902 907 948 990 1008 1044 1067 1070 1094 1113 1143 1149 1155 1157 1165 1195 1196 1210 1214 1231 1243 1276 1300 1319 1322 1344 1345 1347 1349 1351 1355 1367 1370 1373 1389 1391 1400 1407 1426 1458 1474 1481 1107 1124 1160 1161 1176 1186 1201 1213 1217 1235 1253 1281 1286 1289 1295 1332 1333 1350 1372 1374 1381 1383 1403 1410 1424 1430 1448 1457
1122 837 891 980 1075 1273 1279 1409 1411
336 567 808 1130
337
339
343
344
961 881
1103 879 979 892 970 1007 1090 1276 1292 1407 1458
349 553
553 360
351 891
891 787 812 838 864 879 821 908 938 942 981 1036 1052 1133 1135 1162 1163 1213 1231 1253 1273 1314 1361 1408 1428 899 921 946 951 952 997 1009 1053 1060 1076 1102 1211 1237 1238 1243 1274 1279 1286 1308 1344 1350 1370 1383 1388 1405 1470 1481
352
354
355
653
689
360 567 792 1130
317 567 1130
361
36
512
548 567 1130 1472
363
364
367
369
372
666
377
378
379
380 567
381
382
383 384
384
529
567 403 428 490 520 596 693 860 1130
617
906 774 918 970 1044 1048 1083 1090 1094 1107 1231 1356 1407 1458 1233 1253
932 856 1231 1060 1129 1140 1167 1226 1350 1435
1044 761 774 776 777 786 813 814 815 842 851 898 899 903 908 915 930 933 952 970 973 993 1003 1014 1218 1428 1475 1056 1057 1060 1067 1102 1107 1148 1160 1161 1163 1165 1186 1206 1214 1219 1220 1223 1231 1361 1373 1383 1386 1395 1407 1409 1411 1413 1426 1437 1481 1486
1125 786 945 964 774 853 948 957 1191 1440 1332 1420
1276 764 767 815 879 894 896 899 934 965 979 1087 1116 1160 1199 1235 1243 1274 1231 1319 1380 1458 1285 1299 1312 1320 1328 1334 1338 1350 1358 1383 1391 1408 1431 1448
387
389 801 1138
801 761 777 780 873 894 899 952 1024 1035 1071 1124 1126 1132 1162 1166 1214 1215 1308 1314 1328 1363 1374 1403 1426 1431 1440 1489
1138 774 879 979
438
399 486
486
402
918 761 766 774 776 777 780 806 813 815 828 839 850 851 878 894 896 903 970 1068 1094 1454 939 946 967 1003 1012 1052 1061 1087 1102 1132 1140 1153 1160 1165 1184 1191 1214 1219 1220 1226 1236 1268 1275 1286 1314 1328 1331 1334 1368 1380 1395 1401 1402 1406 1407 1409 1410 1413 1426 1440 1444
1231 761 764 812 828 856 863 879 896 920 933 934 942 952 991 1030 1052 1053 1060 1087 1114 1116 1128 1176 1184 1199 1201 1226 791 1372 1458 1237 1238 1239 1256 1268 1297 1332 1351 1358 1406 1409 1413 1419 1421 1445 1459 1481
520
693
413
415
418
419
420
425
427
436
934 856 761 765 879 882 945 965 979 980 987 1048 1068 1070 1149 1163 1168 1176 1184 1239 1292 1295 1300 1333 1347 1370 1389 1446 1458 1030 1052 1167 1450
214
443
444
447 579
579
1094 761 774 776 780 816 898 939 942 980 1090 1159 1217 1095 1102 1107 1143 1149 1161 1214 1356 1368 1383 1407 1422 1474
6
61 731
199
290
353
428 1130
465
493
496
504
594
746
754
808
561
469
473
785 761 764 990 791 792 815 821 980 1102 1184 1355 1400 1474
907 771 774 780 842 850 881 894 939 952 973 1036 1064 1107 1145 1162 1201 1226 1251 1309 1312 1320 1383 1401 1407 1425 1455 1484
1400 787 837 879 899 1102 1149 1383 601 1428 1418
1380 506 787 1019 1108 1333 1133 1428
1224
105
490
495
498 1214
1214 774 776 777 842 879 965 1008 1052 1053 1095 1124 1129 1171 1184 804 818 839 871 894 910 926 948 987 1035 1048 1206 1347 1348 1351 1355 1368 1383 1398 1407 1410 1413 1435 1453 1371 1374 1382
501
503
505
506 1108
1108 1422
43
58
707
508
510 391
391
604
850 795 813 828 841 842 872 892 899 903 908 929 936 958 979 1025 1052 1061 1092 1132 1205 1217 1286 1289 1328 1363 1373 1388 1391 1467 1471 1486 879 1481
1048 792 879 920 946 1163 1102 1114 1124 1312 1365 1405 1426 1431 1438
1235 761 882 951 970 1007 1052 1068 1080 1171 1292 1300 1411 1474
1295 761 879 952 1191 1198 821 921 1171 1345 1454
1347 761 764 767 774 879 885 899 979 1171 1198 1243 1285 1319 900 1413 1426 1382 1383 1388 1458
1348 879 980
515
517
720
879 761 774 804 816 864 868 873 880 882 897 945 948 951 953 958 965 973 979 988 994 1007 1035 1060 1080 1149 1162 1171 1184 1196 1213 1217 1226 1257 1320 1333 1339 1350 1356 1373 1389 1391 1398 1408 1419 1426 1441 1458 1474 1052 1107 1176 1220
524
536
1317 921 1281 898 903 1421
539
542
589
1007 761 764 771 777 800 838 842 846 859 873 899 900 902 942 963 965 1006 1391 1014 1025 1053 1061 1086 1104 1116 1124 1132 1140 1149 1153 1191 1209 1210 1225 1243 1248 1256 1263 1281 1297 1312 1350 1358 1370 1382 1410 1411 1419 1420 1421 1426 1449 1458 1488
554
827 771 952 1157 1297 979 1320 1407
1388 792 842 1176 1068 1163 1219
245 1130
403 1130
596 910 1130
860
1130
541
1274 898 929 941 1124 1176 853 1064 1149 1196 1256 1286
979 777 795 838 841 842 859 872 894 899 908 929 933 958 764 821 824 828 837 868 880 887 892 897 980 987 1025 1043 1080 1104 1124 1161 1163 1186 1196 1200 1201 1204 1217 1220 1277 1286 1289 1308 1349 1350 1351 1358 1368 1373 1391 1398 1407 1410 1422 1426 1450 1457 1468 1471 1474 1279 1363 1371
251
1232
1036 762 777 792 864 880 892 903 933 942 954 798 813 838 899 1061 1064 1087 1162 1184 1191 1200 1209 1213 1273 1320 1333 1405 1408 1488 1210 1289 1363
1182 819 820
600
601 1199
50
612
613
776 774 780 837 963 970 988 1080 1090 1113 1292 1389 1458 1107 1153
780 771 766 821 871 887 917 970 1025 1090 1113 1149 1163 1165 1174 1356 1373 1394 1398 1444 880 899 908 920 1107 1160 1176 1220 1226 1308 1312 1320 1338 1383 1401 1407 1431 1481
1074
1204 1176 1184 1205
1394 1383 970 1458
615
616
623
625
627
634
896 898 1184 1409 1431
642
645
651
656
29
170
406
407
737
667
1133 760 777 821 872 921 933 942 1019 1035 1201 1213 1215 1252 1332 1344 1406 1428 1437 1457
669
1080 764 872 899 908 926 942 1006 1052 761 1163 1171 1447 1083 1102 1105 1114 1162 1176 1184 1198 1333 1350 1361 1407 1413 1426 1437
682
683 792
684
690
695
700
703
704
708
710
714
715
721
731
757
738
739
748
756
759 853 1193
853 813 826 846 849 873 919 1008 1104 1107 1129 1153 1162 1170 1191 1193 1209 1212 1219 1254 1304 1306 1321 1337 1343 1353 1364 1401 1403 1407 1410 1420 1431 1440 1486 1488
1193 1300
760
761 767 774 821 926 965 1060 1070 1081 1165 1186 1213 1220 1253 1267 1268 1351 1356 1386 1389 1413 1421 764 815 885 894 899 921 933 997 1023 1087 1145 1171 1176 1194 1198 1199 1211 1333 1350 1361 1370 1382 1391 1410 1445 1458
767 980 1053 1176 1328 1377 1454
774 762 777 813 838 864 871 882 926 952 954 965 1004 1061 1071 1104 1129 1144 1149 1153 1198 1219 1254 1292 1300 1307 1343 1350 1363 1368 1371 1383 1401 1405 1420 1426 1440 1471 1488 892 1095 1304 1403 1410
821 804 805 815 1356 1454 885 899 921 965 1023 1095 1333 1381 1386 1421 1458 1481
926 951 1090 1171 1389 1428 1458 1006 1382
965 771 777 964 912 951 1052 1149 1171 1196 1292 1345 1356 1389 1391 1407 1428 1458 1488 1053 1160 1184 1186 1220 1226 1320 1383
1060 1239
1070 908 1163 1383 1401 1407 1409
1081 816 963 967 1143 1183 1309 1454 1191
1165 851 1143 951 1090 1458
1186 816 912 1068 1155 1213 1267 1292 1389 1398 1454 1475 1226
1213 771 899 952 900 951 1163 1217 1432 1383 1474
1220 952 871 882 1012 1090 1163 1243 1407 1226
1253 878 903 1200
1267 939 1035 1428 1383
1268 1006 1035 1102 1114 1127 1132 1191 1226 791 1332 1361
1351 1012 1105 1107 1184 1328 897 951 1454
1356 815 921 1014 1030 1171 1212 1163 1383 1401 1481
1386 885 1171 1345
1389 899 921 942 952 980 997 1039 1053 1082 1112 1116 1132 1161 1176 1184 1319 1383 1455 1481 1424 1450
1413 1124 1199 1383 871 912 1006 1068 1090 1163
1421 1145 1383 846
1454 764 787 790 792 806 813 815 830 894 899 952 997 1071 1082 1102 1112 1127 1225 1273 1290 1302 1328 1338 1361 1383 1406 1470 1481
762 1068
878 880 899 942 1008 1143 1344
1068 787 800 805 822 838 899 908 933 936 941 952 1035 1043 1087 1112 1124 1160 1171 1289 1328 1350 1361 1374 1378 1383 1395 1470 1472 1474
1149 800 805 816 842 859 881 899 964 980 1003 1114 1124 1143 1052 1171 1176 1196 1210 1391 1444 1194 1199 1312 1373 1383 1426 1435
1171 792 805 813 885 899 921 1014 1023 1052 1092 1102 1107 1145 1162 900 1006 1333 1345 1391 1428 1187 1194 1211 1217 1219 1366 1382 1410
1345 805 806 921 933 1006 1008 1023 1107 1174 1052 1488 1350
1398 881 885 899 1095 1102 1105 1184 1383 766 864 1407 1430 1472
764 790 791 882 951 1163 1196 1292 1391 1418 1428 1458
790
791 787 805 828 894 952 1002 1035 1082 1112 1124 1161 1167 1225 1279 1344 1406 1437 1455 1458
882 1163 885 920 1009 1039 1312 1373 1383 1401 1409 1438 1450 1458
951 787 805 812 815 863 899 936 942 1428 980 981 1003 1009 1053 1087 1102 1114 1154 1176 1184 1251 1273 1350 1361 1363 1381 1383 1406 1409 1411 1430 1475 1481
987 795 851 856 894 980 1428 1161 1218 1279 1319 1373 1407 1422 1424 1430
1163 786 815 822 858 864 873 892 933 936 1039 1053 1161 766 816 1184 1191 1201 1260 1279 1368 1383 1401 1407 1409 1410 1437 1443 1456 1471 1481
1196 816 1039 1124 1143 1176 1319 1425
1292 765 806 851 869 908 946 976 1087 1105 1184 1275 1319 1320 1350 1383 1410 1430 1458
1391 1184 1350 1383 1199 1409 1426
1418 1184 1297 1408
1428 815 881 899 933 981 1132 1160 1176 1191 1210 1243 1273 1312 1338 1373 1381 1408 1012 1458
1458 804 805 917 1105 1184 1338 1372 1383 1410
1481 942 1090
765 912 1243
912 777 792 919 964 1402 1420 1440
766 1279 810 812 813 838 842 885 954 963 1003 1012 1025 1102 1129 1167 1176 1209 1252 1286 1289 1306 1312 1373 1405 1407 1419 1425
1279 980
980 899 952 804 837 871 897 942 1035 1176 1322 1426 1444 1474 1052 1095 1132 1140 1328
1053 822 873 909 945 1104 1184 1395 1410
1176 899 777 816 828 892 921 1132 1143 1161 1300 1355 1426
1328 870 1407
1377 1185
770
771 952 1219 1300 1410 1383
952 921 933 813 864 970 1407 1426
1219 792 991 1200 1337 1320 1410
1300 777 1008 1129 1312 1344 1410 1424
1410 914 1052 1198 1272 1273 1281 1350 1382 813 948 1287 1419 1420
871 828 988 1105 1217 1407 1414 1422 1426
888
954
1006 900 1052 1184 1023 1153 1334 1401 1426
1140 1064 948 1199
1199 977 1445
1350 1008 842 1030 1052
1426 806 988 1162 1194 1312 1373 805 837 1052 1444 1474
1445
773 970 1259
970 792 815 830 851 917 973 997 1014 1037 1056 1057 1090 1102 1194 1201 1312 1383 1407
1259 1258 1259
777 783 990 1383 1425 1471 1472
813 786 842 1194 1243 1289 1363
837 786 1153 1383
838 933 1289 1373 1107
842 786 792 1008 1025 1129 1191 1200 1337 1383
864 812 814 800 963 1132 1308 915 1009 1124 1201 1263
1004
1061
1071
1079 1002
1104 1307 1309 1363 1420
1129 1153 1383
1144
1153 1008 897 957 1092 1383
1198
1206 1107 948 1157
1254 1320
1307 1107 1064 1459 1383
1343 1243 1420
1363 929 945 1092 1205 1365 1401 1488
1368 1243 1322 1435 1407
1371 786 792 1209
1383 921 1030 1107 816 840 925 948 963 981 988 1012 1052 1090 1092 1102 1113 1160 1184 1194 1270 1297 1355 1407 1422
1401 862 1251 1239 1270 1407
1405 1023
1420 994 945 948 1191 1488
1440 786 873 1107
1471 1107
1488 957 1008 1023 1437 1487
775
963 815 1287 1411
988 1105 1308 1486
1090 814 851 908 997 815 816 948 1407 1409 1475
1113 885
1444 1256 1272
783 948
990 1107
1407 1014 1102 1132 1166 1233 1281 806 816 848 948 1028 1067 1422 1453 1456
1425 994 973
816 812 815 1143 898 899 997 1003 1039 1056 1102 1112 1124 1145 1184 1194 1201 1319 1372
887
917
1025
1035
1174
1373 894 1161 897 1169 1424 1455
1469
1330
948 1064 1107 1132 1320 1365 1409 1435
786 792 945 1002 1127
792 805 818 1064 1191 1200 1209 1304 1320 1395 1456 921 1162
945 856 892
1002 1437 1486
1127 1030 1194
787 835
789
1406
805 1008
818 1320
892 859 1237 1238 1243 1320
933 921 868 900 1191 1200 1209
1064 881 1039 857 894 902 913 1063 1162 1403 1408 1443 1459
1191 1197 1432
1200 899 1333
1209 921 1145
1212
1304 1308
1320 1008 1184 1226 867 870 1160 1286
1395
1456 822
795
796
800 899 1308
803
804 913 810 1107 1266
913
1008 873 832 903 1358 1485
806
807 994 1431
994 903 1215 1374
1431 1226 868 1333
810
811
812 1184 1052 1251
863
1184 1087 1132 1162 857 1237 1243 1333 1338 1238 1263
1372 929
814 1217
1217 1194 1422
815 1435
1143 899 897
1435 859 1107 1226
1012 920 973 1039 1112 1160 1312 1409
819 793 820
793
820
822
1009 1194 1378
826
1157
1297 1076 1319 1374
828 1226
942 880
830
832
1099 1424
1319 1107 799
1390
835
1457 1409
1289
839
840
841 869 1166
869
1337 959 1374
845
846
849
872
899 880 900 921 1052 1059 1277 1408
903 1107
908 1052
929 859 1107 1277 1449
936 1243
958 1162 1332
1052 920 921 1211
1092
1132 1422
1201 868 1243
1205
1286 1107 1486
1358 1422
1467 1107
1486 1365 964
851 1355
1355 857
779
824
847
848
857
859 1155 1370
868 921 1107
870
873
881 1187
890
893
894 1308 1161 1424 1455
898
900 1334
902
914
937
939
953
964
973 897 1361 1409
974
986
991
1005
1014
1016
1029
1033 1455
1063
1075 1202
1076
1086
1087
1089
1096
1101
1107 967 1145 1162 1166 1189 1194 1309 1408 1419 1443 1251
1115
1123
1124
1128
1145
1148
1155 897
1156
1160
1161 1169 1424 1455
1162 1437 1470
1164
1177
1181
1189
1195
1210
1218 1102 1422
1223
1225
1226 1243 1441
1237 1238
1241
1243 1309
1263
1264
1270 1251
1273
1280
1296
1299
1303
1321 1443
1322
1331
1333
1335
1338 915
1342
1349
1352
1361 1474
1366
1370
1376
1382
1392
1403
1414
1415
1419 1443
1422
1424 1308 1455
1427
1432
1437 1430
1443
1466
1468
1470
1473
1474
1484
1485
858
856
862
1308 957
874 1275
1275
875 1105
880 1344
897
915
957 1095
1257
1339
1408
1441
1187
883
885
886
889
938
981 1397
1135
1314
895
921 1023
1059
1277
1083
910
911
919
920
924
925
930
1168
1239
1446
941
946
950
959
967 1183
1183 1309
969
976
1043 1114
1450
1018 1409
983
993
997
631
1037
1067
1102
1166
1306
1309
1448
1453
1475
1003
1194
1378
1013
1017
1019
1022
1023
1024
1030
798
1039
909
1056 944
944 1057
1057
1459
1073
1202
1077
1078
1447
1082
1159
1095
833
1344
1367 1278
1105
1112
1114
1116
1118
1126
1332
1384
1472
1139
1154
1169 1455
1455
1167
1170
1175
1179
1185
1188
1197
1192 1045
1045
977 1251
1203
1207
1211
1215
1041
1233 1028
1028
1411
1236
1238
1246
1248
1251
1252
1256
1258
1260
1261
1402
1262
1266
1272
1278
1281
1285
1287
1288
1290
1301
1302
1312
1313
1315
982
1318
799
867
1325
1334
1340
1341
1353
1354
1360
1365
1364
1374 522 928
522
928
1381
1387
1396
1397
1404
1409
1430
1433
1438
1439
1449
1480
1483
1487
1489
