17 516.403320 -97.228157
37 498.361755 -100.309013
136 511.668579 -87.905777
62 514.640503 -105.511169
129 504.201599 -86.928619
97 499.391632 -104.442459
19 515.004883 -89.629761
148 500.224274 -97.504776
105 502.910706 -107.229805
158 501.458893 -88.221977
41 499.328461 -89.030830
133 508.176971 -87.261780
11 499.446350 -94.760391
90 500.508942 -91.757111
146 516.785522 -100.444893
108 509.750275 -94.670013
110 508.181641 -96.399666
14 505.077057 -97.807014
81 508.703400 -106.237831
155 507.271759 -99.872543
54 507.662933 -102.672310
39 511.386047 -105.323318
130 512.898804 -96.616753
73 508.082184 -92.854279
89 512.367493 -99.349564
66 509.739532 -90.427597
118 503.626953 -99.888443
52 506.791656 -99.094727
45 510.550079 -96.662415
22 506.538574 -97.733582
55 506.575562 -101.542740
78 501.788910 -99.434357
156 505.858032 -97.754257
85 505.193237 -99.390877
36 503.984863 -98.288330
166 512.032837 -102.077621
35 507.186920 -94.669006
83 505.766815 -102.791573
67 507.794220 -101.516983
57 501.199066 -101.880737
119 508.131226 -95.236702
65 502.345673 -104.308533
95 510.112427 -101.713989
64 506.973328 -96.965889
94 514.261230 -93.440201
80 502.706177 -97.771034
13 508.168976 -101.212753
61 506.150696 -97.979340
98 506.155365 -98.385345
151 506.414917 -98.805977
113 505.130829 -100.805328
63 506.893768 -98.611099
82 503.965118 -103.249588
92 511.254578 -94.935699
8 506.337860 -100.262650
16 510.542633 -100.045128
101 507.471436 -98.235611
15 508.449768 -97.577995
153 506.237793 -95.665733
132 509.527100 -98.589912
127 508.682861 -95.771988
56 508.848175 -100.756462
30 507.578400 -90.006577
162 502.904694 -89.811272
107 511.840851 -93.495667
149 509.171967 -98.429344
25 510.238129 -96.806000
2 509.742249 -99.953217
84 512.355408 -94.553429
3 509.152313 -100.253571
72 507.173645 -98.524094
143 511.668365 -91.297897
33 510.751221 -109.023621
69 504.635895 -93.834328
135 505.851807 -91.711586
159 510.545654 -96.999397
18 507.370789 -96.040634
74 509.029114 -96.524834
163 505.562347 -96.819237
115 510.414490 -96.414284
157 510.966553 -100.647980
77 505.413239 -89.443817
111 510.439545 -100.150307
44 507.166565 -104.082596
144 514.829163 -100.047630
27 503.934875 -95.345123
86 503.942627 -96.794312
60 506.682648 -107.843811
150 503.924194 -91.416649
109 507.999939 -97.715065
12 509.389191 -97.264328
145 507.242035 -98.046867
51 508.768921 -98.233246
28 510.045380 -100.429947
128 507.515991 -100.528488
79 510.279755 -97.329590
142 513.540466 -91.338928
140 510.757599 -100.514648
116 510.400238 -103.344765
112 517.053467 -92.901764
91 510.261536 -92.259300
58 508.939392 -102.332733
137 505.426086 -94.834885
42 507.901855 -97.983543
123 510.702057 -93.246620
34 506.889526 -98.581581
167 511.790344 -98.064827
102 508.792938 -104.036232
48 508.543854 -97.514236
49 510.473694 -100.754150
126 503.600525 -101.566696
141 514.530457 -102.063354
103 508.031738 -99.593056
147 505.957489 -93.649628
104 504.711761 -95.960297
154 506.179749 -97.209930
121 504.977570 -96.262794
21 511.609894 -97.653473
164 508.180969 -97.592987
165 511.435730 -95.154617
50 509.406769 -100.584877
68 512.757935 -96.968796
32 517.303406 -102.873421
117 505.240692 -105.315971
88 508.580078 -96.935638
47 502.276031 -95.773003
43 498.338867 -100.258179
161 496.930756 -96.471481
152 502.761993 -93.377251
125 508.889862 -96.833542
160 504.702759 -97.987785
6 499.471161 -94.805252
71 500.452881 -91.771255
46 511.445404 -105.339760
87 514.364746 -93.437294
99 510.756592 -109.007164
76 510.756683 -109.006203
124 508.765808 -96.815590
134 511.039124 -97.995018
138 511.535736 -95.627625
96 509.420227 -98.317467
40 509.771820 -90.468826
59 511.013794 -96.621857
75 512.361267 -97.013832
100 512.343750 -97.055588
29 511.542389 -96.422302
70 512.959656 -96.571526
31 512.332581 -96.602364
93 509.549072 -98.614494
131 511.898499 -93.528130
53 510.156219 -101.756721
7 494.370209 -100.674690
24 503.921356 -95.378296
5 503.964722 -98.307487
38 503.966919 -98.308578
106 503.966827 -98.307564
26 504.932037 -96.235893
23 504.932159 -96.237312
1 509.430023 -100.109444
9 506.347870 -100.261887
4 506.349701 -100.263245
120 508.031097 -99.562035
139 511.571167 -95.655846
114 506.201599 -97.969154
122 511.060211 -97.980934
20 511.625549 -97.654320
10 494.356842 -100.671196
