1 208.156128 -79.843666
323 224.041580 -62.354862
324 218.887848 -67.220924
327 218.287506 -64.490761
328 217.675232 -60.876720
393 210.860199 -80.453636
333 217.344589 -68.850967
402 208.831635 -71.649010
400 209.722748 -78.156166
360 225.434875 -75.991028
370 213.951462 -61.580669
377 219.347000 -69.724815
316 216.459534 -66.601036
3 225.233795 -64.390343
6 217.211792 -62.973442
11 221.712784 -68.327797
12 220.153534 -78.455757
16 220.833481 -69.849709
17 222.219742 -69.295883
18 215.031021 -73.885147
19 219.279251 -70.354332
26 219.477478 -73.476868
27 217.816620 -71.570251
30 219.229233 -75.200905
31 220.975235 -69.020493
32 217.010666 -66.527412
34 216.144333 -67.249214
36 218.373993 -73.061752
39 217.649628 -68.308884
40 218.593109 -71.216545
48 216.469864 -66.896095
50 217.604340 -74.008759
51 220.961761 -70.514030
53 219.597504 -72.141228
56 221.136124 -70.192230
61 219.975998 -70.968002
66 216.854446 -74.082191
67 217.997696 -65.552765
75 219.287643 -70.071815
76 216.595413 -66.936386
78 220.947754 -75.400383
79 216.558990 -72.800041
80 223.806595 -62.980755
82 215.333832 -70.228706
86 222.692474 -68.626602
90 220.636169 -69.663849
91 219.657410 -70.540970
100 219.426346 -71.408173
103 216.758224 -66.923767
104 217.518845 -68.970184
106 217.049469 -67.363960
111 218.261826 -67.736488
117 221.115341 -70.308006
119 218.651672 -66.801323
120 218.038345 -74.451271
121 218.911789 -67.488968
122 216.680038 -71.423439
126 220.398743 -72.433189
128 219.421539 -73.133751
131 219.124908 -72.710678
134 215.393311 -69.962334
143 219.487869 -71.436722
144 221.851257 -68.533752
148 220.735428 -69.078064
149 219.085281 -68.209419
152 215.466492 -68.495483
156 222.590302 -68.285416
159 219.866272 -71.153259
163 217.482391 -74.393471
164 218.174835 -73.293365
171 217.786774 -73.032867
173 214.053223 -61.853405
176 219.902267 -70.140640
179 220.708420 -72.416573
185 217.777786 -73.001038
186 218.609756 -73.671585
187 217.385086 -71.024467
188 218.048828 -73.213150
194 220.927582 -68.878548
195 217.696838 -71.276733
196 218.689163 -73.284821
197 220.238541 -72.871498
198 217.733856 -73.597633
200 220.995972 -69.012390
203 219.326706 -67.287888
206 217.375443 -74.833557
208 220.606018 -68.547005
209 218.849014 -66.656616
210 216.369568 -67.293190
214 219.785614 -69.286148
217 216.244705 -72.461372
218 221.015457 -68.807564
220 218.542770 -66.962479
221 216.836639 -66.978378
222 215.261826 -70.452263
226 219.315323 -69.457581
231 217.800995 -68.168350
232 219.404419 -72.951935
237 221.087875 -68.650642
239 211.729019 -64.792877
240 217.759171 -68.759521
244 218.218658 -71.440262
248 217.426300 -69.213097
249 222.194626 -68.554810
255 221.996643 -67.744377
256 221.794800 -68.194351
258 220.756989 -69.501289
259 221.544540 -68.921036
260 218.314651 -73.505196
263 219.040909 -73.073784
267 217.533447 -69.185730
268 217.987915 -74.246841
270 217.798401 -67.237984
273 218.009369 -71.347641
275 218.700638 -71.702881
276 219.333450 -67.118683
277 217.867218 -73.709656
278 220.342926 -73.653854
283 221.423340 -66.757332
290 218.312851 -74.145485
291 218.170807 -72.532776
294 222.241302 -69.211838
299 216.797516 -69.124413
301 219.642471 -70.320671
305 219.650772 -68.963249
314 220.725494 -68.970871
315 218.885330 -73.002785
2 230.582748 -69.816872
4 224.084732 -70.023056
8 217.417221 -68.582161
14 218.360733 -70.502228
15 217.129593 -67.588730
21 217.691498 -68.302872
22 217.110916 -69.082413
23 218.845047 -67.966942
24 215.956726 -68.683319
25 218.924500 -67.613022
28 216.437332 -67.919785
29 215.572250 -68.435951
33 221.031525 -68.937820
35 218.626587 -67.932396
37 216.215622 -68.682861
38 216.310577 -68.403572
41 217.540604 -68.724953
43 217.585449 -69.082382
44 216.166718 -72.917503
45 221.247177 -68.931618
52 219.236145 -72.805367
54 214.382736 -68.098465
57 219.146545 -69.401070
58 217.585571 -69.024292
59 217.119614 -68.680244
60 218.876465 -67.039070
62 218.570221 -67.426834
64 216.864685 -68.364418
65 219.362671 -69.576706
69 217.164322 -68.148689
70 215.284195 -70.965271
71 218.723465 -71.876457
72 219.815155 -69.465034
73 215.372879 -68.693924
81 221.212769 -69.050964
83 217.071152 -70.661385
89 218.684113 -67.478928
92 217.616989 -68.142555
93 218.323914 -72.991798
95 217.696289 -67.364517
96 219.494568 -72.493523
97 218.155090 -74.074112
98 219.601471 -67.480148
99 222.879807 -69.544777
101 217.719940 -68.411034
102 219.254837 -69.115326
105 217.528229 -68.699409
107 221.070160 -74.098541
108 219.374100 -67.814201
109 219.952560 -69.199165
110 218.832993 -72.810905
112 219.257492 -71.821045
113 221.894196 -73.885628
114 222.492691 -70.097038
115 214.668381 -70.253937
118 221.503418 -73.541756
125 220.634323 -68.608055
130 215.548553 -68.531448
133 221.137344 -70.018707
138 221.215118 -70.939766
139 220.875061 -69.039665
141 221.071472 -74.968933
142 218.889587 -67.357857
145 217.546082 -68.912659
146 222.895798 -69.241249
147 220.216431 -74.850006
150 214.834351 -69.690704
151 217.341522 -68.427048
153 218.751450 -74.109634
155 217.517334 -68.556587
157 219.059265 -66.907814
160 217.003662 -66.395386
161 221.059189 -69.076332
165 218.659866 -67.763390
167 220.719330 -68.883186
168 219.639359 -73.070816
169 217.458267 -69.006073
170 222.562698 -68.510620
172 219.060028 -71.440613
174 219.224915 -69.503090
175 220.856842 -68.567162
178 216.788315 -66.636543
181 221.314621 -69.781097
182 218.689392 -67.755081
183 218.746017 -67.310226
184 218.532257 -67.490471
189 215.045700 -70.346298
193 216.441681 -67.683174
199 220.255783 -75.602654
202 217.618347 -68.758163
204 218.921265 -71.393112
207 216.324585 -66.742638
211 219.688156 -70.227608
212 215.185364 -68.764458
213 218.517914 -72.781090
215 212.715729 -68.649719
219 217.838165 -73.998283
224 215.129669 -70.137375
225 217.701477 -68.595207
227 220.647858 -66.118095
229 218.739075 -67.208969
230 215.133148 -69.917198
234 218.921982 -69.198097
236 216.563049 -67.039696
238 217.526062 -68.783546
241 219.267181 -68.996651
242 214.301239 -69.578804
246 215.049820 -69.539772
250 215.838928 -69.700653
251 216.787521 -66.939201
253 216.988586 -73.746925
254 215.967285 -69.076508
262 215.406921 -70.264824
264 217.092972 -68.344269
265 219.310913 -73.270744
266 218.862228 -67.401016
269 222.235611 -69.621376
271 215.166885 -70.310493
272 218.942459 -69.868439
274 216.461899 -69.716698
280 215.474808 -69.098511
281 219.314041 -70.139656
284 219.731064 -71.160065
285 222.645157 -69.591652
288 217.984940 -64.884384
289 219.142365 -67.517281
292 219.403610 -71.106018
295 219.015594 -70.009079
297 217.446182 -71.049255
298 216.573792 -66.816360
302 221.290771 -68.302956
303 219.348923 -72.506882
304 216.086060 -73.879051
306 214.150620 -70.179108
307 221.160980 -69.557953
308 217.196686 -68.303543
313 218.644531 -69.311760
7 218.164032 -64.456825
63 222.183990 -69.212128
68 214.522598 -70.068993
94 216.251160 -67.918716
123 220.675766 -68.524170
124 215.591232 -69.219009
127 218.298096 -64.507614
129 219.623154 -69.068649
135 222.213058 -70.163177
233 216.982513 -68.808456
245 217.673080 -68.657364
247 217.312988 -71.050995
261 218.469040 -64.551468
286 217.314194 -69.060989
5 220.637711 -69.291092
46 220.501434 -69.241936
49 215.581467 -68.780716
84 221.412262 -68.481102
88 219.316833 -69.173019
116 219.381454 -69.811302
205 215.794617 -68.638298
10 222.513260 -71.273270
190 221.687408 -71.097122
13 216.905365 -68.843040
42 219.210388 -71.810829
55 217.739655 -68.862129
77 221.204742 -69.101479
87 218.997681 -73.072845
137 219.042282 -69.507607
154 216.977402 -70.370842
158 217.250793 -68.583275
191 218.700058 -69.640923
216 217.462830 -68.935066
223 214.316406 -70.289078
243 221.753403 -69.002441
252 215.028244 -70.165871
279 221.452927 -68.759056
310 219.718140 -75.538277
311 217.495575 -68.862473
201 214.069855 -61.726318
287 217.433502 -70.822395
309 221.947144 -76.333565
312 213.940277 -61.601536
9 225.800293 -67.165543
20 219.364548 -69.733704
47 219.362732 -69.734367
85 228.606522 -68.193428
132 219.363907 -69.731598
140 219.652771 -69.831978
177 218.830505 -69.893288
228 220.435974 -69.441193
300 218.960175 -71.210602
282 221.280045 -70.373558
354 228.734818 -68.167351
331 221.044983 -66.125015
365 227.618484 -64.366524
408 222.484512 -67.938690
338 229.007050 -71.737488
371 211.588303 -64.768387
340 217.313263 -78.009193
341 223.970978 -71.488792
344 221.226120 -70.655441
378 225.515366 -80.665619
350 223.528961 -74.022255
405 224.218262 -68.645332
74 223.613861 -73.951340
192 220.990753 -66.143822
257 221.179886 -66.054466
136 220.564453 -75.314964
296 227.656052 -64.365456
162 225.789108 -69.930176
409 212.618134 -75.282616
414 215.677979 -72.419807
317 215.151398 -68.568474
320 221.009750 -63.283440
326 212.341660 -68.387764
332 225.904083 -66.985435
352 219.139420 -71.637497
368 221.367767 -74.456696
379 214.015884 -66.379120
381 209.592163 -68.609131
293 221.137787 -63.437428
180 219.442062 -73.311775
322 226.005905 -72.990242
345 226.051193 -70.076500
342 221.035645 -68.757446
319 221.067520 -59.609871
329 215.561798 -64.190567
335 211.444580 -70.921837
343 223.583252 -65.693817
318 208.118774 -65.836952
330 228.746063 -75.140053
334 222.484238 -80.689644
321 222.810333 -69.817001
355 217.235443 -71.125153
398 217.902725 -74.734398
385 224.036087 -78.308922
351 219.911942 -73.985344
359 222.672241 -76.209679
392 213.611984 -80.674370
386 218.231400 -75.931679
388 217.642456 -81.328842
389 221.380493 -83.626900
391 219.156296 -84.724159
399 213.881805 -73.513870
401 211.684662 -73.346146
404 227.577011 -78.358574
407 217.224823 -73.720047
410 215.929108 -75.468903
411 217.828995 -72.715828
412 217.350433 -75.181419
336 220.641510 -79.953712
337 215.049713 -79.014015
339 222.197830 -72.551476
346 223.849121 -83.276245
347 214.317505 -75.362213
348 220.797821 -77.204567
349 218.555527 -73.976524
353 213.677414 -71.636497
356 219.718903 -81.868301
357 218.801849 -79.612473
362 219.186813 -77.138260
366 219.470428 -75.496201
369 220.726868 -75.847626
372 220.504303 -72.597366
376 213.908737 -69.975433
361 222.004105 -78.214912
374 215.395691 -70.541298
382 214.093597 -83.424408
387 213.632278 -77.846519
413 215.059189 -74.307129
367 215.235184 -77.064064
380 210.515350 -75.659729
325 209.241119 -73.896294
363 219.105453 -73.007530
375 215.685135 -81.659554
364 216.935303 -83.644615
403 206.893631 -69.611832
415 206.581863 -73.629913
358 211.917099 -77.344604
394 211.823639 -82.650322
395 216.518677 -79.962173
396 217.054062 -76.286034
406 216.158859 -73.849442
373 206.959076 -76.767212
383 216.505630 -74.431465
384 213.600235 -76.575714
390 208.804016 -75.802513
397 212.752197 -79.047256
