#C:\Anaconda3\lib\site-packages\ipykernel_launcher.py -f C:\Users\CRM\AppData\Roaming\jupyter\runtime\kernel-c928d1b2-22d6-4b12-84cc-8c5e05def514.json
# GMT Fri Apr 12 11:47:06 2019
# 
6 8
8 7 9
7
9 10 61 75 205 208
10 50
61 188 209
75 48
205 50 98 115 138 188 207
208 125
50 139
5 13 120
13 12 14 15 83
120 51
12
14 16 17 29 147
15
83 218 221
16
17
29 130 160
147 54
18 19
19 20 130
190 103
20 199
130
199 179 201
160
33 34
34 35 97
35 36 69 141
97 40
36 37 38 39 47
69 68 66 70 1030 1052
141 140 142
142
37
38
39
47 44 45 171
157 153 154 193
41 42 58 167 218 232
42 181
58 25 59
167
218 217
232 124
98 82 28 57 74 100 125 135
181 150
44
45
46 184
171 95 170
184 80 105 182 183 997
139 26 131 138 140
21 51 176
51
176 166
194 145
24 53 4461
53 231
4461 2562 4446 84 132 4460
231
25 136
136 146
59 60
60 154
154 153 155 159 173
188
209
31 62 104
62
104 222
63 68
68 64 65 979 4893
64
65
979 980 1036
4893 4871 4892 4894
66
70 67 108
1030 105 953 1029 1033 1038 1039 1040 4894
1052 953 1032 1058
2344 2343
67
108 4120
72 73 112
73 91
112 113 215
215 214
91 496 4446
48 101 106
101 123 210
106 186
76 86 110 185
77 170 191
86 110
110
185 187
170 168 169
191 150
78 79 109
79 80
109 54
80 989
989 987 997
81 82 2562
82
2562 57 133 4129 4445 4448
221 220 225
71 224
224 137 219
4 88
88 55 87 90 178 195 198
55 107
87 89
90
172 52
178 107
195 204
198 56 149 152 200 201
107
89
496 484 495 499
4446 493 475 23 84
11 94 125
94 26 43 93 95 131
125
26 131 203
43 163
92 123
93
95 129
131
203
163 162 164
123 122 30 140
174 32
129 113 126 127 128 207 235 4112
40
202 143
28
57
74
100 99
135 236
99 4459
4459
210 211 212 213
222 134
186 140
116 117 118 207 522
207 206
4120 522 4119 4164 4179
54
52 111 119
111 148 192 204
119 56 148 175
148 96
192 193
204
113 3770
3770 3769 3782
114 115
115
117
118
522 570
56 149 152 175
175
149
152
121 122
122
30 140
140 138 102
126
127
128
235
4112 4111 4213
236 134 237
146 153
138 143 150 4882
143 151 234
150
4882
102
151 85
234 233
96 144
144
103 145 153
145 196
153 124 156 158
196
85 4448
4448 521 49 4447
124 173
156 189
158
173
155 32
159
32
189
193
27 161 166
161
166
162 165
164
165
168 229
169 227
229 137 226
187 228 230
227 223
177 179 180
179 206
180
206
105 1055
182
183
200
997 966
1055 961 981
228
230 226
201 197
197
211
212
213
214 499
499
217
220
225 216
134
137 223
223
219
216
226
233
237
239 333 354
240 327 337
333 332
354 353 4426
316 285 299 303 315 337
327 328 379
337 253
241 242
242 363 364 365 366
351 276 287 352
284 254 282 283 285 305 366
363
364
365 296
366
245 247
247 246 330
246 257 298 371 378
330 357
257 259 310 360 368 381
298 278 293 299 343
371 378
378 375
248 250
250 249
249 280 305 312 313 360
280 279 305 313 360
305 304 306 313
312 313
313 279 282 295 302
360 381
238 252 318 4423
252 251 253 289 322 376
318 336
4423
251 289 319 367 370
253 4362
289
322 319
376
319 320 370
367 370
370
4362 4363
254 255 329
255 285 299
329
285 306 1178
299 258 362
259 256
310 311
368
381
256
260 261 287 350 369 382
261 262 267 334
287
350 266 349 369
369
382
262 344 345
267 266
334 264 352
344 311
345 311
266
268 269
269 346 362
346 341
362 274 292 361
270 274
274 271 272 273 275 325
271
272 372
273
275
325 292 324
372
279 282 295 302
282 295
295 296 302
302 301
264 281
281
283
296
306
1178 1340
276 286
286
288 290
290 336
336 338
4435 4421 4432 4434 4436
291 292
292
278 335
293
335 244 373
343 342
258 311
311
294 300
300 297
297 308 340
308 265 323 340
340 331 341
301
304
303 307
307
265
323
277 314 342
314 315 326
342 243 355
315 356
326 4428
356 355
317 1119
1119 1065 1118 1176 1429 4437
320 321
321
263 4415
4415 4386 4378
4341 4374 4376
324
4428
328
379
357 377
332 353 355
353 309 355 374 4425
355
352 347 348
244 361
361 359
373
338 339
339
331 380
341
380
243
349
347
348
309 358 4431
358
4431 4433
374
4425
4426 4430
377
359
375
383 429 445 454 455
384 393 426 447
429 446 470
445
454 455 470
455
462 413
393 395 396 447 2223
426 420 425 427 447 3987
447
0 386 395
386 385 387 446 2307
395 419 2213
451 408 453
385
387
446
2307 2330
390 391
391 392 394 409
392 402 406 436
394 442 457
409
423 430
402 401 403 411 435 436 439
406
425 424
436 432
396 397 398 399 400 2231
2223 2221 2222 2229 2235 2383
442 441 466
457 405 460
419 421 456
2213 2207 2212
2393 2321 2392 2394
397
398
399
400
420 421 2283
2231 2317 2357
2283 2282 2284
401
403
411 410 1216
435 434 461
439 422 438
404 405
405 431
431 432 433 472
460
407 408
408 437 456
437 389
456 465
410
1216 1215 1512
413 414 415 452 464
414
415
452 428
459 428
464 443 469
468 450
416 417 430 444 450 469
417
430 388 441
444 424
450
469
421 418
418
424 443
443
427 1125
3987 3985
1125 1476
470
388
441 440
432
433
472 438 471
434
461 458
1297 1252 1296
389 2282
2282 2281 2257 2264 2284 2302 2304 2372 2375
422 1784
438 473
1424 1326 1924
1784
473
440
466
448 449
449 467
465
467 463
453 463
428
463
458
471
412 1248
1248 1913
476 477
477 480 484
480 479
484 483 485 493
478 492 498
479 481
492 493 497
498
481 474 491
493
474 4173
4173 4111 4149
491 487
4111 4201 4221 4268
483 3769
485 482 486 489 497
3769 692
482 489 495
489
494 486
495
486
497
487
500 501
501 549 570 573
549 548
570 533 569 4164
573 532
502 504
504 503 556
503
523 525 532
556 532 563
564 1481 1482 4211
511 512 513 534 538 550
512
513
534 538 550
538 551
550 542 551
551 548
515 519
519 520
520 516 517 518 2312
516
517
518 3982
2312 2364 4837
3982 4035
521 828 4458
828 827
832 831
4458 569 829 856 4119 2440 4444 4454 4455 4457 514 4463 4464 4465 4466
524 528
525 530
532 533 548 568
528 529 530
530 531
526 527 4145
527
4145 4146
529
531
533
548 505 547 552 568
568 567
535 559 574
536 537 557
559 546
574
537
557 558 563
506 546 565
539 507 540 541 542 543 544
546 507 553 554 558
565 543
507
540
541 569
542
543 545 561
544 545 561 566
566 508
569
545 509
561 510 560
509 571 572
571
572
553 555
554 555
558
505
547
552 555
555
563 562
562
510
560
1481
1482
4211 4133 4187
508
567
4164 4163 4174 4207 4219
577 578
578 594 610
594 589 595 596 628 705
610 609 607 722
576 582 625 640
582 583 612 645
625
640 612 641
583
584 585 652 667 672 680
612 613 700
645 646
585 581 614
652 653 680 726
667 680 726
672 671 673 674
680 681 682 683 693
581 626
626 619
614 619 636 676
586 587
587 618 669 679 703
618 617 668
624 623 655 668 708
669 655
679 678 681
703
589 590 591 692
590
591
692 666 694 726 738
592 593 597 630
593
597 588 598 599 600 601 602 620 657
630 629 696
595
596
628 627 658
705
588
598
599
600
601
602
620
657 604 609 575 658 696
603 604
604 605 606 691
605 666
606
691 662 690
658 642 656 712 738
666 665
608 609
609 611
611
662 661
607
722 712 721 723
613
700 702
619
636 635 648
676 675
615 616
616 639 725
639 632 638 653 681 685 725
725 634 650 653 580 720 677 724
617
668 632
621 622
622 653 736
653 651 685
736 735
623
655 654 689
708 681
627
629
696 697
631 632
632 634 718
634 633
689 688 732
718 717
633
635
648 644 647
638
681 685
685 684
641
643 644
644 687
687 686
646
704 670 713
647
649 650
650
726 694 3781
651
654
575 659 660 730
659
660
730
642
656
712 711
738 737
661
579 664 702
664 663
702 675 701 734
663
665
637 671 709 728
671 713
709 706 710
713 714
728 698 729
673
674
675
678
682
683
693
684
686
688
732 731
690
694 695
695
697
698 699
699
701
734 733
670
706 707
707
710
711
714
715 716
716 720
720 677 719 727
717
580
677
719
727
721
723
724
3781 3779 3780 3785 3798 3801 3870
729
731
733
735
737
739 740 763
740 748 750 757 815
749 752 805
763 777 815
748 750 751 775 805
750 753 757 776
757 755 756 758 791
815 816
742 743 759 762
743 745 760 777 804
759 760 762 778
762 761 778 780 789
779 789 795
744 741 746 802
745
760 814
777 2417
804 794
741
746
802 2207
1230 800 1231 1402
751
775
805
752 2413
753
776 786 4928
2413
2414 2266 2279 4695
755
756 787
758 812 813 823 824
791 783 803
787 803
812 1227
813 1228
823 772
824 772
778 814
814
761
780 747 781 783 784 799 803
789 788
754 764 783 803
764 774
783
803 766 782 807 821
774 781
820 819
765 766
766
767 771
771 770 772 773 786
770 785 797
772 768 769
773
786 785
785
797
768
769
781
817 818
4928 4927 4929
2417 790
795 796 808
747
784
799 798
800 801
788
792 793
793 794 811 1214
794
811 810 822 1124
1214 1774
796
808 809
798
801
1257 1292 1353 1402 1992
2207
782 4934
807 806
821
4934 4932 4933
1402
806
809 822
822 1124
810
1124 1576 2021
1227 1231
1228 1231
816
818 819
819 4940
4940 4939
825 826 844
826 829 4462
844 846 865
829 834 836
4462 4444 4449 4450
827 845 858 877
837 853 871 872
845 877 903
858 885
877
834 833
836 835
831 855 867 868 869 895 903 904 905 906 910 919 920 932
855 854 849 860
867
868
869 895 899
895 896 897
903
904
905
906
910
919
920
932
833 854 862 866 874
854 850 851 861 863 864 891
862 843
866
874 885 897
891 881
835 892 896
892 878 896
896
853 838 852
871 885
872 929
838 839
839 840
840 2351
2351 2364
841 842
842 4179
4179 4177 4178
846 847 860 870 880 894 900 912
865 852
847 848 911
860 859
870
880
884 883
894 876 893
900 852
912 917 918
848 879 886 887 888 889
911
879
886
887
888
889
852 873 902
873 930
902 928
850 898
851
859 864 881 883
861 843
863 843
864 883 921
898
849 907 908 909
856
907
908
909
885 928
881
883 882
843 4457
4457
921 926 927
899 930
928 878 901 929
929 878 890
930 878
897
901
875 876 878 893
876
878
893 857
857 882
882 931
931
890
917 913 914
918 915 916
913
914
915
916
926 922 923
927 924 925
922
923
924
925
934 935 936 969
935
936 941
969 1021
941 994 1014
937 938 954 1010 1050
938
954 973 1050
1010 975 986 1056
1050 956 984 1019 1022 1023 1024 1051
939 940 956 961 984
940 1016 1036
956 957 1015
961
984 985
1016 1015 1017
1036
1051
942 946 959
994 990 999
1014 1005 933
946 947
959 1006
943 944 1003 1028
944 945 995 1028
1003
1005 978 1002 1006 1007 1008 1009 1049
1028 995 1004
945 1006 1058
995
1006 968
1058
947
948 949 950 964 1047 1048
949 951 962 1043
950 951 970 1034
964 1025
1047 977
1048 976
951 971 978 1000
962 993
1043 1026
970 971 996
1034 998 976 1035
971 1026 1037
978
1000 1026
952 953 1023 1024 1056
953 983 1011
975 1054
1023 974 1059
1024 974 1059
1056 1041
983 955
1011 991
973 965 972 1021
957
1015 981
958 993 1049
993 992 1049
1049 1035
1025 1026
960 965 987
965 966 1021
987 988
966
1021 1020
967 968 1026
968 1057
1026 1027 1045
1057
996 1001
1037
972
1054 991
980 4855
4855 4851
981 982
982
955
985
988
963 991 1013
991
1013 1012
977 992
992 998
998
990
999
1001
1002
1045
1007
1008
1009
986 1012 1044
1012 1044
1044 1041
933 1053
1053
1017
1018 1019 1022
1019 1031 1046
1022 1046 1059
1031 974 1032 1046
1046 1059
1004
1020
1059
974
1027
1029
1033
1038
1039
1040
4894
1032
4902 4879
976
1035
1041 1042
1042
1060 1062 1542 2035
1061 1444
1062 1444
1542 1644 1938
2002 1616
2035
1444 1445
1063 1065 1160 1331 1625
1065 1091
1160 1956 2092
1331 1634
1625 2004
1809 1628
1091 1088 1092 1166 1504 1525
1067 1969
1068 1419
1418 1419 1828
1969 1115 1970
1419 1410 1453 1454 1535 1923 1963
1069 1070 1196 1197 1300 1498 1566
1070 1371
1196 1197
1197 1154
1300 1286 1807
1497 1472
1498 1410
1566 1567 1568
1269 1268 1373
1371 1362 1370 1403 1445 1538 1539
1072 1191 1208 1280 1314 1469 1554
1073 1192 1313
1191 1190 1192 1246
1208
1280 1523 1786
1314 1315 1912
1469 1187
1554 1653 1670 1720 1740 1839 1890 1957 2142
1192 1330
1313 1078 1123 1267 1281 1373 1443
1074 1076 1159 1506
1076 1075
1159 1166 1170 1322 1506
1506 1380 1512 1514 2202
1075 1217 1905
1217 1425
1905
1078 1079 1244 1306 1459
1079
1244 1167 1267 1365 1507
1306 1294 1305 1433
1459 1111 1123 1267 1327
1085 1087 1351 1367 1420 1478
1086 1088 1097
1087 1088 1090 1220 1223
1351
1367 1388 1624
1420 1251
1478 1229 1389 1477 2050 2086
1088 1401
1097 1096 1343 1379
1090 1108 1165 1496 1630 1959 2017
1220 1251
1223 1524
1624
1401 1128 1400
1108 1240 1496
1165 1166 1777 1853 2015
1496 2010
1630 1729
1959 1788
2017 2018
1092 1488
1166 1147 1168 1413 1438 1525 1646
1353 1128 1289 1354 1379 1859
1429 1428
1504 1176
1525 1524
1488 1204 1258
1093 1094 1095 2096 2135
1094 1177 1447
1095 1446 2071 2091 2159
2096 1386 2135 2190
2135
1177 1265 1387
1447 1312 1446 1347 2195
1386 2159
1446 1083 1311 2077
2071 2165 2166
2091 2190
2159 2169 2170
1096 1285 2109
1343 1252 1342
1379 1378
1285 2141
2109 2104
1084 1098 1224
1098 1099 1193 1490 1677 1713 1731 1914
1224 1077 1082 1262 1432 1594 1647 1727 1746 1799
1099 1334
1193 1528
1490 1366
1677 1333 1676
1713 1843 2194
1731 1694
1914 1824
1334 1237 1080 1333 1369 1391 1396 1438 1502 1515
1100 1101 1276 1530 2062 2176 2179
1101 1277 2139
1276 1277 1278 1352 1466
1530 1151 1356 1473 1533 2076 2173
2062 1908
2176 1536
2179 1489
1277 2203
2139 1309 1357
1102 1103 1226 1338 1422 1573
1103 1143 1442
1226 1129 1709
1338 1323 1831
1422 1376 1406 1421 1423
1573 1574 2053
1143 1106 1434 1622
1442 1441 1185 1537 1548 1987
1105 1106 1145 1179 1666 1948
1106 1107 1136 1180 1249 1317 1323 1810 1877
1145 1491 1955
1179
1666 1667
1948 1621
1107 1137 1267 1365
1136 1137 1138 1139
1180
1249 1256
1317 1406 1819
1323 1133 1324 1374 2097 2098
1810 1237
1877
1137
1267 1243 1266
1365 1324 1373 1500
1240
1110 1111
1111
1113 1116
1116 1454 1499 1552
1453 1456
1454 1457
1499 1500 1994 1995
1552 1369
1118 1825
1176 1064
4437 4441
1825 1120
1121 1122
1122 1275
1163 1162 1299
1275 1150
1576 1593
2021 1378
1476 1308 1383
1126 1127 1128
1127 1863
1128
1863 1933
1132 1135 1493 1605
1135 1451 1534
1493 1492
1605 1699 1820 2043
1451 1372 1374 1472 2118 2119
1534
1138
1139
1141 1142
1142 1474 1874
1474 1284 1475 2042
1874
1434 1930
1622 1550 1591 1623 1692
1491 1621 1760 1984
1955 1718
1146 1148
1148 1147 1167 1340 1452
1147 1207 2063 2064
1167 1541
1340 1339 1540
1452 1195
1207 1206
2063 2124
2064 2125
1149 1150 1696
1150 1283
1696 1826
1283 1282 1377
1081 1154 1560 1942
1154
1560 1781
1942 1130
1155 1156 1774 1971
1156 1161 1221
1774
1971 1991
1161 1260 1501
1221 1292
1260 1259
1158 1505 1684 1770
1170 1152 1169 1171 1175 1201 1309 1484 1486 1531
1322 1416
1416 1195 1134 1414 1415 1920
1505 1321 1412 1245
1684 1284
1770 1212
1956 1120
2092 1639
1501 1250
1162 1241 1517 1641
1299 1298 1329
1241 1355
1517 1518
1641
1777 1849
1853 1705
2015 1650
1168
1413 1391 2193
1438 1811
1646 1864
1541 1403 1507
1152 1484
1357
1484 1173 1468
1169 1403
1171 1403
1175 1201 1467
1201 1309
1309 1209 1310 1316 1436 1814 2138 2185
1486 1140 1173
1531 1134 1173 1487
1403 1485 1540
1467 1183 1209 1316
1064
1265
1387
488 1183
1183
1174 1184 1518
1184 2447
1518
2447 2457 2793 2814 2967
1129 1187
1187
1117 1189 1461 1584 2195
1189 1188 1234
1436 1435
1461 1234 1347 1448 2124 2125
1463 1279 1953
1584 1599 1855 1951 2000 2012
2195
1188
1234 1233
1182 1190 1398
1190 1845
1398 1302
1845
1246 1232
1407 1219
1330 1131 1329
1528 1529 1694 1695 1762 2126
1194 1195 1678
1195 1521
1678 1245
1521 1519 1520
1199 1348
1200 1892
1348 1349 1426 1449 1629
1891 1511
1892 1660
1202 1203
1203 1364
1204
1364 1350
1253 1252 1304
1206 1359 1705 1866 1989 2037
1359 1719 1867 2044
1705
1866
1989
2037 1681
1441 1794
1794 1796
1109 1210 1471 1495
1210 1211 1536 2076
1471 1363 2173 2188
1495 1370 1919
1211
1536
2076
1212 1213
1213 1346
1346 1333 1761
1215
1512 1198 1513 2020
1425 1390 2016
1251 1389
1292
1144 1222
1222 1254
1254 1229
1524 1229 1632 1949
1077
1082 1510 1728 1750
1225 1326
1262
1432 1263 1430
1594 1511
1647 1916
1727 1778
1746
1799 1264
2194
1510 1509 1980
1728 1571
1750
1326 1256 1157 1327 1328 1579 1580 1821
1709 1797 2100
1231
1233
1235 1236 1723 1902
1236 1237
1577 1631
1723 1975
1902
1237
1232
1239 1329 1483
1238 1532
1329 1483
1483
1532 1298 2158
1355
1133 1242
1242 1291 1725 1726
1609 1725
1291 1803 1994
1725 1945 2080
1726 1755 1977
1995
1123 1243
1243 1131 1308 1383 1423
1131 1308 2557
1308 1307 2594
1383 1382
1423
2557 2558
1507
1218 1247 1450 1687
1247 1384
1385 1895
1450 1274
1687 1673 1688 1897 2167
1384 1895
1913 1730
1256 1763
1389 1632
1252 1349
1304 1294 1303
1349 1198
1229
1763 1880
1258
1992
1259
1261 1263
1263
1266
1268 1410 1776 2182
1373 1372
1410 2113
1472 2128
1776 1698 1886 1962
2182 2197
1270 1271
1271 1634
1634
1272 1273 1569 1626 1928
1273 1361
1274
1569 1564
1586 1928
1626
1928 2003
1361 1360 1362 1864
1307 1812 2060
1278 1435 1489
1352 1435 1466 2189
1466 1464 1465 1908
1489 1151 1356 2120 2138
2203 2201
1279
1435 1164 2184
2120 1356
1281
1523 1494 1979 2031
1786 1685 1658 2041
1282 1701
1377 1382 1406
1701 1592
2141 1876
1250 1289
1289 1287 1288
1287
1288 1801
1934 1933
1801 1996
1205 1290 1449
1290 1409
1449 1427
2086
1409
1803 1680
1994 1993
1293 1294
1294
1083 1295 1503
1295
1503
1296 1350 1426 1629
1350
1426 1392
1629
1298 1302 1562 1805 2158
1805
1302
1562 2158
2158
1286 1800
1301 1140
1807 1648 1800 2163
1535 1480
1800 1674
1140 1332 1345 1458 1620
1332 1319 1345
1345 1344 2180
1458 1319 1952
1619 1882
1620 1617
1303
1305
1433 1431
1812 1851
2060 2028 2057
2594 2605 2909
1209 1679
1310 1540
1316 1817
1814 1920
2138
2185 2198
1679 1589
1540
1089 1311 1556
1311 1312 2036 2191 2192
1556 1104
1312
2036
2191 2077 2192
2192 2171 2172
1443
1315 1816
1912 1219
1816 1789 1672
1817 2149 2150
1406 1405
1819 1561
1318 1319
1319
1324
1374
2097 1600 2065
2098 1600 1861 1945
1157 1736 1749
1736 1513
1749 1822 1885
1325 1822 1881
1327
1328
1579 1112 1657
1580
1821 1923
1822
1881 1571
1080 1559
1559 1529
1333 1631 2016
1369 1368
1391 1390
1396 1395
1502 1380 1999
1515 1394 1818
1631
2016
1151 1335 1356
1335 1356 1558
1356 1558 2007
1473 2131
1558
1336 1337
1337 1663 1997
1663 1628
1997 1729
1831 1838 2155
1339 1341 1462
1341 1448
1462
1448
1342 1427 1508 1860
1427
1508 1876
1860
1344
2180 1172 2181
1761 1999
1198
2189 1164
1354
1859
2007 1706
1719 1849
1867 1587
2044 2045
1360 1363 1775 1929 1950
1362
1487 1173
1864
1363
1775 1950
1929 1682 1938
1950 1564 1897
1919
1500
1388 1399
1400 1852
1368 1903
1903 1990
1975
1370
1445
1538
1539
1372
1375 1376
1376
1382 1381
1378 1593
1593
2104
1381 1397
1397 1393
1895 1894
1399
1632
1390 1439
1439 1440 1516 1526 1884
1395
1393 1404
1404
1852 1066
1485
1153 1405 1730
1405
1730
1219 1417 1689 1767
1417
1689 1563 1642 1714 1857
1767 1766
1470 2112
2113 2110 1732
1321 1412 1522 2156
1412 1411
1522 1844
2156
1411
2193 1527
1134 1610
1610
1414
1415 1844
1920
1844
1921 1716 1711
1455 1456 1457 1598
1828 2006
1923
1963 1962
1421
1924 1885
1392
1428
2069 1066
1430 1431 1974
1431
1974
1930 1591 1638 1721 2196
1164 1865 2184
1865 1753
2184
1811 1440
1440 1320
1516 1366 1925 2027
1526 1284 1926
1884
1320
1527
1185
1537 1494
1548
1987
2077
1347 1842
1842 2070 2079 2122
2118 1850
2119 1850 1922 2054
1456
1457
1598 1597 1686
1952 1836
1104 1460 1717 1753 2061 2121
1460 2074 2081 2095 2105 2108 2123 2144
1717 2136
1753
2061 2107
2121 2137
2072 2073
2074 2101
2081 2055
2095 2079
2105 2107
2108 2073
2123 2134
2144
2124
2125
1953 2056 2140 2143 2187
1464
1465
1908
1173 1649
1468 1748 1954
1649 1752 1954 2068
1748 1747
1954 1614 1883
2188
2112 2164
2173
2128 1873
2129 2089
2131
1284 1835
1475
2042 1765
1835
1477
2050
1479 1480
1480
2157 1614 1752 1887 2103
1366
1621
1760 1611 1898
1984
1492 1565 1710 1986
1565 1745
1710 1830
1986 1982
2010 1973 2005
1380 1893
1999 1868 1917 1943 2026
1893 1917
1245
1514
1818
2202 2204
1876
1509
1980 1408
1513 2022
2020 1827 2019 2046 2047
2022
1394
1925
2027 1940
1519
1520 1588
1588 1587
1494 1988
1979
2031 1815 1697 2175
1988
1949 1186
1926 1940
1529
1694
1695 1967
1762 1255
2126 1968
1533
1644 1751 1909
1938
1115 1543 1603
1543 1611
1603 1686
1611
1544 1547 1832
1547 1595 1708 1733 1744
1832
1595
1638
1708 1795
1733 2052
1744 1870
1071 1553 1615
1553 1546
1615 1659
2028
1546 1888
1888
1653 1742 1790 2038 2039
1670 1685
1720
1740 1572
1839 1808 1840
1890 1668
1957
2142 2093
1781 1612
1555 1561
1561
1841 1703
1745 1585
1567
1568
1564
1255 1570 1798
1570 1618
1798
1618
1574 2115
2053 2196
2099 1623 1838
2115 1623
1545 1575
1575 1685
2040 2039
1685 1572 1878 1915
1946 2033
1112 1581
1581 1582
1657
1582 1764
1764
1599 1589 2012
1855 1951 2000
1856 1951
1951 2012
2000 1589
2012
1702 2003 2167
1587
1511 2019
2019 1707 1965
1597
1686
1589 2150
2150 2149
1600 1601 1922
1601 1838 1972
1922 2151
1838
1972 2133
1699 1643
1820 1661 2043
2043
2065
2148 1945
1612 1613
1613 1847
1627 1664
1847 1757 1806
1659 1826
1882 1757
1617 1700
1700
1550 1931
1591
1623 1662 2014
1692 1869
1931
1662 1661 1722 2067
2014
2004 2075
2003
1664 2163
1729
1751
1909 1757
1578 1645 1985
1645 1606
1985 2078 2161
1606
1916
1604 1648 1773 1823
1648
1773 1607
1823 1964
1752
2068
1742 1743 2162
1790 1754
2038 1596 2078
2039 1862
1614 1654
1654 1883
1883 1846
1826
1661
1722 1721
2067 1643 1871
1850
1628
2163
1667 1635
1635 1703
1703 1780
1669 1754
1754 1833
1607
1674
1676 1906
1906 1941
1572
1878 1772
1915
1673 1897
1688
1897 1655 1656
2167
1563 1787 1857
1642 1804
1714 1739
1857
1787 1896
1804 1640
1583 1691
1691 1690 1918
1918
2087 1756
1690 1861
1861
1869 2106
1967
1643
1592 2048
2048
1780 1947
1675 1706
1706
1795 1724 1651 1796 1976
1797 1651
1870
2100
1830 1130
1557 1712 1846
1712 1904
1846
1904 1747
1843 1981
1739 1785
1590 1854
1716 1889
1854 1889
1889
2136
1849
1585 1721
1721
1704 1724 1976
1724
1976
1945 2089 2114
2080 1927
1755 1756
1977 1927 2051
1778 1683
1571
2052 1772
1680 1734
1734 1758 1802 2051
1758
1802 2001
2051
1181 1735 2164
1735 1358
2164
1358 1765
1765
1636 1738 1824
1738 1637 1737
1824
1637
1737
1785 1910
1743 1741
2162 2160 2152
1741 1793 2025
1793 1791 1792 2025
2025 2024
1747 2008 2183
2008
2183 2178
1885
1833 1769
1756
1782 1759 1549 2011
1652 1759 1879
1759
1879 1993
1898 2088
2088
1880
1640 1766
1766
1658 1771
1771 1899
1899 1958 1960
1698
1886
1962 2029
1982
1683
1551 1779 1993
1779 1848
1993
1848 1633
1947
1549 2110
2110
2011 1813
1437 1935
1783 1900
1935 1933
1900 1901
1910
1907 1693
2041 2032
1896 1711
1650 1788
1788
1671 1789 2013
1789
2013
1791
1792
1796
1651
1408
1983 1968
1264
1996 2049
2001 1602 2114
1668 1808
1808
1851
1633 1813 1964
1813
1964
1672
2149
1120
1660 1827
1827 2046
2046 2047
2006
1707 1829
1829 2034
2034 1965
1130
2155 2102
1769 2032
2032 2033
1616 1834
1834 1682
1682
1114 1837
1837 2049
1932 1944
2049
1840 1768
1768
2070 2101
2079
2122 2101
1981
1757
1806
1066 1901
1901
1693 1858
1858 2023
2023 1815
1665 1862
1862
1933 1944 2116
2106 2058 2154
1871 1872
1872
1873
1681 1875
1875
1772
2047
1917 1868
2030 1943
1894 1936
1936 1937
1711
1655
1656
1958
1960
1990 2026
1941
1978 2175
1639 1911
1911
1868
2151 1602 2054
1940 1939
2177 2178
2196
1944
2116
1937
1939
2089 2054
2114
2033
1186 2075
2075
1836
2056 2084
2137 2082 2140
2140 2066
2143 2085
2186 2066
2187 2066
1718
1596
1715 1961 2111
1961 2029 2117
2111
2029
2117 1732
1965 1966
1966
1970 1608
1608 1998
1998
1991
2133 2146 2154
1927
2175 2174
1968
2078
2161
2026
1943
1602 2130
2130 2153
1973 2009
2009
2005
2127 2102
2018
1815
2024
1697
2045
2084 2083 2085
2057 2059
2059
2107
2101 2073
2165
2166
2073
2055
2082 2083 2085
2083 2094
2085
2094
2054
2190 2168
2058
2154
1732
2134 2090
2102
2146 2147
2153
2145 1887 2132
2090
2066
2093
1887
2103
2132
2147
2169
2170
2160
2152
2174
2178
1172
2181
2197
2198
2168
2171
2172
2199 2204
2200 2201
2204
2201
2205 2210 2211
2210
2211 2212
2212
2221 2222 2261 2295 2376 2403 2405
2222 2224 2321 2418
2232 2405
2261
2295
2376 2356 2403
2402 2356
2403
2405 2330
2224 2321
2229 2220
2321 2314 2320 2319 2322 2323 2324
2418 2384 2385
2235 2262 2298 2369 2383
2383 2309 2328
2350 2349
2226 2228
2228 2234
2234 2360
2220
2227 2230 2359
2230 2263
2359 2314
2263 2306 2357
2317 2316 2370
2347 2218
2357 2215 2337
2360 2362
2262 2258 2259 2260 2298 2364
2298 2296 2297 2343 2369
2309 2388
2328 2327 2329
2369 2368
2236 2238
2238 2237 2291 2368 2396
2237
2291 2315
2368 2290 2377 2389
2396 2214
2241 2242 4507
2242 2249 2310
4507 4469 4535
4631 4536
2249 2248 2251 2252 2253 2370 2412 4573 4652
2310 2305
2355 2387 2411 4634
2208 2244 2390
2244 2219 2332
2390 2395
2219 2332 2373 2397
2332 2373 2389
2373
2397 2398 2399 2400
2248 2250 4535 4536
2251
2252
2253 2311
2370 2216
2412 2209
4573 4572 4574 4652
4652 4474 4552 4651
2250
4535 4534
4536
2311 2346
2247 2256 2386
2256 2303
2386 2378 2408
2303 2348 2408
2258
2259
2260
2364 2363
2306 2265
2267 2269 2270 2333 2381
2268 2271 2382 2416
2269
2270
2333 2381
2381 2382
2271
2382 2294 2289 2341 2206 2353 2384 2395 2398 2419
2416 2415
2266
2272 2334
2334 2287
2273 2275
2275 2274
2274 2372 2407
2372 2301
2407 2257 2299 2300
2276 2277 2290 2389
2277
2290 2292 2377
2389
2254 2281 2379
2281 2336
2379 2378
2336 2338 2367
2257
2264 2286
2284 2280
2302 2354
2304 790 2354
2375 2374
2286 2285
2280
2239 2285 2313
2285 2331 2392
2313
2331 2392
2392 2394
2217 2288
2288 2316
2345 2346
2316
2292 2255
2377
2315 2245
2255 2327
2327 2318 2329 2352 2380 2420
2296
2297
2343
2299
2300
2354
2348
2408
790
2233 2305 2361 2409
2305
2361 2279
2409 2410 4552 4632 4649 4749 4753
2265 4854
4854 4853 4897
2330
2246 2308 2388 2420
2308 2388 2415
2388 2352 2339
2420
2415
2346 2218
4837 4832 4836
2225 2314 2404
2314
2404 2337
2245 2421
2421 2422
2278 2320 2371
2320
2371 2335 2358
2319
2322
2323
2324
2366 2240
2240 2325
2325 2243 2406
2243 2335
2358
2406 2349
2335 2349
2318
2329 2326
2352
2380
2326
2294
2287 2387
2387 2216 4660
2349
2338
2367 2293
2374 2378
2289 2341
2341
2218
2293
2411
4634 4683
2215
2337
2362 2363
2279
2363 2340 2342 2365
2340 2401
2401
2342 4035
2365 4859
4035
4859 4856 4857 4860
2216
2301
2378
2356
2206
2353
2384
2385
2395
2398
2419 2339
4660 4506 4688
2339
2394 2391
2391
2214 4897
4897 4836 4828
4849 4836
2399
2400
2410
4552 4627 4719
4632 4743
4649 4627 4739 4753
4749 4726 4754 4784
4753 4754
2209 4743
4743
4695 4694 4693 4927
2422
2424 2425
2425 2459
2459 2458 2558 2591 2593 2599
2519 2475 2508 2516 2558 2602
490 2426 2542 2543 2548 2680 2799 2832 2834 2835 2949
2426 2655
2542 2533 2728 2765 2835 2836 2952 3068 3112 3174 3207
2543 2464 2486 2528 2832 4219
2548 2485 2537 2546 2547 2847 2848 3055
2680 2679 2984
2799 2664 2665 2800 2946 2947
2832 2833
2834 2829
2835 2830
2836 2831
2949 2950
2485 2496 2561 2741 2743 2764 2958
2655 2766 2825 3176
2431 2432 2816
2432 2590
2816
2590 2461 2912
2434 2436 2471 2524 2588 2619 2623 2662 2668 2698 2701 2702
2436 2672
2471 2470 2966
2524 2813
2588 2493 2577 2587
2619 2966 2976
2623 2979
2624 2608 2980
2662 2668 2684 2705 2813 2819 2837 2944 2959 2969 3200
2668 2663
2698 2699
2701 2536
2702 2622 3067
2586 2461 2489 2578 2585 2604 2911
2672 2673 2674
2437 2439
2439 2438 2449 2596 2631 2633 2639 2682 2683 2885 2991
2438
2449 2687 3189
2529 2554 2874 3186
2596 2554 2469 2584 2918 2927 2928 2934
2631 2634 3283
2633 3187
2639 2469
2682
2683
2885 2887
2991 2463 3196
2441 2443
2443 2442 2521 2616
2442
2521 2489 2559 2641 3233
2616 2509 2615 3266
2627 2493 2509 2559 2625 2626
2457 2458 2793 2930 3004 3011
2793 3012
2814 2967 2977 2983 3012
2967 2781 2968 3011
2687 2758 3050 3098 3099
3189 3182
2450 2451 2576 2717 2719 3043
2451
2576 2989 3043 3205 3277
2717 2585 2465 2466 2467 2719 2720 4022 4023
2719
3043
2453 2454
2454 2560 2697
2560 2604
2697 2881 3093 3134 3190 3270
2458 2456 2487 2525 2593 2617 2677 2703
2930
3004 2671 2780 3125
3011 2780
2456 2617 2709
2617 2525 2429 2614 2637 2886 2973 2974
2709 2455 2700
2487 2632
2525
2593 2569 2572 2704 2909
2677 2565 2676
2703 2696 2745 2787 3012
2558 2475
2591 2475 2480
2599 2598
2460 2461
2461
2462 2463
2463 2654
2654 2607 3019
2470
2966 2640
2474 2475 2476 2477 2483 2552 2559 2642
2475 2503
2476 2473 3217
2477 2473 3218
2483 2559 3219
2552 2502 3292
2559 2446 3242 3243
2642
2503 2502 2611
2473 2645
2645 2501 2647 2648 3239 3240
3217 3218
3218
2479 2480 2481 2555
2480 2482
2481
2555
2482
3219 3272
2496 2766
2561 2550 2452 2494 2826 2883 2900
2741 2739 2742
2743 2486 2744
2764 3017
2958
2464 2486 2712 2713
2486 2528
2712
2713
2528 2549 2606 2612
2632 3204
2428 2489 2656
2489 2583 3060 3115
2656 2669 3155
2488 2989 3214
2583 2541 2582
3060 2608
3115 2603
2989
3214 3252
3252
2435 2490 2638 2670
2490 2495 2498 2730 2948 3017
2638 2635
2670 2795 3008 3221
2495 2761 2762 2763
2498 2513 2729 2769
2730 2427 2732
2948
3017 2534 2494 2826
2472 2493 3216
2493 2492 3014 3016 3224 3225
3216
2492 2643 2646
3014 2577 3013
3016 2502 3015
3224
3225
2643 2501 2644 3212
2646 3254
2761
2762
2763
2766 2740 3100
2513 2795
2729 2427 2731
2769 2497 2770
2446 2502 3206
2502 3226 3227
3206
2501
3226
3227
2611 2607 2523 2612 3288 3289
2484 2736 3090 3091
2505 2522 2783 2785 3049
2736 2737 2738 3010
3090 2688 3101
3091 2689 3102
2522 2614 2806 2807 3045 3047
2783 2784 2785 3076
2785
3049 2601 3027
2507 2508
2508 2613
2613
2509 2510 2511
2510
2511
2795 2760
2514 2515 2595
2515 2810 3036 3231
2595 2520 2533 2430 2497 3005 3157 3179
2810 2478 2706 2864 3036
3036
3231
2516 2517 2518
2517
2518
2602
2641 2577 3208
3233
2601 2936 2964
2614 2970
2806 3010
2807 3168
3045 3044
3047 2931 3046
2813 2903 2976 3116
2468 2527 2718
2527 2600 2789 2804 2815
2718
2600 2933
2789 2620
2804 2805
2815 2878 3106 3142 3198
2549 2539 2551 2855 2856
2606 2539 2605 2607 2612 2618 2960
2612 2532
2554 2545 2608 2870 2871 2872
2874 2553 2875 2917 3186
2917 3186
3186 3065 3185 3202
2500 2530 2579 2775 2776 3113 3271
2530 2531 2579 2792 2916 3181
2579 2580 3113
2775
2776
3113
3271
2531 2636 2725 2726
2792 2791 2916
2916 2657 2918 2926
2918 2657 2908 2926 2927 2928 3181
3181
2636
2725 2726 3061
2726 3061
2520 2533 3005
2533 2765 2821 2823 3005 3112
3005 3008 3056 3157 3221
2534 2564 2659 2821 2823
2765 3112
2821 2822
2823 2824
3112
3179
2564 2658 2892
2659 2759
2535 2536
2536 2629
2629 2986 2987
2499 2538 2544 3078
2538 2544 2550 2551 2920 3123 3124
2544 2791 2843 2844 2920 2923
3078
2539
2550 2551 2849 2853 2854
2551 2452 2852
2920
3123 3128
3124 3128
2728 2952 3062
2952 2820 2825 2865 3035 3265
2997 2798 2800 2951 3211
3068
3174 2932 3020 3160 3194
3207
4219 4218
2791 2923
2843 2553 2809 3096
2844
2923 2913
2429 2545
2545 2592 2637 2860 2862 3154
2448 2597
2592 2575
2637
2858 2846 2859
2860 2846 2861
2862 2863
3154 2575
2597 2575
2537 2841 3055
2546
2547
2847 2932
2848
3055
2841 2932 2935
2855
2856
2849 2851
2850 2851
2853
2854
2452 2694
2694 2921 3021 3022 3029
2852 2851 3126 3130 3156 3275 3276 3278
3292
2575 2574 2581 2733 2794 2904 2905 2907 2964
2608 2584 2607 2603 2651 2790 2960
2870 2876
2871 2553 2877
2872 2553 2873
3187 3184
2532
3242
3243
2604 2504 2609 2955 2956
2882 2881
2494 2760
2826
2883 2740 2760 2878 2900 3041 3153
2900 2901
2760 2740 2652 2840 2878 3041
133
4129 2440 4323 4324
4445 22
2658 2667
2892
2566 2567
2567 2941
2941 2565 3170
2574 2692 2812 2906 2936 2972 3097 3281
2581
2733 2607 3064
2794 2607 3108
2904
2905
2907
2964 3066
2692 2936 2972 3145 3180 3262
2812
2906
2936 2972 3033 3034 3173 3241
2972
3097 3281
3281 3282
3205 3277
3277
2433 2578 2661
2578 2902
2661
2902
2580
2541 2828
2582
2828 2827 2540
2585 2674 2710 2720 2722 2880 2889 2911 3158 3199 3215
2911
2674 2710 2890 3215
2710 3199 3215
2720
2722 2757 2889 2973
2880 2889 2998 3095 3197
2889 2757
3095
3158
3199
3215
2577 3247 3248
2587
3247 3007
3248
2912
2569 2666 2895
2572 2898 2899
2704 2896 3103
2909 2910
2666 2788
2895 2568
2898 2571
2899 2573
2605 2953
2430
2497 2767 3172
3157
2767 2768
3172
2469
2584 2908
2927 3163
2928 3164
2934
2723 2721 2846
2908 2657 3096
2598
2933
2445 2685 2708
2685 2444 2686
2708
2504 2609 2782
2609 2963
2953 2954
2955 2957
2956 2444 3094
2782
2618 2974
2607 2959 3188
2960 2961
2959 2819 2866 3063 3109 3148 3161
3188 2653 3183
2603 2943
2651 3114
2790 2563
2943 2980
2963 2962
2523
3288 2650 3290
3289 2650 3291
2970 3132
2615
3266 3229 3234 3251
2886 2888
2973 3052
2974 2975
2976 2867
2563 2620 3146 3147
2620 2978
3146 2884
3147 2884
2978 2971 3191 3192
2556 2621 4099 4317
2621 4172 4265 4317
4099 4084 4110
4317 4101 4128 4174 4186 4221
4172 4162 4087 4115 4193 4194 4218
4265 4250
2506 2622 2777 2802
2622 2993
2777
2802
2993 3118 3119
2979 2695 3054
2980
2625
2626
2986 2878 3107 3153
2987
2634
3283
3204
2635
2610 2640
2640 2965
2965 2915
3208
2644 2648 3236 3237
3212
2648 2649 3261
3236
3237
2647 2649 3255 3256 3257 3258 3259 3260
3239
3240
3254
2649 3273 3274
3255
3256
3257
3258
3259
3260
3261
3273
3274
3114
3019
2740 2739 2932 3041 3042
2825 2820 2865 3177 3178
3176
3178
2669
3155
2667
2759 2491
2684
2705
2819 2837 2866 2944 3131 3200
2837 2691 2944 2969 3104 3131
2944 2945 3131
2969
3104
3200
2788
2663
3008 3209 3221 3269
3221
2673
2890
2565 2817 2894
2676
2817 2818
2894 2893
2679
2984 2985 2990
2444 2681 2707 3094
2681
2707
3094
2686 2778 3003
2778 2842
3003 2774 2981
2758 3099
2846 3018 3173 3213
3050 3098
3098
3099
2690 2691
2691 2891
2891 2942
2942 2678 2714
3145 3180
3180
3262
2657 2693 3077
2693 3077 3171 3286
3077
3171 3286
3286 3285
2921
3021
3022
3029
2881 2879 3117 3190
3093
3133 3134 3270
3134 3270
3190
3270
2699
3067
2696 2787
2745 3012
2787 2786 2977 3267
3012
2896 2570 2897
3103
2455 2838 3105 3228
2838 2724 2779 2839 2857 3228
3105 2724 3039
3228
2700 3268
3268
2678 2714
2714
2465 2716 2939 3244 3279
2716 3244 3279
2939 3169 3223 4024
3244
3279
2466
2467
4022 4034
4023
2553 2721 2801 2845 2922 2971 2995 2999 3128 3149
2721
2801 2922 2995
2809
2845 2971
2922 3051
2971 2715 2811
2995
2999
3096
3128 3092 3030 3059 3129 3149 3284
3141 3284
3149
3284 3030 3129
2757
3061
3062
3265
2427
2731
2732
3064
2737 2738 2779 3193
2738 2734
3010 3238
2779 2724 2839 2857
3193
2734
2739
2932 2935 3020 3041 3042
3041 3037 3042
3042
2742
2744
2724 2755 2756 2839 2857
2755
2756 2857
2839 3152 3250
2857 3080
2491
2652
2840 2706 2878 3025
2878 3153 3198
3100
2768
2770
2771 2772 2780 2781
2772
2780 2671 2781
2781 2727 2968 3001 3009
2842 2808 2940 2981 3195
2671 2796 3001 3026 3143
2796 3026 3110
3001 3002 3143
3026
3143
2727 3009 3287
3009 3165 3264
3287
2968
2784
3076
2786
2977 2983 3203 3267
3267
3108
3110
3152 3250
2797 2798 2800 3175
2798 2800 2820 3150 3211 3222 3253
2800 2820 3150 3151 3211 3222 3253
3175
2820 2865
3150
3211
3222
3253
2664
2665
2946
2947
3151
2805
3238
3168
2478 2864
2864 3028 3120 3122
2706
2715 2811 3057
2811
3057
2903
3079 3116
3116
2983 3232 3235
3106
3142
3198
2818
2866
3131
2865
2822
2824
3177
2735 2827
2827
2540
2833
2829
2830
2831
3250
3025
2935
2808
2940
2981 2774
3195
3018 3173 3213
3173 3213
3213
2851 2914 3038 3126 3130 3156 3276
2914 2675 3038 3156 3276 3280
2937 2924 2938 3156
3038 3276
3126
3130
3156 3139
3276 3275
3275
3278
3080
2859
2861
2863
3028 3122
3120
3122 3249
2876
2877
2873
2875
3153
2998 3230
3197 2992 3053 3162 3230
3230
2879 3111 3117
3111 3117
3117 3144 3246
2887
2888
2893 2996 3000 3245
2996
3000
3245
2568
2570
2897 3023
3023
2571
2573
2901
2910
2675
3280
2926 2929
3051
2913
2924 2925 2938
2925
2938 2994 3140
2929
3163
3164
3020
3033 3034
3034
3241
2994
3140
3169
3223
4024 4026
3170
2945
2950
3035
2954
2957 2711 3263
2711 3210 3220
3210
3220
3263
3063 3109 3148
3109 3148
3121 3161
3148
3161
2961
2962
3066
2915 3138
3138
3132
3052
2975
2867
3203
3191
3192
2695
3054
2774
2628 2982 2990
2982 2803
2990 2988
2803
3232 3235
3235
2985
3107
2988
3196
3118 3119
3119
2951
3002 2773
2773
3125
3056
3006 3007
3007
3209 3269
3269
3165
3264
3013
3015
2660 3024 3201
3024 3071
3201 3071
3071 3086 3137
2653 3040
3040
3037
3044 3075 3137
3075 3074 3088
3137 3136
2931
3046 3073 3135
3073 3070 3072
3135 2868
3027 3048
3048
2884 3058
3058
3069 3070 3084 3167
3070 3089
3084 2749
3167 2919
3089 2754
3086 2751
3072 3081 3166
3081 2746
3166
3074 3083 3085
3088 2753
3083 2748
3085 2750
2746
2747 3082
3082 3101
3101 3031
2748
2749
2750
2751
2752 3087
3087 3102
3102 3032
2753
2754
2688
2689
3031
3032
3039
3144 3246
3246
3249
3092 3127
3127 3129
3129 3059
3030
3059
2868
2869 3136
3136
3139
3065 3202
3159 3202
3202
2919
3160
3194
3185
3184
3183
3182
2992
3053
3162
3272 2630
2512 3229
3229
2526 3234
3234 3251
3251 2589
2589
2630
3282
3285
2650
3290
3291
3294 3295 3334 3388 3552
3295 3314 4861
3334 3629 4759
3388
3552 3692
3314 3299 3313
4861 4537 4867
3296 3297 3433 3506 3568
3297 3310 3326
3325 3572
3433 3657
3506 3505 3616
3568 3577
3310 3309 3333 3357 3460 3477 3478
3326
3333 3332 4876
3298 3299 3538
3299 3329 3440 3441 3558
3538 3537 3741
3329 3365 3466 3472 3498 3558 3582 3586 3587
3440
3441
3558
3309 3464 3465 3645
3357 3356
3460
3477
3478
3484 3312 3485 3684
3464 3463
3465 3462 3459
3645 3644 3722
3311 3312 3455
3312 3321 3336 3351 3359 3593 3632 3697
3455 3621
3321 3328 3471 3698
3336 3317 3335 3351 4655
3351 3598 3671 3673 3674 3689 3702
3359 3358 3725
3593 3293
3632
3697 3331 3696
3313 3693
3435 3331
3693 3597
3316 3317 3366 3483 3536 3557 3620
3317 3352 3392 3393 3421 3724
3366
3483 3739
3536 3482 3703
3557 3521
3620 3467
3352 3361 3362 3365 3612 3652 4582
3392
3393
3421
3724 3540
3328 3327 3561 3742
3471 3598
3698
3322 3454 3668 4830
3323 3345
3454 3453 4845
3668 3745
4830 4831 4845
3331 3330 4603 4831
3345 3403 3622 4888
3572 3589 3657
3576 3577 3578 3718 3731
3327 3713 3740
3561
3742 3515
3713 3711
3740 3382 3443
3365 3716
3466
3472 3344
3498 3515 3627
3582 3612
3586 1
3587 1
3330 3580 3705
4603
4831 4899
3580 3308 3389
3581 3654
3705 3619 3704
3332 3722
4876 3342 4483 4875 4883
3616
3722 3356 3631 3683 3633 3721
3629 3741
4759 4525
3335
4655 4479 4481 4608 4656
3324 3342 3564
3342 3340 3341 3413
3564 3512 3434 3563 3655
3340
3341 3529 4875
3413 3684
3529 3434
4875 3369
3307 3344 3470 3540 3627
3344 3647 3648
3420 3532
3469 3468
3470 3468
3540
3627 3419
3652
3647 3343
3648
3403 3747
3622 3301
4888 4886 4889
3347 3348 3349 3661 3678 3729
3348 4883
3349 3663
3402 3401
3661 3609 3682 3743
3678 3641
3729 3728
4883
3337 3429 3628 3672 4865
3429 3428 3619
3628 3599
3672 3302
4865 4923
3663 3651
3598
3671
3673
3674
3689
3702 3670
3361 4678
3362 4476
3612 3548
4582 4492 4581
3315 3355 3610 3625 3656
3355 3354 3432 3437 3569 3601 3638 3714 3715
3610 3431
3625 3583 3398
3656 3639 3396 3397
3354
3432 3376 3695
3437 3665
3569 3588
3601 3570
3638 3343
3714
3715
3716
3356 3590 3683 3723
3590 3439 3624
3683 3633 3685
3723 3685
3358 3395 3725 3726 3727
3725
3395
3726 3585 3594 3664
3727 3491 3595
3320 3360 3542 3546 3547 3607
3360 3346 3730 4677
3542 3562 3717
3546
3547
3607 3736
3346 3709
3730
4677 4560 4678 4684
3709 3394
4678 4476
4476 4474 4477 4628 4662
3367 3368
3368 3369 3370
3369
3370 3523
3523 3623
3378 3379 3380 4478
3379
3380
4478 4479 4485
3400 3401 3534 3609
3401 3554 3686
3534
3609 3555
3554
3686 3658
3747 3748
3748
3406 3410
3410 3407 3411 3666 3677 3712
3407
3411 3293 3408 3409 3519 3676
3666 3518
3677 3319
3712 3711
3293 3488
3488
3408
3409
3517 3520 3584
3519
3676 3418
3684
3416 3417 3430 3431
3417 3431
3430
3431 3373 3374 3375 3695
3319 3418 3573 3574
3418 3565
3497 3452 3499 3500 3501 3525 3626
3573
3574 3343
3565 3399 3675
3532 3670
3353 3423 3486 3563 3655
3423 3425 3426
3486 3485 3487 3560 3733
3563 3511
3655
3425
3426 3424 3733
3424
3600 3738
3733
3428
3619
3373
3374
3375
3695 3694
3376
3657
3665 3526
3442 3444 3614
3444
3614 3468
3386 3445
3445 3447 3448 3737
3447
3448
3737 3446 3489 3720
3300 3446
3446 3301
3301 3708
3708 3556 3707
3302 3450 3631
3450
3631 3630
3453 3646
4845
3646
3621 3732
3404 3456 3682
3456 3457 3458
3682
3457
3458
3461 3462
3462 3463
3463
3459
3306 3467
3467 3468 3502 3503 3527
3468 3303 3304 3305 3412 3415 3479 3526 3591 3613
3502 3414
3503
3527 3438
3303
3304
3305
3412 3626
3415 3659
3479
3526
3591 3384 3615
3592 3662
3613 3662
3626
3659 3343
3318 3473 4864
3473 3544
4864 4879 4887
3544 3556
3308 3474 3596 3654 3692
3474
3596 3597
3654 3539
3692 3691
3363 3475 4509
3475
4509 4489 4664
3377 3480
3480 3481 3699
3481
3699 3675
3739 3522
3485 3436 3567
3436 3567
3567 3371
3487 3679
3560 3512
3679 3680 3681
3490 3491
3491 3675
3675 3553 3399
3493 3496 3499 3500
3496
3499 3494
3500 3495
3452
3501 3494 3495
3525 3524 3637
3515
3494 3734
3734
3495 3735
3735
3414 3551
3551 3514
3550 3514
3505
3507 3510
3510 3512
3512 3511
3509 3511
3511 3513 3738
3513 3508
3738
3508
3371 3516 3608
3516
3608 3427
3520
3584 3585
3623 3427
3524
3637 1 3636
3438
3588
3422 3528 3553
3528
3553 1
3434
3530 3531 3703
3531
3703
3670
3482
3537 3746
3741
3746
3562 3383 3744
3717 3535
3556
3449 3545 3710
3545 3617 3618
3710 3476
3489
3617
3618 3649
3514 3700 3701
3700 3350
3701 3350
1
3651 3650
3521
3383
3744
3399
3577
3731
3522 3571
3571
3589 3575
3343 3583 3639
3583 2
3639
3578
3718
3364 3579 4570
3579 3559
4570 4571 4614 4621 4761
3559
3389
2
3585
3575
3439
3624
3384
3615 3451
3662
3597
3570
3541 3604 3653 3667
3604 3611
3653
3667 3745
3611
3555 3605
3605 3603 3606
3603 3660
3606
3660
3736
3427
3669 3649
3548
3451
3649 4885
3732 3504
3398
3419
3599 3719
3719 3566 3602
3630
3338 3634
3634 3635
3635 3721
3721
3636
3640 3641
3641
3339 3643
3643 4628
4628 4571 4662
3644
4885 4874 4877 3642 4886
3492 3650
3650
3539
3396
3397
3405 3658
3658
3743
3518
3745
3350 3688
3688
3680
3681
3633
3685
3390 3690
3690 3691
3691
3391 3694
3694
3504 3696
3696
3704
3533 3706
3706 3549 3707
3549
3707
3394
3476
3711
3535
3566
3602
3594
3664
3595
3687 3728
3728
3720
3382
3443
3753 3755 3774
3754 3784
3755 3778
3774 3797 3863
3784 3761 3785 3797
3778 3749 3943
3756 3757
3757 3930 3931
3792 3758 3775 3791 3922
3930 3809 3931
3931
3758 3759 3883
3759
3883 3910
3760 3761
3761 3788
3788 3762 3895 3935
3750 3762 3767 3793
3762 3751 3764 3926 3932 3935
3767 3838
3793 3751 3794 3904
3751
3764
3926
3932 3749
3935
3763 3765 3766 3789 3946 4199
3765
3766 3801 3938
3789 3787 3895
3946
4199 3785 3905 4197 4198 4202
3801 3918
3838 3806 3813 3768 3839 3840 3844 3906
3938 3803 3892
3782 3870
3771 3772 3783 3825 3847
3772
3783 3785 3836 3841 3868
3825 3824 3903
3847 3846 3859
3752 3773 3804 3936
3773 3795
3804 3802 3928
3936 3802
3795 3802
3797 3776 3777 3796 3800 3937
3863 3834 3851 3805 3826 3907
3775 3776 3777 3809 3921 3922
3776
3777
3809 3857 3921 3945
3921
3922
3749
3943 3768 3942
3779 3816 3851 3855 3871 3893
3780
3785 3787 3798 3905
3798 3939 3940 3941
3870 3869
3816 3817
3851 3850
3855 3834 3912
3871 3915 3916
3893 3823
3790 3937
3836 3907 3918
3841
3842 3824
3868 3859
3879 3834
3787 3786
3905 3904
3786 3857 3886 3891 3896
3857
3886
3891 3902
3896 3820
3895 3830 3837 3872 3867 3900 3919 3920 3927
3937
3791
3822 3823 3881
3794
3904 3865 3866 3878 3884 3885 3894
3802 3803 3928
3796 3799 3854 3876 3877 3887 3916 3934
3800
3799
3854 3888
3876 3877
3877 3916
3887 3890
3916 3881 3917
3934
3939
3940
3941
3918 3826 3898 3911 3933
3803
3928
3944 3827
3806 3807
3807 3844 3901
3844 3843
3901 3862 3925
3945
3810 3811 3821
3811 3864
3821 3815
3831 3814 3849
3864 3805
3812 3813 3843 3898
3813
3843 3840
3898 3897
3817 3889
3889
3890 3909
3815 3819 3849
3819
3849
3823 3912 3913
3881 3882
3912
3913
3824
3903 3874 3860 3927
3827 3828 3856
3828
3856 3853
3829 3830 3837 3900
3830
3837
3900 3899
3832 3833
3814 3908
3908 3826 3925
3833 3919
3919
3834 3835 3850
3835
3850
3907
3768
3839 3923
3840
3862
3906 3866
3923 3897 3924
3846
3859 3858
3852 3853
3853 3861
3861 3914
3888 3909
3858
3914 3885
3805
3826
3865 3866
3866
3869
3915
3845 3873
3872 3867 3911
3873 3874 3929
3867
3911
3874
3929
3808 3875 3894
3875 3878 3892
3894
3878
3892
3818 3880
3880 3925
3925
3882 3917
3917 3910
3910
3884 3885
3885
3909
3902 3860
3848 3920 3927
3920
3927
3820
3897 3933
3933
3899
3860
3924
3942
3949 3950 3998
3950 3975
3998 4050
3975 3951 3994
3948 3956 3978 4012
3956
3978 3979
4012 3992 4028
3957 3965 3979 3989 4008 4031
3963 3999
3965 3964 4002
3979 3959 3976 3977 3980 4020 4027
3989
4008 3959
4031 4029 4030
3958 3959 3999 4016
3959 3997 4011
3999
4016 3996
3997 3996
4011 4017
3960 3962 4034
3962 4004
4034 4003 4033 4057
3961 4045
4004 4036
4047 4002 4010 4080
4045 4044 4046
3964
4002 4020
3954 3966 3995 4062 4064
3966 3985 4041
3995 3973 4065
4062 4061
4064
3985 3984 3986
4041 4030 4040 4042 4043
4063 4060
3955 3969 4055 4056
3969 3967 3968 3971
4055 4054
4056 4007
3967
3968
3971 4029 4072
3970 3972
4029 4000 4028 4032 4080
4072 4073
3972 3992 4005
3992 4013 4021
4005 4028
3947 3973
3973 3984
3984
3951 3980
3994 4068
3980
3976
3977
4020 4019
4027
4067 4068
3953 3983 4000
3983 3981 4000
4000 4001
3981
4038 4014 4036 4037 4080
3986 4078
4078 3974 4077
3990 3991 4025
3991 4003
4025 4015
4003
4013
4021
4068
4065 4060 4066
3996
4050 4053
4001 4030
4030 4039
4036 4010 4039 4080
4028
3988 4006 4048
4006 4007
4048
4007
4049 4040
4017
4009 4018 4037 4046 4079
4018 4037
4037
4046
4079 4080
4019
4026 4033
4015 4033 4058
4033 3993
4058 4057
4014
4032
4080
4039
3993
4057
4010
3952 4040
4040
4042
4043
4066
4044
4053 4051
4051 4052
4052 4069 4070
4069 4105
4070
4054
4059 4061
4060 4071
4061
4071
4105 4095 4106
4073 4074 4075 4076
4074
4075
4076
3974
4077
4082 4084
4084 4083 4086 4090
4083
4086 4081 4085 4090 4162
4090 4121 4160 4217
4081
4085
4162 4138 4158 4161 4193
4088 4089 4299
4089 4187 4188
4299 4318 4319
4187 4115 4180 4188 4196 4203 4218
4188 4166 4284
4121 4110 4143 4150 4202
4160 4206 4217 4269
4217 4206
4091 4092
4092 4116 4189 4208
4116
4189 4214
4208 4166
4110 4138 4156 4243
4100 4101 4241 4244 4260
4101 4206 4227
4241
4244
4260
4206 4207
4227
4093 4102 4285
4102 4305 4306
4285 4119
4151 4139 4209 4215
4305 4212 4307
4306
4103 4104 4152 4225
4104
4152 4094 4163 4165
4225
4095
4106 4096 4107 4109 4144 4147
4096
4107 4184
4109 4108
4144 4146
4147 4098 4171 4204
4184 4185
4108
4138 4134 4137 4154 4224
4156 4132 4155
4243 4237
4201 4128 4221
4221 4128 4220 4222
4268
4213 4207
475
4113 4114
4114 4148 4320
4148 2440 4325
4149 4326
4320
4117 4118 4239 4240
4118 4124 4154 4159
4239
4240
4124 4122 4123
4154 4153 4159 4193
4159
4119 4163
4163 4216
4143 4140 4141 4142
4150 4202
4202 4304
4122
4123
4125 4128
4128 4126 4127
4126
4127 4252
4186 4300
4252
2440
4323
4324
4130 4131
4131 4196
4196 4167 4180 4195
4132 4133
4133
4134 4135 4158
4135
4158 4230 4231 4232
4097 4136 4200 4222 4245 4246
4136 4222
4200
4222
4245
4246 4247 4248
4137 4157 4238 4259
4224 4270 4271 4272 4273 4274 4275
4157 4223 4228 4229 4233
4238
4259
4140
4141
4142
4146
4098 4281 4282 4283
4281
4282
4283
4171 4170
4204 4286 4287
4325
4326
4139 4175
4209 4308 4309 4310 4311 4312
4212
4215 4216
4175 4176 4280
4094 4279
4279 4276 4277 4278 4291
4165 4288 4289
4153 4253
4193 4190 4191 4192 4234
4253
4155 4242 4249 4258
4194 4218
4242
4249
4258
4223
4228
4229
4233
4230
4231
4232
4269
4161 4251
4251
4216
4174 4207
4207
4288
4289
4087 4218 4267
4166 4181 4214
4218 4205 4301
4267
4181 4210 4295 4296 4297 4298
4214 4264
4167 4168 4169
4168
4169
4170
4115
4176
4280
4177
4178
4210 4313 4314 4315 4316
4295
4296
4297
4298
4180 4182 4290
4182 4183 4226
4290
4183
4226
4185
4300
4203 4235 4236 4256 4261 4262
4284 4321 4322
4190
4191
4192
4234
4195 4254 4257 4266
4254
4257
4266
4197
4198
4304
4235
4236
4256
4261
4262
4286
4287
4308
4309
4310
4311
4312
4313
4314
4315
4316
4264 4255 4263
4205
4301 4302 4303
4220
4270
4271
4272
4273
4274
4275
4237
4247
4248
4255
4263
4250
4276
4277
4278
4291 4292 4293 4294
4321
4322
4292
4293
4294
4318
4319
4302
4303
4307
4328 4331 4346
4331 4329 4407
4346 4336 4345 4357 4360 4377 4381 4407
4329 4377
4407 4357
4377 4357 4353
4332 4335 4336 4340 4347 4381 4385 4391 4398 4400 4402 4413
4335 4334 4347 4381 4398 4402
4336 4342 4347 4361 4373 4381 4395
4340 4333 4339 4357 4395
4347 4345 4381 4398 4402
4381 4352 4375 4398 4402 4408
4385 4384 4413
4391 4372 4383 4389 4390 4395 4396
4398 4352 4402
4400
4402 4401 4349
4413 4344 4352 4401 4408
4334
4342 4327 4338 4345 4365 4368 4375 4404 4411
4345 4343 4361 4365 4373 4395 4406 4409 4419
4361 4343 4372 4373 4406 4418 4419
4373 4343 4364 4365 4395 4396 4405
4395 4333 4372 4383 4393
4333 4355 4357 4359 4383
4339
4357 4356 4417
4355 4403
4359 4351 4358 4364 4372 4383 4388
4383 4364 4403
4374 4352 4367 4369 4370 4376 4384 4392
4376 4352 4392
4327 4375 4387 4392 4410
4375 4368
4387
4392 4352 4367 4369 4370 4384 4401 4410
4410 4404
4338
4365 4368 4372
4368 4404 4411
4404 4367 4354 4414
4411
4343 4399
4406
4409 4360
4419
4399 4382
4360
4417 4348
4418
4350 4351
4351 4416
4416 4358 4380
4344 4352 4384 4401 4408
4352 4363 4384 4401 4408
4384 4386 4401 4408
4401 4330 4408
4408
4363 4369 4370
4403
4356
4358
4364 4371 4372
4371 4372 4380 4397
4372
4380 4379
4388
4405
4369
4370
4366 4367
4367
4397
4396 4353 4394
4412 4353
4353
4379
4386 4337
4337
4389
4390
4393
4394
4382
4330
4349
4354
4414
4378
4348
4420 4421
4421 4436 4442
4436 4439 4442
4442 4441 4443
4422 4424 4432
4424
4432
4430
4427 4429 4443
4429
4443
4433
4434
4439 4438 4441
4441 4440
4438
4440
830 4444
4444
22
23
84
49
4447
4451 4454
4454 4452
4452
4453 4455
4455 4456
4456
514
4463
4464
4465
4466
132
4460
4449
4450
4473 4474 4508 4605 4617
4474 4867
4508 4542 4575 4636
4605 4604 4619
4617 4503
4646 4675
4867 4840 4866 4868 4869 4925
4471 4475 4590
4475 4559
4590 4482 4657
4559
4477 4574 4832
4662 4543 4661
4574 4594 4595 4656
4832 4889
4479
4485 4467 4496 4530 4601
4480 4481
4481
4482 4483 4772
4483 4501
4772
4501 4500
4467 4553
4553 4495
4468 4613
4496 4767
4530
4601 4654
4613 4512
4486 4487 4533 4550
4487 4588 4703
4533 4547
4550 4624
4588 4694 4788
4703 4606 4793
2423 4491 4563
4491 4492 4580 4584 4669
4563 4684
4492 4543
4580
4584
4669
4543
4767 4529 4769
4498 4499 4500
4499 4674
4500 4490 4764 4765
4674 4671 4647
4490 4648
4648 4549 4556
4764
4765
4502 4503
4503 4561
4561 4557 4811
4505 4506 4600
4506 4546
4600
4546 4700
4469 4526 4602 4796
4526 4803 4804
4602 4564 4565 4611 4641 4820
4626 4510 4786
4796
4542 4531 4675 4799
4575
4636 4610
4489 4610
4664 4633 4663
4610
4493 4510 4616 4797
4510
4616 4683 4791
4797
4513 4514 4581 4598
4514
4581 4659
4598 4579
4516 4554 4614
4517 4661
4554 4522 4666 4701
4614
4661 4577
4512 4518 4607 4696
4518 4691 4778 4782
4607 4608 4630
4696
4691 4689 4781
4778
4782
4519 4520
4520 4521 4592 4620 4699 4800 4801 4802
4597 4538
4521
4592 4555 4635
4620 4522 4776
4699 4697 4698
4800
4801
4802
4504 4522 4589
4522 4768
4589 4585 4586
4768 4762
4803
4804
4527 4528
4528 4545 4676
4545
4676 4470 4672
4488 4529 4562
4529
4562 4612 4622 4679
4687 4657
4547 4497 4606
4534 4541 4618 4673 4722
4541 4651 4816
4618
4673 4823
4722 4578 4723
4484 4540 4688
4540 4789
4688
4789
4651 4532 4569 4723 4826
4816 4817
4531 4611 4650
4675 4799
4799
4611 4593
4650
4523 4654
4654 4615 4653
4700 4658 4558
4497 4798
4606
4798 4822
4548 4549 4638
4549 4576
4638
4576
4624
4627 4733
4719 4706
4495 4659
4568 4679
4659 4524
4666
4701
4557 4643
4811
4643 4511 4615 4644
4612
4622 4560 4583
4679
4684
4564 4565 4813 4814 4815
4565 4640
4813
4814
4815
4640 4641 4821
4537 4567 4686 4866
4567 4566 4667
4686 4525 4609 4685
4866 4828 4829
4566 4763
4667 4779
4763 4539
4571
4621 4633
4761 4760 4777
4572
4594
4595
4656
4820 4599 4819
4524 4579
4579 4544 4555
4544
4555
4551 4586
4586
4515 4585
4585 4587
4587
4694 4692
4788 4792
4657
4635
4494 4596 4702
4596
4702 4511
4532 4826
4826 4680
4538 4771 4805 4806 4807
4771 4685 4681
4805
4806
4807
4641 4645
4604
4619 4625 4637
4608 4644 4690
4630 4672
4644
4690 4689
4593
4683 4682
4791 4790
4625
4637 4569 4642
4776
4577
4633
4560
4583 4623
4623
4786 4785
4733 4708 4740 4757
4672
4569
4642
4470 4639 4766
4639 4689
4766
4689 4670
4821
4645 4668
4511
4615
4668
4556 4670
4670 4827
4739 4742
4750 4751
4723 4591
4629 4653
4653
4658
4663
4591 4665
4665
4779 4780
4827
4472 4671
4671
4823 4810
4647
4682
4525
4609 4773
4685
4773
4781
4692
4693
4927
4697 4818
4698
4818
4558
4793 4792 4794
4704 4711 4746
4711 4735
4746 4708
4735 4724
4707 4713 4716
4713 4732
4716 4706
4732
4705 4714 4745
4714 4710
4745
4710 4724
4724
4706
4717 4728
4720 4736
4728 4712 4708 4748
4736 4727
4578
4712 4727
4727 4725 4774 4775
4715 4751
4725
4774
4775
4751 4721 4744 4730
4754
4708 4729 4752
4729 4709
4752
4709
4748 4730
4718 4731 4737
4731 4738
4737
4738 4734
4740 4747
4757
4734 4744
4744
4721 4755
4742 4741
4755 4758 4812
4747
4741
4730
4726 4756 4784
4784 4783
4756
4758
4812
4760
4777
4539 4808 4809
4808
4809
4769 4770
4762
4770
4681 4825
4825
4780 4824
4824
4783
4785
4792 4795
4790
4795
4794 4787
4787
4822
4817
4599
4819
4810
4680
4899 4898
4841 4840 4844 4887
4889 4887
4835 4836
4836 4884
4884 4828 4874
4840 4842 4843
4844
4887
4842
4843
4834 4847 4916 4923
4847 4848 4878
4916
4923 4912
4848 4846 4873 4900
4878 4862 3372 3387 4879 4881 4920 4924
4846
4873 4872 4891
4900 4880
3381 4850
4850 3385 4908 4909 4922
3385
4908 4906 4919
4909 4901
4922 4917
4853
4851 4892
4892
4856 4871
4857
4860 4852 4858
4871
4852
4858
3543 4862
4862
4863 4877
4877
4879
4828
4829 4874
4874
4868
4869
4925 4895
4872 4890 4905 4917
4891
4890 4838
4905 4903
4917
3372
3387
4881 4838
4914 4910
4920
4924 4910 4918
4870 4880 4913
4880 4915
4913 4918
4915
4838 4904
4904 4839
3642
4886
4833 4896 4898
4896
4898 4926
4926
4901 4907 4921
4907 4906
4921 4911
4839 4903
4903
4906
4919
4918
4910
4911
4912
4895
4929 4938
4938 4936
3 4930
4930 4931 4937
4931
4937 4935
4932 4935
4933 4939
4935
4939
4936
