80 2981
80 3007
80 3368
80 3369
80 3370
80 3372
80 3373
80 3375
80 3376
80 3377
80 3378
80 3380
80 3381
80 3382
3 298
3 301
3 303
3 304
3 306
3 310
3 313
3 321
3 322
3 328
3 1059
3 2900
3 221
3 330
3 331
297 382
297 389
297 710
297 790
297 833
297 939
297 1692
297 2200
297 2839
297 2936
297 3045
297 3150
297 3161
297 3211
297 4730
298 2195
301 382
301 595
301 599
301 710
301 790
301 1707
301 2445
301 2451
301 2838
301 2844
301 2846
301 2936
301 2937
301 2981
301 3196
301 3878
301 3880
301 4029
301 4108
301 4306
303 2981
303 3007
303 3368
303 3369
303 3370
303 3371
303 3373
303 3374
303 3376
303 3377
303 3378
303 3380
303 3381
304 229
306 229
306 382
306 595
306 599
306 710
306 2225
306 2445
306 2451
306 2838
306 2846
306 2936
306 2937
306 3190
306 3196
306 3211
306 3878
306 3880
306 4029
306 4108
306 4306
306 4544
313 3125
313 3373
313 3855
321 46
321 1596
321 710
321 833
321 839
321 1031
321 1219
321 1222
321 1354
321 1358
321 1595
321 1599
321 1970
321 2175
321 2791
321 2941
321 2960
321 3858
321 4048
321 4312
321 4313
321 4513
322 1089
322 2196
322 2203
322 2435
322 2849
322 3125
322 3131
322 3368
322 3373
328 682
328 1082
1059 14
1059 1505
1059 1082
2900 228
2900 255
2900 829
2900 1031
2900 1082
2900 1209
2900 1488
2900 1696
2900 1709
2900 1838
2900 2238
2900 2515
2900 2795
2900 2886
2900 2901
2900 2937
2900 2971
2900 2974
2900 2981
2900 2996
2900 3131
2900 3141
2900 3195
2900 4016
2900 4103
2900 4315
2900 4510
2900 4701
392 5
5 420
5 421
5 422
435 6
435 233
435 275
435 708
435 847
435 939
435 974
435 1733
435 1838
435 2184
435 2246
435 2505
435 2588
435 3573
435 3942
435 4567
6 437
6 440
6 443
6 447
6 448
6 451
6 458
6 459
6 461
6 462
6 463
6 464
6 465
6 466
6 467
6 468
6 469
6 470
437 597
440 470
440 1259
440 2761
440 2765
440 2766
440 2769
440 2773
440 2774
440 2777
440 2849
440 4105
443 448
443 600
443 2769
443 2927
448 456
451 470
451 2769
451 2774
613 8
613 335
613 3254
8 618
8 621
8 623
8 629
8 632
8 639
8 642
8 655
8 658
621 335
623 335
623 615
623 2500
623 3254
642 3644
658 283
658 285
658 335
658 939
658 1576
658 1777
658 1782
658 2256
658 2517
658 2566
658 3890
660 9
660 600
660 1327
660 1632
660 4730
9 663
9 674
9 675
9 677
9 682
9 684
9 686
9 690
9 696
9 701
9 702
9 1872
9 708
9 709
9 710
9 711
9 712
9 713
9 714
9 715
9 716
663 710
663 1321
663 1632
663 2445
663 2936
663 2942
663 2999
663 3021
663 3023
663 4723
674 560
674 2941
674 4311
675 381
675 382
675 390
675 599
675 710
675 942
675 2838
675 3884
675 4404
675 4536
677 381
677 382
677 390
677 599
677 710
677 942
677 1321
677 2838
677 2996
677 3884
677 4404
677 4536
681 790
681 1781
682 40
682 710
682 839
682 1031
682 1072
682 1240
682 1321
682 1494
682 1548
682 1582
682 1625
682 1885
682 2175
682 2188
682 2702
682 2791
682 3007
682 4247
682 4648
684 1037
684 2450
684 3884
686 40
686 716
686 1061
686 1884
686 1904
686 2183
686 2185
686 2187
686 2188
686 2189
686 2192
686 2194
686 2196
686 2197
686 2198
686 2199
686 2200
686 2201
686 2205
686 2206
686 2207
686 2208
686 2209
686 2210
686 2211
686 2212
686 2215
686 2217
686 2219
686 2221
686 2224
686 2225
686 2226
686 3007
686 3261
690 2838
696 221
696 330
696 1207
696 1231
699 381
699 382
699 599
699 710
699 942
699 1321
699 2838
699 2996
699 3884
699 4404
699 4536
701 221
701 1254
701 1632
701 2445
701 2936
701 2999
701 3021
701 3023
701 4723
702 3492
702 4546
1872 40
1872 1061
1872 1355
1872 2006
1872 3832
1872 2186
1872 2192
1872 2205
1872 2220
1872 3007
1872 3178
1872 3884
719 10
10 720
10 722
10 727
10 728
10 729
10 730
720 839
722 839
735 11
735 731
735 779
11 738
11 743
11 779
11 253
11 275
11 777
11 778
11 780
11 781
11 782
11 783
11 784
11 785
11 786
11 787
11 788
11 789
11 790
11 791
11 792
11 793
11 794
11 795
11 796
11 797
11 798
11 799
11 800
11 801
11 802
11 803
11 804
11 805
11 806
11 807
11 808
11 809
11 810
11 811
11 812
11 813
11 814
11 815
11 816
11 817
11 818
11 819
11 820
11 821
11 822
11 823
11 824
11 825
11 826
11 827
11 828
11 830
11 831
11 833
11 834
11 835
11 836
11 837
11 838
11 839
11 840
11 841
11 842
11 843
11 844
11 845
11 846
11 847
11 848
11 849
738 254
738 275
738 731
738 1028
738 1619
738 779
738 839
738 976
738 2901
743 731
743 779
779 731
779 1028
779 1619
316 12
316 882
316 3006
316 4672
12 850
12 852
12 853
12 857
12 861
12 862
12 863
12 864
12 865
12 871
12 873
12 874
12 880
12 528
12 597
12 710
12 881
12 882
12 883
12 885
12 886
12 887
12 888
12 889
12 890
12 891
12 892
12 893
12 894
12 895
12 896
12 897
12 898
12 899
12 900
12 901
12 902
12 903
12 904
12 905
12 906
12 907
12 908
12 909
12 910
12 911
12 912
12 913
12 914
12 915
12 916
12 917
12 918
12 919
12 920
12 921
12 922
12 923
12 924
12 925
12 926
12 927
12 928
12 929
12 931
12 932
12 933
12 934
12 935
12 936
12 937
12 938
12 939
12 940
12 941
12 943
12 944
12 945
12 946
12 947
12 948
12 949
12 950
12 951
12 952
12 953
12 955
12 956
12 957
12 958
12 959
12 960
12 961
12 962
12 963
12 964
12 965
12 967
12 968
12 969
12 970
12 971
12 972
12 973
12 974
12 975
12 976
12 977
12 978
12 979
12 980
12 981
12 982
12 983
12 984
12 985
12 987
12 988
12 989
852 597
852 599
852 948
852 953
852 971
852 2233
852 3196
853 793
853 930
853 986
853 1582
853 1627
853 1788
853 1888
853 2246
853 2262
853 2852
853 3976
855 1888
855 2262
855 3214
857 861
857 870
857 892
857 961
857 962
857 1879
857 4513
858 251
858 285
859 254
859 597
859 948
859 976
859 1583
859 1704
859 2636
859 2648
859 2670
861 597
861 884
861 887
861 904
861 908
861 953
861 954
861 2272
862 597
862 916
862 953
862 954
862 1576
862 2218
862 3602
862 3604
862 4672
863 459
863 916
864 951
864 954
864 966
864 4081
871 790
871 835
871 942
871 951
871 988
871 1088
871 1888
871 2249
871 2257
871 2262
871 2272
871 3262
871 4263
873 254
873 839
873 884
873 966
873 4206
873 4263
873 4268
873 4271
873 4672
874 790
874 942
874 951
874 956
874 988
874 1088
874 1888
874 2249
874 2257
874 2262
874 2272
874 3262
874 4263
880 790
880 835
880 942
880 1088
880 1888
880 2257
880 2262
880 2272
880 3262
880 4263
991 13
991 754
991 1029
991 1605
13 997
13 1022
13 1025
13 1026
13 1027
13 1028
13 1029
13 1030
13 1032
13 1034
13 1035
13 1036
997 1605
1022 2827
1022 4513
1037 14
1037 32
1037 1509
1037 1513
1037 1532
1037 2838
1037 2934
1037 3878
1037 4510
14 1038
14 1046
14 1052
14 1055
14 1060
14 1061
1038 1061
1038 2184
1046 710
1046 1061
1046 1218
1046 2184
1046 2186
1046 2207
1046 4063
1055 32
1055 229
1055 599
1055 710
1055 839
1055 945
1055 1030
1055 1061
1055 1210
1055 1247
1055 1321
1055 1532
1055 1534
1055 1711
1055 1801
1055 1846
1055 2233
1055 2799
1055 2996
1055 3186
1055 3190
1055 4426
1055 4429
1055 4430
1055 4442
1055 4497
1055 4510
1055 4689
1055 4730
1094 16
1094 818
16 1098
1097 291
1097 292
1097 299
1097 319
1097 1099
1097 2905
1097 2960
1097 3855
1097 1098
1097 3125
1098 1099
1098 3125
2441 57
1100 1101
17 221
17 1101
17 1102
17 1103
17 1104
1112 18
1112 1119
1112 1487
1112 1488
1112 1570
1112 2806
1112 3518
18 1132
18 1140
18 1141
18 1142
18 1143
18 1144
18 1145
18 1146
18 1147
1132 829
1272 21
21 1284
21 2905
21 221
21 1294
21 1295
21 1296
21 1297
1283 600
1283 710
1283 829
1283 839
1283 968
1283 1256
1283 1549
1283 1552
1283 1788
1283 1888
1283 2221
1283 2827
1283 2838
1283 2928
1283 2936
1283 3196
1283 4262
1283 4306
1283 4326
1283 4497
2905 595
2905 599
2905 830
2905 1212
2905 1250
2905 1320
2905 1324
2905 1396
2905 1549
2905 1570
2905 1576
2905 1709
2905 1807
2905 2152
2905 2260
2905 2381
2905 2689
2905 2697
2905 2831
2905 69
2905 2906
2905 2913
2905 3144
2905 3168
2905 3169
2905 3184
2905 3196
2905 3210
2905 3246
2905 3320
2905 3322
2905 3639
2905 3864
2905 4025
2905 4404
2905 4420
2905 4534
2905 4612
2905 4648
2905 4730
2905 4749
1298 22
22 1299
22 232
22 1197
22 1233
22 1302
22 1303
22 1304
22 1305
22 1306
22 1307
22 1308
22 1310
22 1311
22 1312
22 1313
22 1314
22 1315
22 1316
22 1318
22 1319
22 1320
22 1321
1301 260
1301 945
1301 1300
1301 1306
1301 3547
1301 4477
1301 4681
1340 23
1340 1322
23 1322
23 1323
23 1324
23 1325
23 1326
23 1327
23 1328
23 1329
23 1330
23 1331
23 1332
23 1333
23 1334
23 1335
23 1336
23 1337
23 1338
23 1339
1366 27
1366 1370
27 1377
27 1382
27 1383
27 1384
27 1385
27 1388
27 1389
27 1390
27 1391
27 1392
27 1393
27 1394
27 1395
27 1396
27 1397
27 1398
27 1399
27 1400
27 1401
27 1402
27 1403
1377 1386
1377 2214
1405 28
28 1407
28 1408
28 1409
28 1410
28 1411
28 1412
28 1413
1415 29
1415 1482
29 1418
29 1424
29 1428
29 1435
29 1437
29 1438
29 1440
29 1444
29 1446
29 1456
29 1457
29 1481
29 710
29 1420
29 1421
29 1422
29 1425
29 1439
29 1441
29 1460
29 1462
29 1463
29 1464
29 1465
29 1467
29 1468
29 1469
29 1470
29 1471
29 1472
29 1473
29 1474
29 1475
29 1476
29 1477
29 1478
29 1479
29 1480
29 1482
29 1483
29 1484
29 1485
29 1486
29 1487
29 1488
29 1489
29 1490
29 1492
29 1493
29 1494
29 1495
1418 1441
1418 1482
1436 1089
1436 1304
1436 4381
1438 1319
1438 1711
1438 4374
1440 1487
1440 1661
1444 1420
1444 4193
1446 4262
1456 1482
1457 275
1457 1487
1481 36
1496 30
30 1497
30 1498
30 710
30 1499
30 1500
30 1501
30 1502
30 1503
30 1504
1498 3833
1498 3846
1498 4475
1498 4476
1498 4495
1498 4534
1505 31
1505 4106
31 1506
31 1507
31 1264
31 1508
1507 1186
1507 1508
211 32
211 221
211 803
211 1611
211 2791
211 2886
211 2985
211 3131
211 3143
32 1049
32 1054
32 1509
32 1512
32 1513
32 1514
32 1515
32 1520
32 1521
32 1522
32 1523
32 1524
32 1525
32 1526
32 1529
32 1536
32 710
32 1531
32 1532
32 1533
32 1534
32 1535
32 1537
1049 1523
1049 1532
1054 1061
1509 790
1509 1777
1509 2450
1509 2941
1509 3007
1509 3178
1509 3371
1509 3884
1509 4034
1512 1104
1512 2930
1515 285
1519 528
1519 935
1519 1063
1519 2508
1520 514
1520 1085
1520 1087
1520 1172
1520 1793
1520 2623
1520 4567
1520 4568
1520 4570
1521 710
1521 3864
1522 710
1522 2791
1522 3864
1524 1061
1524 2193
1524 2207
1524 2930
1524 4034
1525 1222
1525 2599
1525 4062
1529 3184
1746 37
1746 2941
37 221
1747 1692
1747 2941
1859 39
1859 251
1859 576
1859 2800
1859 3784
39 1860
39 1861
39 729
39 1864
39 1865
39 1866
39 1867
39 1868
1860 251
1860 2800
1861 251
1861 3784
671 40
671 221
671 285
671 1104
671 1358
1908 45
45 1909
45 1912
45 1915
45 1918
45 1921
45 1922
45 1923
45 1926
45 1928
45 1929
45 1930
45 1932
45 1933
45 1934
45 1936
45 1937
45 1939
1915 1191
1915 2185
1915 3452
1923 2185
1926 2185
1930 790
1930 1549
1930 1576
1930 2227
1930 3221
1930 3229
1930 3890
1934 2185
1937 2185
1939 790
1939 1549
1939 1576
1939 2227
1939 3221
1939 3229
1939 3263
1939 3890
46 1943
46 1944
46 1945
46 1946
46 1948
46 1950
46 1951
46 1952
46 1953
46 1956
46 1960
46 1961
46 1965
46 1969
46 1032
46 1966
46 1967
46 1968
46 1971
1943 732
1943 734
1943 742
1943 1968
1943 4233
1945 287
1945 742
1945 1606
1945 1793
1945 1968
1945 1970
1945 2182
1950 804
1950 942
1950 1032
1950 1549
1950 2234
1950 4239
1951 732
1951 742
1951 1968
1951 1970
1952 1968
1953 2985
1956 804
1961 742
1961 804
1961 1970
1961 4239
1965 1592
1965 1968
1969 1592
1972 48
48 1977
48 1984
48 1987
48 1988
48 1989
48 1992
48 1993
48 1994
48 2008
48 2009
1977 3447
1984 1532
1984 3008
1984 3195
1987 2839
1987 2846
1988 1993
1994 1532
2055 50
50 2057
50 2064
50 2066
50 2070
50 2089
50 2097
2057 790
2057 939
2057 940
2057 941
2057 1549
2057 1576
2057 1764
2057 2040
2057 2256
2057 2267
2057 2515
2057 2689
2057 3256
2057 3372
2057 3665
2057 4411
2059 1842
2066 2062
2070 968
2070 4271
2089 283
2089 2095
2099 51
51 2100
51 2102
51 2103
51 2108
51 2111
51 2113
51 2118
51 2120
51 2133
51 2137
51 2138
51 2141
51 2143
51 2144
51 2147
51 2148
2100 97
2100 3770
2100 3771
2102 1072
2102 3771
2108 710
2108 835
2108 839
2108 1030
2108 1031
2108 1072
2108 1075
2108 1076
2108 1077
2108 1089
2108 1552
2108 1554
2108 1576
2108 1627
2108 1678
2108 1764
2108 1857
2108 2227
2108 2267
2108 2605
2108 2688
2108 2689
2108 2807
2108 3228
2108 3251
2108 3766
2108 3771
2108 4245
2108 4263
2108 4349
2118 1076
2118 3771
2120 1075
2123 221
2123 251
2123 467
2123 1030
2123 1072
2123 1104
2123 1561
2123 2175
2123 2252
2123 3030
2123 3448
2123 3770
2123 3777
2123 4648
2123 4649
2125 1628
2125 1696
2125 2133
2125 2956
2130 1628
2130 1696
2130 2805
2130 2956
2133 2415
2133 2805
2133 2941
2133 2956
2137 1072
2137 1570
2137 1677
2137 1680
2137 2945
2137 4315
2140 592
2140 1089
2140 3766
2140 3767
2140 3772
2140 3794
2144 592
2149 52
2149 221
2149 839
2149 1031
2149 1104
2149 1190
2149 1206
2149 1250
2149 1262
2149 1582
2149 1832
2149 2150
2149 2153
2149 2154
2149 2163
2149 2164
2149 2175
2149 2252
2149 2697
2149 2964
2149 4062
2149 4648
2149 4649
2149 4650
52 710
52 1031
52 1508
52 2150
52 2151
52 2152
52 2153
52 2154
52 2155
52 2156
52 2157
52 2158
52 2159
52 2160
52 2161
52 2163
52 2164
52 2165
52 2166
52 2167
52 2168
52 2169
52 2170
52 2171
52 2172
52 2173
52 2174
52 2175
2362 54
2362 1155
54 710
54 1902
54 2363
54 2364
54 2365
54 2366
54 2367
54 2368
54 2369
54 2370
54 2371
54 2372
54 2373
54 2374
54 2375
54 2376
54 2377
54 2378
54 2379
54 2380
54 2381
54 2382
54 2383
54 2384
2415 55
2415 251
2415 1210
2415 1246
2415 1267
2415 1315
2415 1324
2415 1901
2415 1902
2415 2006
2415 2799
2415 2800
2415 2956
2415 2957
2415 4107
2415 4246
2415 4253
55 2434
55 2435
55 2436
55 2437
2420 2260
2420 3008
2420 3279
2438 56
2438 221
2438 1207
2438 1319
2438 1494
2438 2789
2438 2806
2438 4029
2438 4103
2438 4107
2438 4373
2438 4648
2438 4701
2439 57
2439 710
2439 792
2439 1228
2439 1247
2439 1804
2439 2233
2439 2445
2439 2923
2439 3096
2439 3130
2439 3136
2439 3374
2439 4730
57 2440
57 1341
57 2443
57 2444
57 2445
57 2446
2953 71
2953 330
2953 547
2953 710
2953 1205
2953 1308
2953 1627
2953 2609
2953 2972
2953 4063
71 97
71 221
71 939
71 1186
71 1207
71 1214
71 1219
71 1226
71 1242
71 1254
71 1308
71 1358
71 2906
71 2930
71 2954
71 2955
71 2956
71 2957
71 2958
71 2959
71 2960
71 2961
71 2962
71 2963
71 2964
71 2965
71 2966
71 2967
71 2970
71 2971
71 2972
71 2974
71 2975
71 2976
71 2977
71 2978
71 2979
71 2980
71 2981
71 2982
71 2983
71 2984
71 2985
71 2986
71 2987
71 2988
71 2990
71 2991
71 2992
71 2993
71 2994
71 2995
71 2996
71 2997
71 2998
71 2999
71 3000
71 3001
71 3002
71 3003
71 3004
71 3005
71 3006
71 3007
71 3008
71 3009
71 3010
71 3011
71 3012
71 3013
71 3014
71 3015
71 3016
71 3017
71 3018
71 3019
3020 72
3020 4053
72 382
72 1321
72 3021
72 3022
72 3023
72 3024
72 3025
72 3026
3268 78
78 3270
78 3272
78 3274
78 3275
78 3276
78 221
78 3277
78 3278
78 3279
3270 4586
3272 2937
3276 4088
3459 83
83 3460
83 3461
83 3462
83 3463
83 3464
83 3465
83 3466
83 3467
83 3468
83 3469
83 3471
83 3472
83 3473
83 3474
83 3475
83 3476
83 3477
83 3478
83 3479
83 3480
83 3481
83 3482
83 3483
83 3484
83 3485
83 3486
83 3487
83 3488
83 3489
83 3490
83 3491
83 3492
83 3493
83 3494
83 3495
83 3496
83 3497
83 3498
83 3499
3468 1231
3470 599
3470 710
3470 1233
3470 1241
3470 1549
3470 2936
3504 86
3504 232
3504 252
3504 260
3504 283
3504 528
3504 971
3504 973
3504 1030
3504 1233
3504 1307
3504 1487
3504 1582
3504 1714
3504 1788
3504 2175
3504 2214
3504 2218
3504 2221
3504 2507
3504 4205
3504 4695
3504 4707
86 4321
86 1321
86 1714
86 2901
86 3505
86 3506
86 3507
86 3508
86 3509
86 3510
86 3511
86 3512
86 3513
86 3514
86 3515
86 3516
86 3517
86 3519
86 3520
86 3521
86 3522
86 3523
86 3524
86 3525
86 3526
86 3527
86 3528
86 3529
86 3530
86 3531
86 3533
86 3534
86 3535
86 3536
86 3537
86 3538
86 3539
86 3540
86 3541
86 3542
86 3543
86 3544
86 3545
86 3546
86 3547
86 3548
86 3549
86 3550
86 3551
86 3552
86 3553
86 3554
86 3556
86 3557
86 3558
86 3559
86 3560
86 3561
86 3562
86 3563
86 3564
86 3565
86 3566
86 3567
86 3568
86 3569
86 3570
86 3571
86 3572
86 3573
86 3574
4321 113
659 87
87 661
87 667
87 670
87 676
87 683
87 691
87 694
87 695
87 697
87 709
87 3575
87 3576
87 710
87 711
87 712
87 714
87 715
87 716
87 3577
661 1530
661 967
661 2194
661 2210
3575 711
3649 91
3649 3150
91 3650
91 3651
3650 597
3650 598
3650 599
3650 600
3650 710
3650 4537
3651 3150
3651 4733
3745 95
3745 1333
3745 2191
3745 3759
3745 3762
3745 3892
95 3746
95 3753
95 3754
95 1191
95 3023
95 3755
95 3756
95 3758
95 3759
95 3760
95 3761
95 3762
3753 3761
3753 3762
3754 2191
3754 3954
3754 3761
3754 3762
3754 4069
97 2433
97 3799
97 3801
97 3802
97 3805
97 3807
97 3808
97 3809
97 3811
97 3812
97 3813
97 3815
97 3816
97 3817
97 3820
97 3821
97 3822
97 3823
97 3826
97 3829
97 3830
97 3832
2433 221
2433 463
2433 2789
3799 976
3799 3772
3801 463
3803 599
3803 710
3803 790
3803 792
3803 939
3803 1207
3803 1219
3803 1233
3803 1308
3803 1321
3803 1358
3803 1803
3803 1807
3803 2690
3803 2773
3803 2827
3803 2906
3803 2971
3803 2974
3803 2975
3803 2976
3803 2977
3803 2978
3803 2981
3803 2983
3803 2984
3803 2985
3803 2993
3803 2999
3803 3000
3803 3004
3803 3005
3803 3006
3803 3013
3803 3016
3803 3169
3803 3190
3803 3373
3803 3766
3803 4558
3804 1084
3804 1085
3804 1087
3804 1223
3804 1798
3805 797
3807 599
3807 710
3807 2233
3807 4042
3807 4510
3808 221
3808 1223
3808 1508
3808 2697
3808 2967
3808 3772
3808 3773
3808 4356
3809 221
3809 1223
3809 2697
3809 2822
3809 2967
3809 3772
3811 1207
3811 1226
3811 1341
3811 2930
3811 2962
3811 2967
3811 2969
3811 2971
3811 2973
3811 2974
3811 2976
3811 2986
3811 2990
3811 2993
3811 3007
3811 3015
3811 3016
3811 3017
3811 3018
3813 221
3813 463
3813 1769
3813 3501
3813 4053
3816 221
3816 1494
3816 1508
3816 2697
3816 2967
3816 3772
3816 4356
3821 221
3821 592
3821 1223
3821 1504
3821 2697
3821 2967
3821 3773
3822 221
3822 251
3822 592
3822 1223
3822 1254
3822 1487
3822 2697
3822 2967
3822 3451
3822 3770
3822 3772
3822 3773
3822 3776
3822 3778
3822 3779
3822 3780
3822 3782
3822 3787
3822 3790
3822 3846
3822 4356
3825 3501
3826 710
3826 1213
3826 1327
3826 2689
3826 3501
3826 4029
3826 4043
3826 4053
3829 3501
3829 4053
3830 3189
3832 229
3832 599
3832 1213
3832 1214
3832 1324
3832 1411
3832 1623
3832 1627
3832 1630
3832 2791
3832 2852
3832 2868
3832 2908
3832 2941
3832 3000
3832 3008
3832 3143
3832 3148
3832 3165
3832 4029
3832 4510
3832 4641
3853 99
99 382
99 1321
99 3021
99 3022
99 3023
99 3027
99 3854
4332 114
114 3314
114 4333
114 4334
114 4335
114 4336
114 4337
114 4338
114 4339
114 4340
114 4341
114 4342
114 4343
114 4344
114 4345
114 4346
114 4347
114 4348
114 4349
114 4350
114 4351
114 4352
114 4353
4645 124
124 4646
124 4647
124 710
124 1240
124 1494
124 2252
124 3222
124 4369
124 4373
124 4648
124 4649
124 4650
124 4651
124 4652
4646 1220
4646 2936
4646 4612
4660 126
4660 597
4660 710
4660 1494
4660 2927
4660 4671
126 4661
126 4662
126 4663
126 4667
126 4668
126 710
126 1186
126 4669
126 4670
126 4671
126 4672
126 4673
126 4674
126 4675
4661 599
4661 710
4661 1902
4661 2838
4661 2880
4661 2897
4661 3610
4661 4663
4662 229
4662 599
4662 600
4662 711
4662 2941
4662 3615
4662 3884
4662 4671
4663 2896
4663 2897
4663 3610
4663 4665
4663 4667
4665 710
4665 1070
4665 2897
4665 3610
4665 1150
4666 221
4666 254
4666 1085
4666 1087
4666 1256
4666 1352
4666 1508
4666 1692
4666 2941
4666 4513
4666 4530
4666 4701
4667 1902
4667 2897
4667 3610
3806 335
3806 710
3806 1084
3806 1087
3806 1691
3806 2769
3806 2773
3806 2777
3806 2888
3806 3257
3806 3959
3806 4006
3806 4105
3806 4313
132 4765
132 221
4765 348
4765 3250
4765 3427
4765 3428
4765 3429
4765 3430
4765 3431
4765 3432
4765 3434
4765 3436
4765 3437
4765 4764
4771 348
4771 499
4771 1238
4771 3250
4771 3426
4771 3427
4771 3429
4771 3430
4771 3431
4771 3432
4771 3434
4771 3436
4771 3437
4771 4764
4772 216
4772 217
4772 218
4772 219
4772 220
4772 221
4772 222
4772 223
4772 224
4772 225
4772 226
4772 227
4772 228
4772 229
4772 231
4772 232
4772 233
4772 234
1 221
1 251
1 252
1 253
1 255
1 256
1 257
1 258
1 259
1 260
1 261
1 262
1 263
1 264
1 266
1 267
1 268
1 269
1 270
1 271
1 273
1 274
1 276
1 278
1 279
1 280
1 281
1 282
1 283
1 284
1 285
1 287
221 7
221 20
221 26
221 33
221 35
221 65
221 66
221 68
221 70
221 73
221 82
221 96
221 135
221 136
221 139
221 157
221 158
221 159
221 161
221 171
221 175
221 184
221 186
221 318
221 320
221 633
221 644
221 1082
221 1150
221 1187
221 1330
221 1511
221 1516
221 1684
221 1873
221 1963
221 2044
221 2609
221 2850
221 2868
221 2915
221 2975
221 3379
221 3914
7 280
7 471
7 472
7 473
7 474
7 475
7 476
7 477
7 478
7 479
7 480
7 481
7 482
7 483
7 484
7 485
7 486
7 488
7 489
7 490
7 491
7 492
7 493
7 494
7 495
7 496
7 497
7 498
7 499
7 500
7 501
7 502
7 503
7 504
7 505
7 506
7 507
7 508
7 509
7 510
7 511
7 512
7 513
7 515
7 516
7 517
7 518
7 519
7 520
7 521
7 522
7 523
7 524
7 525
7 527
7 529
7 530
7 531
7 532
7 533
7 534
7 535
7 536
7 537
7 538
7 539
7 540
7 541
7 542
7 543
7 544
7 545
7 547
7 548
7 549
7 550
7 551
7 552
7 553
7 554
7 555
7 556
7 557
7 558
7 559
7 561
7 562
7 563
7 564
7 565
7 566
7 567
7 568
7 569
7 570
7 571
7 572
7 573
7 574
7 575
7 576
7 577
7 578
7 579
7 580
7 581
7 582
7 583
7 584
7 585
7 586
7 587
7 588
7 589
7 590
7 591
7 593
7 594
7 595
7 596
7 597
7 598
7 600
7 601
7 602
7 603
7 604
7 605
7 606
7 607
7 608
7 609
7 610
7 611
7 612
20 255
20 283
20 595
20 830
20 945
20 1085
20 1104
20 1183
20 1184
20 1185
20 1186
20 1188
20 1189
20 1190
20 1191
20 1192
20 1193
20 1194
20 1195
20 1196
20 1197
20 1198
20 1200
20 1201
20 1203
20 1204
20 1205
20 1206
20 1207
20 1208
20 1209
20 1210
20 1211
20 1212
20 1213
20 1215
20 1216
20 1217
20 1218
20 1220
20 1221
20 1222
20 1226
20 1227
20 1228
20 1229
20 1230
20 1231
20 1232
20 1234
20 1235
20 1236
20 1237
20 1239
20 1240
20 1241
20 1242
20 1245
20 1246
20 1247
20 1249
20 1250
20 1251
20 1252
20 1253
20 1256
20 1257
20 1258
20 1260
20 1261
20 1262
20 1263
20 1264
20 1265
20 1267
26 1347
26 1348
26 1349
26 1350
26 1351
26 1352
26 1353
26 1354
26 1355
26 1357
26 1358
26 1359
26 1360
26 1361
26 1362
26 1363
26 1364
35 803
35 804
35 837
35 1036
35 1231
35 1308
35 1588
35 1589
35 1590
35 1591
35 1593
35 1594
35 1595
35 1596
35 1597
35 1598
35 1599
35 1600
35 1601
35 1602
35 1603
35 1604
35 1605
35 1606
35 1607
35 1608
35 1609
35 1610
35 1611
35 1612
35 1614
35 1616
35 1617
35 1619
35 1620
35 1621
35 1622
35 1623
35 1624
35 1625
35 1626
35 1627
35 1628
35 1629
35 1630
35 1631
35 1632
36 599
36 942
36 1229
36 1241
36 1318
36 1319
36 1320
36 1633
36 1634
36 1635
36 1637
36 1638
36 1639
36 1640
36 1641
36 1642
36 1643
36 1644
36 1646
36 1647
36 1648
36 1649
36 1650
36 1651
36 1652
36 1653
36 1654
36 1655
36 1656
36 1657
36 1658
36 1659
36 1660
36 1663
36 1664
36 1665
36 1666
36 1667
36 1668
36 1669
36 1670
36 1671
36 1672
36 1673
36 1674
36 1675
36 1676
36 1678
36 1679
36 1680
36 1681
36 1682
36 1683
36 1684
36 1685
36 1686
36 1687
36 1688
36 1689
36 1690
36 1691
36 1692
36 1693
36 1694
36 1695
36 1696
36 1697
36 1698
36 1699
36 1700
36 1701
36 1703
36 1704
36 1705
36 1706
36 1707
36 1709
36 1710
36 1711
36 1712
36 1713
36 1715
36 1716
36 1717
36 1718
36 1719
36 1720
36 1721
36 1723
36 1724
36 1725
36 1726
36 1727
36 1728
36 1729
36 1730
36 1731
36 1732
36 1733
36 1734
36 1735
36 1736
36 1737
36 1738
36 1739
36 1740
36 1741
36 1742
36 1743
36 1744
36 1745
62 2606
62 2607
62 2609
65 1084
65 1262
65 1311
65 1684
65 2021
65 2047
65 2161
65 2678
65 2679
65 2680
65 2682
65 2683
65 2685
65 2686
65 2687
65 2691
65 2692
65 2693
65 2694
65 2695
65 2696
65 2697
65 2698
65 2699
65 2700
65 2701
65 2702
65 2703
65 2704
65 2705
65 2706
65 2707
65 2708
65 2709
65 2710
65 2711
65 2712
65 2713
65 2714
65 2715
65 2716
65 2717
65 2718
65 2719
65 2720
65 2721
65 2722
65 2723
65 2724
65 2725
65 2726
65 2727
65 2728
65 2729
65 2730
65 2731
65 2732
65 2733
65 2734
65 2735
65 2736
65 2737
65 2738
65 2739
65 2740
65 2742
65 2743
65 2744
65 2745
65 2746
65 2747
65 2748
65 2749
65 2750
65 2751
65 2752
65 2753
65 2754
65 2755
65 2756
65 2757
65 2758
65 2759
65 2760
66 251
66 253
66 285
66 463
66 470
66 597
66 833
66 949
66 951
66 1615
66 2761
66 2762
66 2763
66 2764
66 2765
66 2766
66 2767
66 2768
66 2769
66 2770
66 2771
66 2772
66 2774
66 2775
66 2776
66 2777
66 2778
66 2779
66 2780
66 2781
66 2782
66 2783
66 2784
66 2786
66 2787
66 2788
66 2789
66 2790
66 2792
66 2793
66 2794
66 2795
66 2796
66 2797
66 2798
66 2799
66 2800
68 1242
68 1264
68 1341
68 1352
68 2838
68 2839
68 2840
68 2841
68 2842
68 2843
68 2845
68 2847
68 2848
68 2849
68 2850
68 2851
68 2852
68 2853
68 2854
68 2855
68 2856
68 2857
68 2858
68 2859
68 2860
68 2861
68 2862
68 2863
68 2864
68 2865
68 2866
68 2867
68 2870
68 2871
68 2872
68 2873
68 2874
70 1051
70 1228
70 1494
70 2838
70 2933
70 2934
70 2935
70 2936
70 2937
70 2938
70 2939
70 2940
70 2941
70 2942
70 2943
70 2944
70 2945
70 2946
70 2947
70 2948
70 2949
70 2950
70 2951
70 2952
73 3028
73 3029
73 3030
73 3031
73 3032
73 3033
75 1215
75 1223
75 1321
75 1626
75 1807
75 2886
75 2929
75 3034
75 3035
75 3036
75 3037
75 3038
75 3039
75 3040
75 3041
75 3042
75 3043
75 3044
75 3045
75 3046
75 3047
75 3048
75 3049
75 3050
75 3051
75 3052
75 3053
75 3054
75 3055
75 3056
75 3057
75 3058
75 3059
75 3060
75 3061
75 3062
75 3064
75 3065
75 3066
75 3067
75 3068
75 3069
75 3070
75 3071
75 3072
75 3073
75 3074
75 3075
75 3076
75 3077
75 3078
75 3079
75 3080
75 3081
75 3082
75 3083
75 3084
75 3085
75 3086
75 3087
75 3088
75 3089
75 3090
75 3091
75 3092
75 3094
75 3095
75 3096
75 3097
75 3098
75 3099
75 3100
75 3101
75 3102
75 3103
75 3104
75 3105
75 3106
75 3107
75 3108
75 3109
75 3111
75 3112
75 3113
75 3114
75 3115
75 3116
75 3117
75 3118
75 3119
75 3120
75 3121
75 3122
75 3123
75 3124
75 3125
75 3126
75 3127
75 3128
75 3129
75 3130
75 3131
75 3132
75 3133
75 3134
75 3135
75 3136
75 3137
75 3138
75 3139
75 3140
75 3141
75 3142
75 3143
75 3144
75 3147
75 3149
75 3150
75 3151
75 3152
75 3153
75 3154
75 3155
75 3156
75 3157
75 3158
75 3159
75 3160
75 3161
75 3162
75 3163
75 3164
75 3166
75 3167
75 3168
75 3169
75 3170
75 3171
75 3172
75 3173
75 3174
75 3175
75 3176
75 3177
75 3179
75 3180
75 3182
75 3183
75 3184
75 3185
75 3186
75 3187
75 3188
75 3189
75 3190
75 3191
75 3192
75 3193
75 3194
75 3195
75 3196
75 3197
75 3198
75 3199
75 3200
82 282
82 287
82 1103
82 1212
82 2256
82 3018
82 3390
82 3391
82 3392
82 3393
82 3394
82 3395
82 3396
82 3397
82 3398
82 3399
82 3400
82 3401
82 3402
82 3404
82 3405
82 3406
82 3407
82 3408
82 3409
82 3410
82 3411
82 3412
82 3413
82 3414
82 3415
82 3416
82 3417
82 3418
82 3419
82 3420
82 3421
82 3422
82 3423
82 3424
82 3425
82 3427
82 3428
82 3429
82 3430
82 3431
82 3432
82 3433
82 3434
82 3435
82 3436
82 3437
82 3438
82 3439
82 3440
82 3441
82 3442
82 3443
82 3444
82 3445
82 3446
82 3448
82 3449
82 3450
82 3451
82 3452
82 3453
82 3454
82 3455
82 3456
82 3457
82 3458
96 592
96 1254
96 1508
96 2967
96 3451
96 3763
96 3764
96 3765
96 3766
96 3767
96 3768
96 3769
96 3770
96 3773
96 3774
96 3775
96 3776
96 3777
96 3778
96 3779
96 3780
96 3781
96 3783
96 3784
96 3785
96 3786
96 3787
96 3788
96 3789
96 3790
96 3791
96 3792
96 3793
96 3794
96 3795
96 3796
96 3797
96 3798
121 1207
121 1347
121 2371
121 2609
121 2850
121 3011
121 4594
121 4595
121 4596
121 4598
121 4600
121 4601
121 4602
121 4603
121 4604
121 4605
121 4606
121 4607
121 4608
121 4609
121 4610
121 4611
121 4612
121 4614
121 4615
121 4616
133 1294
133 1295
133 3178
133 3451
135 1206
135 1250
135 1342
135 1495
135 1561
135 1711
135 1864
135 2026
135 2048
135 2153
135 2156
135 2159
135 2256
135 2697
135 2930
135 3033
135 4373
135 4648
137 2180
139 1186
139 4513
153 282
153 285
153 286
153 287
153 1191
153 1261
153 1561
153 3446
153 3449
153 3478
153 4411
157 284
157 1206
157 1226
157 1231
157 1250
157 1508
157 1561
157 2037
157 2261
157 3451
157 3453
157 3455
157 4532
157 4754
158 280
158 282
158 284
158 285
158 286
158 287
158 1191
158 1561
158 2332
158 3322
158 3478
158 4411
159 3451
161 597
161 1089
161 1212
161 1231
161 1250
161 1261
161 2040
161 3222
161 3251
161 3416
161 3451
171 285
171 710
171 830
171 942
171 1084
171 1087
171 1324
171 1627
171 1684
171 1769
171 1798
171 1888
171 2180
171 2262
171 2850
171 3143
171 3195
171 3967
171 4103
173 940
173 1199
173 2838
173 3190
173 3382
175 1071
175 1241
184 2898
184 2908
184 2972
308 837
308 973
308 1031
308 1508
308 4448
318 2789
318 2887
318 2972
318 3188
633 1104
633 1324
633 1408
633 1411
633 1508
633 1627
633 2152
633 2828
633 2928
633 2972
633 3774
633 3785
633 4701
644 229
644 833
644 1807
644 2789
644 3023
1082 15
1082 294
1082 2998
1082 3810
1150 251
1150 459
1150 901
1150 909
1150 948
1150 1152
1150 1162
1150 1180
1150 1181
1150 1228
1150 1240
1150 1411
1150 1561
1150 1693
1150 1902
1150 2371
1150 2791
1150 3601
1150 3602
1150 3608
1150 4206
1150 4263
1150 4650
1511 1205
1511 1798
1511 2972
1511 3774
1684 160
1684 299
1684 1995
1684 2001
1873 1693
1873 3000
1873 3008
1873 3880
1873 4034
1963 803
1963 804
1963 837
1963 1036
1963 1231
1963 1308
1963 1591
1963 1592
1963 1593
1963 1594
1963 1596
1963 1597
1963 1598
1963 1599
1963 1600
1963 1601
1963 1602
1963 1603
1963 1604
1963 1605
1963 1606
1963 1607
1963 1608
1963 1609
1963 1610
1963 1611
1963 1613
1963 1614
1963 1615
1963 1616
1963 1618
1963 1619
1963 1621
1963 1622
1963 1623
1963 1624
1963 1625
1963 1628
1963 1629
1963 1630
1963 1632
2044 1087
2044 1262
2044 1691
2044 2016
2044 2041
2044 2042
2044 49
2044 2162
2044 2150
2044 2164
2044 2678
2044 3322
2609 2604
2850 2853
2868 1622
2868 2806
2915 2877
2975 1104
2975 1250
2975 1508
2975 1693
3914 710
3914 1212
3914 1579
3914 1676
3914 3895
3914 102
3914 3916
3914 3919
3914 3920
3914 3946
3914 3954
3914 3959
3914 3969
3914 3972
3914 4007
3914 4008
3914 4708
1659 224
1659 550
1659 973
1659 1487
1659 1488
1659 1443
1659 2384
1659 4374
1659 4683
181 227
181 251
181 253
181 282
181 283
181 285
181 287
181 710
181 815
181 1191
181 1645
181 2479
181 2493
181 2587
181 3251
181 3478
181 4253
181 4411
181 4523
275 228
275 229
275 230
275 111
275 341
275 759
275 936
275 966
275 970
275 1028
275 1068
275 1541
275 1722
275 1843
275 1844
275 2063
275 2477
275 2478
275 2480
275 3042
275 3063
275 3195
275 4013
275 4016
275 4120
275 4726
275 4740
275 4745
275 1487
228 3042
228 4740
228 835
228 4745
2753 2752
3042 3043
3042 3053
3042 4725
3042 4740
4740 229
4740 4703
4740 130
229 3176
3176 230
3176 3096
3176 3110
3176 3144
3176 3188
3176 3190
3176 4702
3176 4730
3195 302
3195 4570
230 693
230 4256
4256 251
4256 528
4256 529
4256 1255
4256 2175
4256 2506
4256 2508
4256 2809
4256 2815
4256 2982
4256 3096
4256 3180
4256 111
4256 119
4256 1000
4256 4489
4256 4525
61 233
61 283
61 528
61 529
61 710
61 797
61 973
61 1241
61 1243
61 1321
61 1704
61 1713
61 1765
61 1888
61 2022
61 2302
61 2454
61 2455
61 2456
61 2457
61 2458
61 2459
61 2460
61 2461
61 2462
61 2463
61 2464
61 2465
61 2466
61 2467
61 2468
61 2469
61 2470
61 2471
61 2472
61 2473
61 2474
61 2475
61 2476
61 2477
61 2478
61 2479
61 2480
61 2481
61 2482
61 2483
61 2484
61 2485
61 2486
61 2487
61 2488
61 2489
61 2490
61 2491
61 2492
61 2493
61 2494
61 2495
61 2496
61 2497
61 2498
61 2499
61 2500
61 2501
61 2502
61 2503
61 2504
61 2505
61 2506
61 2507
61 2508
61 2509
61 2510
61 2511
61 2512
61 2514
61 2515
61 2516
61 2517
61 2518
61 2519
61 2520
61 2521
61 2522
61 2523
61 2524
61 2525
61 2526
61 2527
61 2528
61 2529
61 2530
61 2531
61 2532
61 2533
61 2534
61 2536
61 2537
61 2538
61 2539
61 2540
61 2542
61 2543
61 2544
61 2545
61 2546
61 2547
61 2548
61 2549
61 2550
61 2552
61 2553
61 2554
61 2555
61 2556
61 2557
61 2558
61 2559
61 2560
61 2561
61 2562
61 2563
61 2564
61 2565
61 2566
61 2567
61 2568
61 2569
61 2570
61 2571
61 2572
61 2573
61 2574
61 2575
61 2576
61 2577
61 2578
61 2579
61 2580
61 2581
61 2582
61 2583
61 2584
61 2585
61 2586
61 2587
61 2588
61 2589
61 2590
61 2591
61 2592
61 2593
61 2594
61 2595
61 2596
61 2597
233 361
233 393
233 4385
1608 134
1608 996
1608 1008
4385 708
4385 839
4385 968
4385 1838
4385 2175
4385 116
4385 4393
970 234
970 2743
970 2298
234 2480
234 2743
2480 2298
2480 312
2480 724
2480 2493
2480 4233
2743 830
2743 1084
2743 1087
2743 1262
2743 1311
2743 1312
2743 1313
2743 1314
2743 1315
2743 1317
2743 2744
2743 4584
2743 4685
2743 4692
251 314
251 351
251 352
251 638
251 1188
251 1464
251 2216
251 2321
251 2541
251 2702
251 2806
251 2829
251 3361
251 3363
251 3555
251 4095
251 4589
314 2233
314 2838
1188 842
1188 1231
1188 1294
1188 2800
1188 3096
2216 1031
2216 53
2541 2800
2702 1582
2806 252
2806 254
2806 1580
2806 1630
2806 67
2806 2001
2829 67
3361 254
3361 710
3361 790
3361 943
3361 1580
3363 282
3363 285
3363 459
3363 1226
3363 1231
3363 1332
3363 1630
3363 2782
3363 3457
3555 255
3555 260
3555 267
3555 283
3555 710
3555 931
3555 934
3555 1223
3555 1233
3555 1256
3555 1257
3555 1321
3555 1549
3555 2689
3555 2901
3555 2908
3555 3189
3555 3437
3555 4315
3555 4402
3555 4430
3555 4437
3555 4723
3555 4743
4095 252
4095 2175
4095 107
4095 4243
4589 120
252 399
252 471
252 940
252 1039
252 1427
252 1616
252 2088
252 2796
399 839
399 1030
399 1582
399 2799
399 4243
471 980
940 287
940 728
940 839
940 840
940 930
940 933
940 935
940 2349
940 2350
940 2997
940 3373
940 3750
940 956
940 1030
940 1385
940 1582
940 2175
940 2178
940 2227
940 2230
940 2231
940 2233
940 2237
940 2240
940 2241
940 2244
940 2245
940 2246
940 2248
940 2250
940 2251
940 2252
940 2253
940 2254
940 2255
940 2256
940 2257
940 2259
940 2260
940 2261
940 2262
940 2263
940 2265
940 2266
940 2268
940 2269
940 2270
940 2272
940 2273
940 2274
940 2276
940 2799
940 4243
940 4246
940 4249
1039 520
1039 528
1039 590
1039 592
1039 818
1039 839
1039 976
1039 1031
1039 1075
1039 1076
1039 1321
1039 1534
1039 1582
1039 1676
1039 1678
1039 2175
1039 2506
1039 2799
1039 2805
1039 2838
1039 3229
1039 3249
1039 3573
1039 3667
1039 4247
1039 4263
1427 839
1427 967
1427 968
1427 1319
1427 1419
1427 1487
1427 2175
1427 2799
1427 3532
1427 4248
1427 4249
1427 4393
1427 4692
1427 4730
1616 524
1616 835
1616 839
1616 979
1616 1028
1616 1031
1616 1576
1616 1582
1616 1955
1616 1618
1616 2234
1616 4247
1616 4262
1616 4263
2088 839
2088 1030
2088 1774
2088 2515
2796 287
2796 728
2796 839
2796 840
2796 933
2796 935
2796 943
2796 956
2796 1030
2796 1262
2796 1385
2796 1547
2796 1582
2796 2175
2796 2178
2796 2227
2796 2230
2796 2231
2796 2233
2796 2234
2796 2237
2796 2241
2796 2244
2796 2245
2796 2246
2796 2247
2796 2248
2796 2249
2796 2250
2796 2251
2796 2252
2796 2253
2796 2254
2796 2255
2796 2256
2796 2257
2796 2259
2796 2260
2796 2261
2796 2262
2796 2263
2796 2264
2796 2265
2796 2266
2796 2267
2796 2268
2796 2269
2796 2270
2796 2274
2796 2275
2796 4243
2796 4246
2796 4249
253 339
253 1273
253 708
253 2175
1273 278
1273 283
1273 599
1273 1089
1273 1549
1273 2233
1273 2253
1273 3251
254 98
254 749
254 842
254 1028
254 1619
254 2075
254 2094
254 3146
254 3852
254 4120
254 967
98 3833
98 3834
98 3835
98 3837
98 3838
98 3839
98 3840
98 3841
98 3842
98 3843
98 3844
98 3846
98 3847
98 3849
98 3850
98 3851
98 3852
749 804
749 1029
749 1619
835 763
835 4120
835 839
835 1030
835 1580
835 2587
835 2591
842 190
842 1251
842 4013
842 1828
1028 839
1028 976
1028 733
1028 734
1028 748
1028 759
1028 760
1028 764
1028 1618
1028 2901
1619 731
1619 839
1619 976
1619 739
1619 1620
1619 2901
2075 260
2075 283
2075 790
2075 839
2075 1319
2075 1320
2075 2333
2075 4263
2075 4326
2075 4328
2094 283
2094 790
2094 839
2094 1319
2094 1320
2094 2333
2094 4254
2094 4263
2094 4326
2094 4328
3146 839
3146 1838
3852 3834
3852 3835
3852 3837
3852 3838
3852 3839
3852 3840
3852 3841
3852 3842
3852 3843
3852 3844
3852 3845
3852 3846
3852 3847
3852 3848
3852 3849
3852 3850
3852 3851
4120 421
4120 839
4120 1580
4120 108
255 77
255 125
255 131
255 187
255 256
255 4117
38 710
38 790
38 829
38 1194
38 1233
38 1561
38 1576
38 1615
38 1748
38 1749
38 1750
38 1751
38 1752
38 1753
38 1754
38 1755
38 1756
38 1757
38 1758
38 1759
38 1760
38 1761
38 1762
38 1763
38 1764
38 1765
38 1766
38 1767
38 1768
38 1769
38 1770
38 1771
38 1772
38 1773
38 1774
38 1775
38 1776
38 1778
38 1779
38 1780
38 1781
38 1782
38 1783
38 1784
38 1785
38 1786
38 1787
38 1788
38 1789
38 1790
38 1791
38 1792
38 1793
38 1794
38 1795
38 1796
38 1797
38 1798
38 1799
38 1801
38 1802
38 1803
38 1804
38 1805
38 1806
38 1807
38 1808
38 1809
38 1810
38 1811
38 1812
38 1813
38 1814
38 1815
38 1816
38 1817
38 1818
38 1819
38 1820
38 1821
38 1822
38 1823
38 1824
38 1825
38 1826
38 1827
38 1828
38 1829
38 1830
38 1831
38 1833
38 1834
38 1835
38 1836
38 1837
38 1838
38 1839
38 1840
38 1841
38 1842
38 1843
38 1844
38 1846
38 1847
38 1848
38 1849
38 1850
38 1851
38 1852
38 1853
38 1854
38 1855
38 1856
38 1857
38 1858
77 514
77 710
77 797
77 942
77 944
77 945
77 956
77 1084
77 1085
77 1197
77 1209
77 1233
77 1241
77 1244
77 1249
77 1319
77 1321
77 1552
77 1570
77 1691
77 2210
77 2219
77 2566
77 2581
77 2689
77 3205
77 3206
77 3207
77 3208
77 3209
77 3210
77 3211
77 3212
77 3213
77 3214
77 3215
77 3216
77 3217
77 3218
77 3219
77 3222
77 3224
77 3225
77 3226
77 3227
77 3228
77 3230
77 3231
77 3232
77 3233
77 3234
77 3235
77 3236
77 3237
77 3238
77 3241
77 3242
77 3243
77 3244
77 3245
77 3246
77 3247
77 3248
77 3249
77 3250
77 3251
77 3252
77 3253
77 3254
77 3255
77 3256
77 3257
77 3258
77 3259
77 3261
77 3262
77 3264
77 3266
125 710
125 829
125 1089
125 1494
125 2566
125 4653
125 4654
125 4655
125 4656
125 4657
125 4658
125 4659
131 597
131 710
131 942
131 945
131 1384
131 1552
131 1763
131 2689
131 3222
131 3639
131 4523
131 4750
131 4751
131 4752
131 4753
131 4755
131 4756
131 4757
131 4758
131 4759
131 4760
131 4761
131 4762
131 4763
131 4764
187 380
187 552
187 599
187 710
187 830
187 942
187 945
187 1084
187 1085
187 1087
187 1197
187 1207
187 1209
187 1256
187 1319
187 1320
187 1321
187 1494
187 1570
187 2258
187 2581
187 2838
187 3212
187 3216
187 3257
187 3656
187 4584
256 2062
4117 176
4117 206
4117 4016
2062 2097
258 243
243 270
243 272
260 176
260 4440
176 973
176 1580
176 2860
176 3249
176 3434
176 4053
176 4243
2085 2536
2085 4712
4440 277
4440 1717
4440 119
4440 4707
265 285
265 1576
265 1848
265 3959
270 3453
271 614
273 4249
111 837
111 839
111 976
111 1312
111 1315
111 1488
111 1563
111 1582
111 2175
111 2744
111 2799
111 4015
111 4243
111 4244
111 4245
111 4246
111 4247
111 4248
111 4249
111 4250
111 4251
111 4252
111 4253
111 4254
111 4255
111 4259
111 4260
111 4261
111 4262
111 4264
111 4265
111 4266
111 4267
111 4268
111 4269
111 4271
111 4272
111 4273
111 4274
111 4275
111 4276
111 4277
111 4278
111 4279
111 4280
111 4281
111 4282
111 4283
111 4284
111 4285
111 4286
111 4287
111 4288
111 4289
111 4290
111 4291
111 4292
111 4293
111 4294
111 4295
111 4296
111 4297
341 1111
341 1570
341 4404
936 788
936 831
936 834
936 986
936 1775
936 1788
936 3161
936 3641
966 442
1068 284
1068 590
1068 15
1541 67
1541 102
1541 112
1541 162
1541 4299
1541 1677
1843 2101
1843 2114
2063 2067
2477 1838
2477 1839
2477 2475
2477 1251
2477 2570
2478 805
2478 1243
2478 1251
2478 1304
2478 4650
2478 2587
2478 2823
2478 4253
3063 967
3063 2206
3063 2799
3063 3057
4013 805
4013 976
4013 2587
4013 102
4013 4016
4016 529
4016 839
4016 982
4016 1717
4016 1748
4016 1765
4016 1838
4016 2475
4016 2901
4016 3548
4016 102
4016 4650
4016 4249
4016 4393
4016 4703
4726 130
4745 967
4745 4249
4745 3517
280 168
280 1120
168 710
168 1552
168 3251
168 4532
1120 595
1120 710
1120 1147
1120 1321
1120 2689
1120 2838
1120 4315
1120 4401
1120 4477
1120 4749
1120 4764
282 89
282 149
282 705
282 2054
282 790
282 2236
282 3229
89 597
89 3222
89 3407
89 3455
89 3638
89 3639
89 3640
89 3642
89 3643
89 3644
89 3645
89 3646
89 3647
149 710
149 790
149 1104
149 3455
149 3457
705 287
705 463
705 1104
705 1194
705 1408
705 2697
705 2930
705 3452
705 3457
705 3458
705 3777
2054 285
2054 287
2054 939
2054 1561
2054 3260
283 53
283 654
283 1717
283 2349
283 2350
283 2876
283 3229
283 3458
283 790
34 708
34 710
34 979
34 1542
34 1543
34 1544
34 1545
34 1546
34 1547
34 1548
34 1550
34 1551
34 1552
34 1553
34 1554
34 1555
34 1556
34 1557
34 1558
34 1559
34 1560
34 1561
34 1562
34 1563
34 1564
34 1565
34 1566
34 1567
34 1568
34 1569
34 1570
34 1571
34 1572
34 1573
34 1574
34 1575
34 1576
34 1577
34 1578
34 1579
34 1581
34 1583
34 1584
34 1585
53 710
53 716
53 791
53 934
53 935
53 956
53 1171
53 1262
53 1385
53 1534
53 1547
53 1777
53 1884
53 2176
53 2177
53 2178
53 2179
53 2181
53 2182
53 2183
53 2184
53 2185
53 2186
53 2187
53 2188
53 2189
53 2190
53 2191
53 2192
53 2193
53 2194
53 2196
53 2197
53 2198
53 2199
53 2200
53 2201
53 2202
53 2203
53 2204
53 2205
53 2207
53 2208
53 2209
53 2210
53 2211
53 2212
53 2213
53 2214
53 2215
53 2217
53 2218
53 2220
53 2221
53 2222
53 2223
53 2226
53 2227
53 2228
53 2229
53 2231
53 2232
53 2233
53 2234
53 2235
53 2236
53 2237
53 2238
53 2239
53 2240
53 2241
53 2242
53 2243
53 2244
53 2245
53 2246
53 2247
53 2248
53 2249
53 2250
53 2251
53 2252
53 2253
53 2254
53 2255
53 2256
53 2258
53 2261
53 2262
53 2263
53 2264
53 2266
53 2267
53 2268
53 2269
53 2270
53 2271
53 2272
53 2273
53 2275
53 2277
53 2278
53 2279
53 2280
53 2281
53 2282
53 2283
53 2284
53 2285
53 2286
53 2287
53 2288
53 2289
53 2290
53 2291
53 2292
53 2293
53 2294
53 2295
53 2296
53 2297
53 2298
53 2300
53 2301
53 2302
53 2303
53 2304
53 2305
53 2306
53 2308
53 2309
53 2310
53 2311
53 2313
53 2314
53 2315
53 2316
53 2317
53 2318
53 2319
53 2320
53 2322
53 2323
53 2325
53 2326
53 2327
53 2328
53 2329
53 2330
53 2331
53 2332
53 2333
53 2334
654 1845
654 3289
1717 790
1717 2861
2349 498
2349 790
2349 1319
2349 1554
2349 1576
2349 1745
2349 1902
2349 2037
2349 2271
2349 2371
2349 3222
2349 3251
2349 3322
2349 4315
2350 498
2350 547
2350 790
2350 1209
2350 1319
2350 1554
2350 1576
2350 1745
2350 1902
2350 2037
2350 2271
2350 2371
2350 3222
2350 3251
2350 3313
2350 3322
2350 4315
2876 69
2876 2881
2876 2886
2876 2887
2876 2890
2876 2891
2876 2893
2876 2894
2876 2895
2876 2896
2876 2897
2876 2912
2876 3080
2876 4692
3229 2861
3229 113
3229 1787
3229 2093
3229 2221
3229 3810
3458 790
3458 2861
3458 182
3458 365
284 1243
284 3449
284 3840
1243 3838
3449 3839
3449 4409
285 534
285 4650
1718 1548
3642 1548
3642 182
4650 287
4650 1206
4650 1561
4650 4411
287 41
287 365
287 942
287 1113
287 1194
41 710
41 935
41 1878
41 1879
41 1880
41 1881
41 1882
41 1883
41 1884
41 1885
41 1886
41 1887
41 1888
188 710
188 939
188 1031
188 1072
188 1074
188 1554
188 1582
188 2175
188 3228
188 3452
365 1765
365 1829
942 15
942 120
942 387
942 939
942 1254
942 1255
942 1257
942 1321
942 1561
942 1755
942 2831
942 2996
942 2997
942 3180
942 3373
942 4360
942 4420
942 4486
942 4497
942 4540
1113 829
1113 1147
1113 1255
1113 1561
1113 1704
1113 2827
1113 3103
1113 3518
1113 4417
1113 4487
1113 4495
1113 4515
1113 4517
1113 4525
1113 4536
1113 4539
1113 4554
1113 4572
1113 4577
1113 4579
1113 4723
1194 342
1194 381
1194 389
1194 939
1194 1088
1194 1089
1194 1252
1194 1561
1194 1570
1194 3777
1194 4360
1194 4536
2 290
1596 1955
330 191
330 214
330 299
330 3557
330 4312
330 4464
214 509
299 710
299 1210
299 1769
299 2827
299 2838
299 2941
299 2996
299 3145
299 4155
299 4313
4312 2827
4312 113
4464 119
1111 4398
1111 4486
1111 4572
170 348
170 710
170 939
170 1240
170 1262
170 1548
170 1554
170 2039
170 2040
170 2246
170 2250
170 3221
170 3222
170 3249
170 3250
170 3257
170 3430
170 4749
170 4758
170 4760
4 381
4 382
4 383
4 386
4 388
4 389
4 390
380 342
380 1254
380 1255
380 1256
380 1257
380 1321
380 2831
380 2996
380 2998
380 3180
380 4497
342 1254
342 1257
342 4426
1254 381
1254 382
1254 390
1254 389
1254 1119
1254 1258
1254 2445
1254 2907
1254 2996
1254 3026
1254 4486
1254 4536
1255 2998
1255 1321
1256 1321
1257 2996
1257 1321
1321 381
1321 382
1321 390
1321 120
1321 150
1321 178
1321 334
1321 384
1321 387
1321 1119
1321 1144
1321 1192
1321 1973
1321 2442
1321 2443
1321 2445
1321 2831
1321 2907
1321 2996
1321 2997
1321 2998
1321 2999
1321 3021
1321 3026
1321 3027
1321 3180
1321 4046
1321 4417
1321 4420
1321 4486
1321 4497
1321 4540
1321 4536
2831 67
2831 160
2996 160
2996 1050
2996 2998
2996 4537
2998 383
2998 388
2998 389
2998 1258
2998 3180
2998 3373
2998 4518
3180 120
3180 160
3180 1973
4497 119
4497 120
4497 160
4497 311
4497 334
4497 428
381 113
381 1973
381 4540
381 4538
381 4539
113 598
113 599
113 710
113 1266
113 1548
113 1883
113 1902
113 2047
113 3510
113 4259
113 4311
113 4313
113 4314
113 4315
113 4316
113 4317
113 4318
113 4319
113 4320
113 4322
113 4323
113 4324
113 4325
113 4327
113 4329
385 2799
1973 830
1973 1252
1973 1711
1973 2233
1973 3249
1973 3250
1973 3860
4540 2799
4540 120
382 178
178 3021
178 3022
178 3023
178 3026
178 3854
389 4538
389 4539
390 4534
4699 4249
4699 130
436 456
436 458
436 461
436 463
436 469
436 470
436 2765
436 3776
434 458
434 467
434 470
434 609
434 2777
434 3774
434 3776
460 455
455 4673
463 706
463 1875
463 2764
463 1508
706 1223
706 2822
706 2941
706 4243
1875 3011
1875 3968
1875 4323
1875 4730
2762 1508
2764 2689
2764 1871
2764 3776
469 424
469 438
469 439
469 444
438 470
444 470
444 951
980 832
980 944
980 1070
980 3228
980 3257
980 3942
980 4069
487 2799
487 4249
495 4249
509 2004
2004 833
2004 2791
517 2684
517 2685
2684 3777
2685 2686
2685 3777
518 1155
1155 543
1155 710
1155 953
1155 2336
1155 1165
1155 1207
1155 1228
1155 1235
1155 1488
1155 1494
1155 1716
1155 1741
1155 1901
1155 1902
1155 1903
1155 2371
1155 2950
1155 3584
1155 3601
1155 3604
1155 3608
1155 3615
1155 3633
1155 4103
520 122
122 4617
122 4618
122 4619
122 4620
122 4621
122 4622
122 4623
122 4624
122 4625
122 4626
122 4627
524 829
524 1015
524 1241
524 4491
524 2182
524 2545
524 3233
524 4505
524 4523
829 164
829 4409
829 4487
829 4503
829 3840
1241 1106
1241 3232
1241 3239
1241 3840
4491 3235
4491 4490
4491 119
526 537
528 2742
528 3495
2742 839
2742 2175
2742 2591
2742 4243
529 704
704 967
546 967
547 1737
547 3299
3299 79
556 967
595 120
595 162
595 3211
595 3416
595 4760
120 599
120 945
120 1084
120 1189
120 1777
120 1809
120 1855
120 1856
120 2827
120 3211
120 3249
120 3254
120 3518
120 3959
120 4315
120 4509
120 4510
120 4511
120 4512
120 4513
120 4515
120 4516
120 4517
120 4518
120 4519
120 4520
120 4521
120 4522
120 4523
120 4524
120 4525
120 4526
120 4527
120 4528
120 4529
120 4530
120 4531
120 4532
120 4533
120 4535
120 4536
120 4538
120 4539
120 4541
120 4542
120 4543
120 4544
120 4545
120 4546
120 4547
120 4548
120 4549
120 4550
120 4551
120 4552
120 4553
120 4554
120 4556
120 4557
120 4558
120 4559
120 4560
120 4561
120 4562
120 4565
120 4566
120 4568
120 4569
120 4570
120 4571
120 4572
120 4573
120 4574
120 4575
120 4576
120 4577
120 4578
120 4579
120 4580
120 4581
120 4582
120 4583
120 4584
120 4585
120 4586
120 4587
120 4588
120 4590
120 4591
120 4592
162 710
162 2838
2001 689
2001 1341
2001 1488
2001 3864
3211 112
3211 1148
3211 1152
3211 1158
3211 4760
596 3416
596 4760
597 442
597 1148
597 1396
597 2781
146 948
146 951
146 1396
146 2927
146 3279
442 600
442 711
442 900
442 943
442 954
442 2838
442 2927
885 870
885 1881
1148 710
1148 1179
1148 1198
1148 1319
1148 3246
1148 3602
1148 3604
1148 3610
1148 3615
1396 600
1396 1195
1396 3456
1396 2927
1396 3196
2781 909
2781 2927
598 49
49 710
49 1240
49 1262
49 2010
49 2011
49 2012
49 2013
49 2014
49 2015
49 2016
49 2017
49 2018
49 2019
49 2020
49 2021
49 2022
49 2023
49 2024
49 2025
49 2026
49 2027
49 2028
49 2029
49 2030
49 2031
49 2032
49 2033
49 2034
49 2035
49 2036
49 2037
49 2038
49 2039
49 2040
49 2045
49 2046
49 2047
599 69
599 150
599 1227
599 2875
599 3269
599 3861
599 3869
599 3872
69 790
69 1229
69 1230
69 1341
69 2877
69 2878
69 2879
69 2881
69 2882
69 2883
69 2884
69 2887
69 2888
69 2889
69 2891
69 2892
69 2893
69 2894
69 2895
69 2896
69 2897
69 2898
69 2899
69 2901
69 2903
69 2904
69 2906
69 2907
69 2908
69 2910
69 2911
69 2912
69 2913
69 2914
69 2916
69 2917
69 2919
69 2920
69 2921
69 2922
69 2923
69 2924
69 2925
69 2926
69 2928
69 2929
69 2930
69 2931
69 2932
150 945
1227 3869
1227 2922
2875 953
2875 2881
2875 2882
2875 2883
2875 2884
2875 2885
2875 2890
2875 2914
2875 2924
2875 2926
2875 2927
2875 2928
3269 4586
3861 600
3861 1247
3861 2233
3861 2838
3861 3864
3861 3884
3869 101
3869 3872
3872 101
3872 692
668 3884
668 4700
608 1508
1530 967
1530 3190
1530 3368
1530 3584
689 939
708 727
708 1105
708 1550
708 1580
708 1705
708 1709
708 1750
708 2175
708 2807
708 3351
708 4071
708 4212
708 4389
708 4597
1550 1212
1580 102
1580 2948
1580 3318
1580 2175
1708 945
1708 1084
1708 2040
1708 2326
1708 4254
1708 4475
1709 945
1709 119
1709 2799
2175 2087
2175 2933
2175 3553
2175 4079
2175 4080
2175 4249
2175 4561
2807 67
2807 102
3351 79
4071 104
4212 109
4389 116
710 15
710 19
710 42
710 58
710 59
710 76
710 79
710 88
710 94
710 108
710 112
710 119
710 123
710 129
710 130
710 142
710 147
710 151
710 155
710 160
710 167
710 174
710 177
710 182
710 190
710 194
710 197
710 294
710 319
710 324
710 1152
710 1159
710 1177
710 1207
710 1372
710 1510
710 1871
710 1889
710 1997
710 2336
710 2381
710 2709
710 2853
710 3008
710 3669
710 3810
710 4652
15 988
15 1062
15 1064
15 1065
15 1066
15 1067
15 1069
15 1070
15 1071
15 1072
15 1073
15 1074
15 1075
15 1077
15 1078
15 1079
15 1080
15 1081
15 1083
15 1084
15 1085
15 1086
15 1087
15 1088
15 1089
15 1090
15 1091
15 1092
19 949
19 1160
19 1161
19 1163
19 1166
19 1167
19 1168
19 1169
19 1170
19 1171
19 1172
19 1173
19 1174
19 1175
19 1176
19 1177
19 1179
19 1180
19 1182
42 1889
42 1890
58 2449
59 2450
59 2451
59 2453
67 2801
67 2802
67 2803
67 2804
67 2808
67 2809
67 2810
67 2811
67 2812
67 2813
67 2814
67 2815
67 2816
67 2817
67 2818
67 2819
67 2820
67 2821
67 2822
67 2823
67 2824
67 2825
67 2826
67 2827
67 2830
67 2832
67 2833
67 2834
67 2835
76 3201
76 3202
76 3203
76 3204
79 1104
79 1320
79 3222
79 3280
79 3281
79 3282
79 3283
79 3284
79 3285
79 3286
79 3287
79 3288
79 3289
79 3290
79 3291
79 3292
79 3293
79 3294
79 3295
79 3297
79 3298
79 3300
79 3301
79 3302
79 3303
79 3304
79 3305
79 3306
79 3307
79 3308
79 3309
79 3310
79 3311
79 3312
79 3313
79 3314
79 3315
79 3316
79 3317
79 3318
79 3319
79 3320
79 3322
79 3323
79 3324
79 3325
79 3326
79 3327
79 3328
79 3329
79 3330
79 3331
79 3332
79 3333
79 3334
79 3335
79 3336
79 3337
79 3338
79 3339
79 3340
79 3341
79 3342
79 3343
79 3345
79 3346
79 3347
79 3348
79 3349
79 3350
79 3352
79 3353
79 3354
79 3355
79 3356
79 3357
79 3358
79 3359
79 3360
88 1162
88 1901
88 1902
88 1904
88 3578
88 3579
88 3580
88 3581
88 3582
88 3583
88 3584
88 3585
88 3586
88 3588
88 3589
88 3590
88 3591
88 3592
88 3593
88 3594
88 3595
88 3596
88 3597
88 3598
88 3599
88 3600
88 3601
88 3602
88 3603
88 3604
88 3605
88 3606
88 3607
88 3608
88 3609
88 3610
88 3611
88 3612
88 3613
88 3614
88 3615
88 3616
88 3617
88 3618
88 3619
88 3620
88 3621
88 3622
88 3623
88 3624
88 3625
88 3629
88 3630
88 3631
88 3632
88 3633
88 3634
88 3635
88 3636
88 3637
94 1259
94 1508
94 1888
94 3741
94 3742
94 3743
94 3744
108 839
108 1488
108 1661
108 4119
112 1564
112 4298
112 4299
112 4300
112 4301
112 4302
112 4303
112 4304
112 4306
112 4307
112 4308
112 4309
112 4310
119 815
119 1192
119 1223
119 1743
119 1793
119 2827
119 2838
119 3840
119 4346
119 4399
119 4401
119 4402
119 4403
119 4404
119 4405
119 4406
119 4407
119 4408
119 4409
119 4410
119 4411
119 4412
119 4413
119 4414
119 4415
119 4416
119 4417
119 4418
119 4419
119 4421
119 4422
119 4423
119 4425
119 4427
119 4428
119 4429
119 4430
119 4431
119 4432
119 4433
119 4434
119 4435
119 4436
119 4437
119 4438
119 4439
119 4441
119 4442
119 4443
119 4444
119 4445
119 4446
119 4447
119 4448
119 4449
119 4450
119 4451
119 4452
119 4453
119 4454
119 4455
119 4456
119 4457
119 4458
119 4459
119 4460
119 4461
119 4462
119 4463
119 4465
119 4466
119 4467
119 4468
119 4469
119 4470
119 4471
119 4472
119 4473
119 4474
119 4476
119 4477
119 4478
119 4479
119 4480
119 4481
119 4482
119 4483
119 4484
119 4485
119 4486
119 4487
119 4488
119 4489
119 4490
119 4492
119 4493
119 4494
119 4495
119 4496
119 4498
119 4499
119 4500
119 4501
119 4502
119 4503
119 4504
119 4505
119 4506
119 4507
119 4508
123 2941
123 4628
123 4629
123 4630
123 4632
123 4633
123 4634
123 4635
123 4636
123 4637
123 4638
123 4639
123 4640
123 4641
123 4642
123 4643
123 4644
129 1315
129 1495
129 4652
129 4681
129 4682
129 4683
129 4684
129 4685
129 4686
129 4687
129 4688
129 4689
129 4690
129 4691
129 4692
130 1782
130 2869
130 3075
130 3190
130 4636
130 4693
130 4694
130 4695
130 4696
130 4697
130 4698
130 4700
130 4701
130 4703
130 4704
130 4705
130 4706
130 4707
130 4708
130 4709
130 4710
130 4711
130 4712
130 4713
130 4714
130 4715
130 4716
130 4717
130 4718
130 4720
130 4721
130 4722
130 4723
130 4724
130 4725
130 4727
130 4728
130 4729
130 4730
130 4731
130 4732
130 4733
130 4734
130 4735
130 4736
130 4737
130 4738
130 4739
130 4741
130 4742
130 4743
130 4744
130 4746
130 4747
130 4748
138 790
138 939
138 944
138 1262
138 3251
138 3447
138 4709
142 1807
147 2689
155 2838
156 2838
156 2925
156 3023
156 3190
156 4730
160 1201
160 1202
160 1207
160 4102
166 790
166 939
166 979
166 1238
166 1389
166 1554
166 1576
166 2281
174 1549
174 2838
174 2860
177 4555
182 716
182 790
182 1191
182 1554
182 2566
190 790
190 2545
190 2549
190 3312
190 3548
190 3942
190 4384
190 4703
194 1319
197 790
197 1693
197 4648
197 4652
294 833
294 2846
294 2974
294 2986
324 2839
324 2873
324 4310
326 792
326 945
326 1077
326 1317
326 1488
326 2773
326 2838
326 3535
326 3667
326 4371
326 4683
1048 1060
1048 4730
1152 1156
1152 1157
1152 1179
1152 3610
1152 3615
1158 165
1158 1179
1158 1180
1158 3610
1158 3615
1159 1179
1159 1180
1159 3615
1177 1169
1177 3205
1207 185
1207 327
1207 1157
1207 1342
1207 1622
1207 2337
1207 2343
1207 2344
1207 4613
1207 1240
1207 1319
1207 2799
1207 2906
1207 3222
1207 4393
1207 4513
1207 4658
1372 945
1372 1250
1372 1393
1372 1488
1871 790
1871 943
1871 1548
1871 1552
1871 2185
1871 2207
1871 2208
1871 2210
1871 2226
1871 2689
1871 4542
1955 803
1955 804
1955 837
1955 1030
1955 1308
1955 1592
1955 1593
1955 1599
1955 1603
1955 1604
1955 1605
1955 1620
1955 1625
1955 1626
1955 1629
1955 1587
1955 2838
1955 4245
1983 1807
1983 3096
1983 3141
1983 3190
1983 4510
1997 2941
1997 3158
1997 4429
2336 1184
2336 1901
2336 2371
2336 2906
2336 3144
2336 3587
2336 3588
2336 3610
2336 4608
2336 4652
2336 4691
2381 1240
2381 1319
2381 2799
2381 2906
2381 3222
2381 4393
2381 4513
2381 4658
2853 1199
2853 1226
2853 2789
2853 2791
2853 4558
2853 4691
3008 192
3669 92
3810 790
3810 939
3810 1067
3810 1076
3810 1089
3810 1324
3810 1532
3810 2435
3810 2583
3810 2773
3810 2791
3810 2852
3810 2888
3810 2941
3810 3190
3810 4043
3810 4612
4652 1240
4652 1319
4652 2371
4652 2799
4652 2906
4652 3222
4652 4513
4652 4658
711 673
711 679
711 703
711 3884
711 716
673 712
673 713
673 714
673 715
673 716
673 3492
679 712
679 715
703 713
712 1042
712 716
3884 716
3884 296
3884 692
1042 1544
1042 2450
1042 2930
1042 2934
1042 2957
1042 3885
1042 4555
1042 4558
1042 4561
1042 4563
713 1309
1309 652
1309 2799
714 2060
716 3831
716 3883
707 2207
707 2838
3831 729
3831 830
3831 1084
3831 1171
3831 1186
3831 1324
3831 1691
3831 1884
3831 2184
3831 2187
3831 2188
3831 2189
3831 2192
3831 2194
3831 2195
3831 2196
3831 2198
3831 2199
3831 2200
3831 2201
3831 2203
3831 2204
3831 2205
3831 2207
3831 2208
3831 2209
3831 2210
3831 2211
3831 2212
3831 2215
3831 2217
3831 2218
3831 2219
3831 2224
3831 2225
3831 2226
3831 2252
3831 2769
3831 2773
3831 2776
3831 2777
3831 2849
3831 3261
3831 3776
3883 101
728 1153
1153 1164
1153 1179
1153 1180
1153 1898
1153 2896
1153 3588
1153 3610
1153 4373
729 172
790 101
790 1368
790 1554
790 1787
790 2861
790 2877
790 3893
101 1209
101 1777
101 2270
101 3862
101 3863
101 3864
101 3865
101 3866
101 3867
101 3868
101 3870
101 3871
101 3873
101 3874
101 3875
101 3876
101 3877
101 3878
101 3879
101 3880
101 3881
101 3882
101 3885
101 3887
101 3888
101 3889
101 3890
1368 1304
1368 1836
1368 3246
1368 4326
1554 2236
1787 2236
2877 2890
2877 2917
2877 2924
2877 2925
2877 2927
3893 102
792 2347
2347 989
2347 1623
2347 1692
2347 1769
2347 1888
2347 2262
2347 2678
2347 2974
2347 3322
798 109
109 4121
109 4122
109 4123
109 4124
109 4125
109 4126
109 4127
109 4128
109 4129
109 4130
109 4131
109 4132
109 4133
109 4134
109 4135
109 4136
109 4137
109 4138
109 4139
109 4140
109 4141
109 4142
109 4143
109 4144
109 4145
109 4146
109 4147
109 4148
109 4149
109 4150
109 4151
109 4152
109 4153
109 4154
109 4155
109 4156
109 4157
109 4158
109 4159
109 4160
109 4161
109 4162
109 4163
109 4164
109 4165
109 4166
109 4167
109 4168
109 4169
109 4170
109 4171
109 4172
109 4173
109 4174
109 4175
109 4176
109 4177
109 4178
109 4179
109 4180
109 4181
109 4182
109 4183
109 4184
109 4185
109 4186
109 4187
109 4188
109 4189
109 4190
109 4191
109 4192
109 4194
109 4195
109 4196
109 4197
109 4198
109 4199
109 4200
109 4201
109 4202
109 4203
109 4204
109 4205
109 4206
109 4207
109 4208
109 4209
109 4210
109 4211
109 4213
109 4214
109 4215
109 4216
109 4217
109 4218
109 4219
109 4220
109 4221
109 4222
109 4223
109 4224
109 4225
109 4226
109 4227
109 4228
109 4229
109 4230
109 4231
109 4232
109 4234
109 4235
109 4236
109 4237
109 4238
109 4239
109 4240
109 4241
803 134
803 180
134 1593
134 1606
134 4234
804 164
804 741
804 994
804 1002
804 1006
804 1014
804 1018
804 1594
164 1032
164 1552
164 1576
164 1968
164 1970
164 2234
164 2246
164 4239
164 4760
741 837
741 1031
741 1033
741 4245
1002 1032
1002 1033
806 378
806 3986
3986 102
3986 305
815 3541
818 2096
821 1071
827 3839
3839 4487
3839 3844
3526 3521
3526 4402
4436 3548
4436 4496
830 4233
830 1508
4233 3223
763 839
837 750
837 1583
750 840
750 1031
750 1582
750 1618
750 4230
750 4247
839 312
839 397
839 398
839 445
839 457
839 736
839 739
839 1434
839 1623
839 1847
839 2087
839 2092
839 2455
839 2570
839 2901
839 2968
839 3553
839 4194
839 4305
839 4561
102 1582
102 1828
102 2444
102 2454
102 2805
102 3891
102 3892
102 3894
102 3895
102 3896
102 3897
102 3898
102 3899
102 3900
102 3901
102 3902
102 3903
102 3904
102 3905
102 3906
102 3907
102 3908
102 3909
102 3910
102 3911
102 3912
102 3913
102 3915
102 3916
102 3917
102 3918
102 3919
102 3920
102 3921
102 3922
102 3923
102 3924
102 3925
102 3926
102 3927
102 3928
102 3929
102 3930
102 3931
102 3932
102 3933
102 3934
102 3935
102 3936
102 3937
102 3938
102 3939
102 3940
102 3941
102 3942
102 3943
102 3944
102 3945
102 3946
102 3947
102 3948
102 3949
102 3951
102 3952
102 3953
102 3954
102 3955
102 3956
102 3957
102 3958
102 3960
102 3961
102 3962
102 3963
102 3964
102 3965
102 3966
102 3967
102 3968
102 3969
102 3970
102 3971
102 3973
102 3974
102 3975
102 3977
102 3978
102 3979
102 3980
102 3981
102 3982
102 3983
102 3984
102 3985
102 3987
102 3988
102 3989
102 3990
102 3991
102 3992
102 3993
102 3994
102 3995
102 3996
102 3997
102 3999
102 4000
102 4002
102 4003
102 4004
102 4006
102 4007
102 4008
102 4010
102 4011
102 4012
102 4014
102 4017
102 4018
312 2299
312 2591
312 3848
397 961
397 4014
397 4072
397 4326
398 1733
398 3287
739 1031
1434 1250
1434 1487
2087 1030
2087 2067
2087 2095
2087 2097
2087 4245
2092 1720
2933 3880
2968 1031
2968 4245
3553 1030
3553 4243
4305 2928
4561 1777
4561 3880
4561 1051
4561 1778
1251 968
1251 4257
1251 4383
1251 1320
1251 2490
1251 3246
870 1881
886 866
890 4673
909 4673
910 925
918 1197
920 1517
920 2645
2645 976
2645 2644
2645 64
2645 2646
2645 2648
2645 2649
924 1238
926 4672
4672 1197
927 2799
927 4249
933 1768
1768 1879
1768 1888
1768 2449
939 2221
939 2687
939 2227
939 3262
2997 2203
2997 2799
3373 2203
3373 2799
3373 309
3750 1191
3750 2191
3750 3757
1561 1210
1561 2718
1561 3890
1561 3262
4360 1089
4360 3777
4360 3886
4360 4354
4360 116
4360 4411
945 408
408 1319
948 4673
4768 1319
4768 2231
4768 4107
4768 4760
949 4673
953 1157
953 3610
1157 1228
1157 1901
1157 1902
1157 3601
1157 3604
1157 3610
1157 3615
955 2782
955 3196
2782 3868
2782 4673
3196 672
3196 1198
4664 4673
956 2799
956 4249
961 2449
962 2799
963 430
430 1508
430 1788
430 4673
967 338
967 372
967 984
967 988
967 1333
967 1491
967 1504
967 1582
967 1662
967 1743
967 1881
967 2183
967 2800
967 3054
967 3086
967 3138
967 3171
967 3305
967 3493
967 3509
967 3545
967 3562
967 3584
967 3711
967 3998
967 4009
967 4130
338 2507
338 4622
1333 1927
1662 4383
1762 1070
2800 3787
3138 289
3494 3886
3509 1000
3711 92
968 116
968 412
968 2058
968 4504
116 1223
116 4354
116 4355
116 4356
116 4357
116 4358
116 4359
116 4361
116 4362
116 4363
116 4364
116 4366
116 4367
116 4368
116 4369
116 4370
116 4371
116 4372
116 4373
116 4374
116 4376
116 4377
116 4378
116 4379
116 4380
116 4381
116 4383
116 4386
116 4387
116 4388
116 4390
116 4391
116 4392
116 4393
116 4394
412 4387
2058 4391
4504 1084
4504 1172
4504 1244
4504 1793
4504 1838
4504 3233
4504 4393
4504 4405
4504 4523
971 63
971 2825
971 4394
63 2505
63 2610
63 2611
63 2612
63 2613
63 2614
63 2615
63 2616
63 2617
63 2618
63 2619
63 2620
63 2621
63 2622
63 2623
63 2624
63 2625
63 2626
63 2627
63 2628
4394 2081
4394 3382
976 358
976 3069
976 3318
979 376
979 2799
979 4249
376 1031
376 2860
376 3251
986 989
760 4262
1618 1009
1030 395
1030 1995
1030 2822
395 1734
395 1741
395 2045
1995 1878
1995 4335
1031 2508
1032 1592
1592 1942
1592 1958
1592 1966
1592 1967
1592 1968
1592 1970
1592 1971
1036 1008
1051 1544
1051 2450
1051 2930
1051 2934
1051 3878
1051 3885
1051 4555
1051 4558
1060 3364
3364 2928
1061 1057
1065 1067
1065 1076
1070 1182
1070 1383
1070 1778
1070 1780
1070 2274
1070 2754
1070 2940
1070 4759
1179 1162
1179 1170
1179 1172
1182 1162
1182 1170
1182 1172
1182 1173
1182 1181
1778 1904
1778 2854
1778 3879
1778 4560
1780 1777
2940 1231
2940 1294
1071 1324
1071 1904
1071 2011
1071 2122
1071 3009
1071 3933
1071 4065
1071 4267
1071 4291
1324 3506
4065 104
1079 3655
3655 92
103 1214
103 1215
103 1219
103 1358
103 2958
103 4019
103 4020
103 4021
103 4022
103 4023
103 4024
103 4025
103 4026
103 4027
103 4028
103 4029
103 4030
103 4031
103 4032
103 4033
103 4034
103 4035
103 4036
103 4037
103 4039
103 4040
103 4041
103 4042
103 4043
103 4044
103 4045
103 4046
103 4047
103 4048
103 4049
103 4050
103 4051
103 4052
103 4053
103 4054
103 4055
103 4056
103 4057
1084 1086
1084 2843
1084 4249
1085 3253
1266 2689
1266 4315
1266 4318
1089 357
1089 1452
1089 2435
1089 4358
1452 4381
4358 4099
4358 4356
291 1295
291 2789
292 2789
3855 327
3855 2337
3125 2799
3125 289
3125 327
3125 2352
1103 2040
1103 3411
1103 4750
2040 1576
2040 2030
2040 3397
2040 3416
2040 4760
2040 2235
3407 1576
3407 2235
3407 3249
3407 3212
3407 4760
3411 3410
4750 1576
4750 2235
4750 3249
4750 4760
1104 4062
1104 4107
1108 1119
1108 1144
1119 4764
1140 1116
1116 1856
1147 1123
1156 3615
165 2196
1162 44
1162 1169
1162 1173
44 1891
44 1892
44 1893
44 1894
44 1895
44 1896
44 1897
44 1898
44 1899
44 1900
44 1901
44 1902
44 1903
1163 1169
1164 1169
1165 1169
1166 1169
1167 1169
1169 1181
1181 1170
1181 1174
1170 1172
1127 2238
1172 3050
3050 3320
1186 2689
1189 1209
1252 4354
1252 4356
3777 2150
3777 2745
3777 3565
3777 4357
3777 4359
3777 4687
1202 2150
1202 4381
2150 1390
2150 1549
2150 2028
2150 2042
2150 2043
2150 2047
2150 2741
2150 2155
2150 2156
2150 2158
2150 2159
2150 2163
2150 2166
2150 2678
2150 2723
2150 2729
4381 1508
4381 4257
4381 4383
1203 1576
1206 1342
1206 2037
1206 4751
1342 1250
1342 25
1342 405
1342 2151
1342 3033
1342 4107
1342 4648
2037 1250
2037 2343
2037 4593
3309 2799
3315 4333
185 3875
327 4103
327 4513
1622 1308
1622 1625
1622 1626
1622 1627
1622 1798
1622 2789
1622 2839
1622 2846
1622 2856
1622 3181
1622 3220
1622 4371
2337 1208
2337 1487
2337 1734
2337 1898
2337 1902
2337 2897
2337 3587
2337 3603
2337 3604
2337 3632
2337 4373
2337 4681
2343 1319
2343 1745
2343 3246
2343 3294
2343 3321
2343 3322
4613 2906
4613 4691
4656 1250
4656 2566
4656 3033
4656 404
1209 2923
2923 2913
2923 3023
4273 2794
4273 2809
4273 3840
4273 4719
1210 3475
1210 3886
1212 2810
1212 3970
1212 3994
1212 1538
3970 1552
3970 650
4046 2152
4046 3448
4046 3455
4046 4521
4046 4673
1214 3387
3387 81
1215 3814
1215 4031
3814 4086
4031 317
4031 700
1223 4467
4467 4346
4467 4455
4467 4456
1226 1285
1226 1290
1226 2936
1226 3017
1226 3220
1290 1231
1290 1295
1231 1234
1231 1268
1231 1269
1231 1270
1231 1271
1231 1274
1231 1277
1231 1278
1231 1279
1231 1280
1231 1281
1231 1288
1231 1289
1231 1297
1231 2835
1231 4544
1231 4546
1231 1247
1268 1294
2839 329
2839 1809
2839 4763
2937 1294
2937 289
2937 311
2939 1294
1233 700
1233 4704
1233 1247
700 4047
4704 4732
1239 2799
1239 4249
1240 405
405 1250
405 1745
405 2042
405 3287
405 3292
405 3296
405 3312
405 3344
1106 4326
3239 3257
3836 3835
1242 4477
2948 1625
2948 4477
1247 2838
1247 3018
2838 1294
2838 1553
2838 2823
2838 2995
2838 3277
2838 3671
2838 4108
2838 4270
3871 289
1248 1319
1248 1320
1249 402
402 1319
402 1320
402 1741
402 1828
402 2587
402 3347
4257 1487
4257 1661
4257 4255
4257 1443
4383 1487
4383 1661
4383 4255
2907 2799
3026 3021
1260 4552
1260 4764
1267 1494
1267 3228
1296 1914
652 2252
1310 1319
1311 1312
1311 1443
1311 1315
1312 1313
1312 1315
1312 4365
1443 1314
1443 1487
1443 1661
1443 4253
1443 4681
1314 4382
1317 2163
1319 1320
1319 1392
1319 1693
1319 2906
1319 3246
1320 3246
1320 3222
1693 2371
2906 2371
2906 4593
2906 4595
3021 3854
4417 4498
1325 3175
1325 4631
3175 4636
3175 4643
4631 4635
4631 4636
25 1341
25 1343
25 1344
25 1345
25 1346
1353 4258
1355 1991
664 1408
664 1533
1385 4411
4411 4249
1387 1772
1394 1537
1410 2882
1410 2981
1410 4730
1441 1421
1441 1422
1441 1474
1421 1487
1466 1468
1483 1845
1485 1486
1487 4375
1487 1711
1487 2384
1487 4681
1487 4683
1488 1135
1488 1449
1488 1648
1488 1650
1488 2006
1488 2358
1488 4681
1135 1742
1135 2156
1135 2682
1135 4283
1650 4681
2006 1532
2006 4053
2358 1653
2358 1661
1494 4062
1494 4107
4062 3228
4062 104
4107 3228
4107 107
1508 2145
1508 2608
1508 3011
1508 4386
1508 1576
4386 4393
1534 3490
1537 1772
1537 2312
1537 2989
1538 1552
4299 1564
4299 1573
4299 3951
1543 3959
1553 4306
1553 4763
4306 317
4763 4304
1556 4300
4300 1573
4300 3916
4300 3951
1558 4729
3478 3497
3890 3476
1572 3946
3946 3950
3946 3951
1576 2689
2689 193
2689 1691
2689 2042
2689 2965
1958 1606
1959 4232
1606 761
761 4234
1615 1949
1631 3936
1635 1636
1661 4253
1677 1723
1682 2505
1685 3045
1685 4513
1686 3265
1691 107
1691 2042
107 1734
107 2043
107 4094
107 4096
107 4097
107 4098
107 4099
107 4100
107 4101
107 4102
107 4103
107 4104
107 4105
107 4106
107 4110
107 4111
107 4112
107 4113
107 4114
107 4115
107 4116
107 4118
1702 2799
1704 3019
1707 305
305 2186
305 2197
305 2214
1713 2032
1713 2815
2032 2594
2815 4288
1725 1728
1730 2267
1733 2889
2889 2891
2889 3604
1734 2351
2351 4373
1738 3560
1745 404
1745 2348
404 2371
404 4348
404 4657
1756 875
875 4118
1765 2517
1777 3880
1777 4511
1777 4696
4696 2252
4696 4557
4696 289
1781 2251
1790 650
650 3934
650 3959
650 3972
650 3985
650 3987
1793 2545
1793 4506
2545 1838
4506 1838
1796 4531
1796 3451
1800 1803
1807 317
1807 4688
317 1901
317 2904
317 2941
317 3840
1811 2942
1813 1822
1821 1822
1825 4249
1831 1282
1282 4243
1832 672
672 2846
672 2854
672 3451
672 4612
1838 2493
1838 3322
1838 4749
1842 2095
2095 2253
1856 4571
1856 4572
1856 4577
4571 4580
1864 2132
2132 1866
2132 2152
2132 2967
2132 3776
1901 3632
1971 2324
1971 4226
2015 2163
2017 2716
2023 4315
2033 2799
3416 3208
3416 3212
3416 3422
4760 3208
4760 3420
2053 2073
2053 2515
2073 2515
2097 2065
2065 2515
2110 2121
2156 2698
2158 2747
2163 4222
2173 2724
2174 2681
106 4078
106 4079
106 4080
106 4081
106 4082
106 4083
106 4084
106 4085
106 4086
106 4087
106 4088
106 4089
106 4090
106 4091
106 4092
106 4093
4249 2220
4249 2281
4249 2288
4249 2291
4249 2298
4249 2318
4249 2470
4249 2860
4249 3261
4249 4276
4249 4748
2182 3237
2184 3958
3958 3956
2185 1935
2192 1043
1043 2193
2206 3886
2217 369
369 4262
2233 4644
2234 3455
2251 4560
3482 3886
2288 2492
2328 2307
2299 2056
2302 2760
2513 2492
2513 2511
2513 2519
2513 2535
2513 2551
2513 2568
2513 2594
2760 2759
2318 2799
2364 2341
2364 2367
2378 4691
2449 2652
2652 64
2450 296
296 3178
296 3189
296 4398
296 4512
296 4635
2451 289
2451 1044
289 2452
289 4599
1044 2452
2452 3790
2452 2928
2475 3547
2475 2623
2475 3451
2486 1138
2486 1518
2515 2082
2515 3148
2599 2604
4680 2600
4072 104
64 2629
64 2630
64 2631
64 2632
64 2633
64 2634
64 2635
64 2636
64 2637
64 2638
64 2639
64 2640
64 2641
64 2642
64 2643
64 2644
64 2646
64 2647
64 2648
64 2650
64 2651
64 2653
64 2654
64 2655
64 2656
64 2657
64 2658
64 2659
64 2660
64 2661
64 2662
64 2663
64 2664
64 2665
64 2666
64 2667
64 2668
64 2669
64 2670
64 2671
64 2672
64 2674
64 2675
64 2676
64 2677
193 3770
2690 250
2690 1374
2706 2707
2745 4356
2757 2759
2758 2759
2769 427
2769 428
427 3743
428 2908
428 3798
2770 2799
2773 426
426 3764
2785 2360
2360 3967
2799 2860
2799 3774
2799 4129
2799 4223
2799 4564
2799 4714
2799 4737
2860 4709
4288 4285
2827 3235
2827 4313
2827 4477
3235 3833
3235 4099
3235 4505
4313 4477
4489 3840
4489 2992
4489 3169
2830 3215
2832 4258
3671 92
4108 2928
2845 4258
2862 4049
2865 1291
1291 4282
2873 302
302 4038
302 4612
2878 4326
2883 2894
2896 2897
2908 4514
2913 100
100 3279
100 3856
100 3857
100 3859
100 3860
2918 3968
2922 1293
3023 1114
2927 4673
2934 3878
311 3130
2964 1045
2992 1050
2992 4524
1050 3858
3001 4315
192 4029
3043 4695
3043 3058
3043 3059
3043 3093
3043 4728
3043 4748
4695 3082
4695 3093
4695 3517
4695 4702
3320 3222
3057 3093
3120 3136
2352 3588
3169 4479
3221 3473
3222 4657
3227 616
3227 2080
3233 3240
3249 3434
3249 4554
3434 3445
3434 4554
4554 4530
3250 4764
3257 2098
3261 4395
3261 4398
4398 117
3292 3332
634 3312
3301 3317
4008 3895
309 4269
3381 3366
81 3386
3389 3393
3389 3401
3389 3403
3389 3390
3389 3396
3393 3390
3393 3392
3393 3394
3393 3448
3426 3435
3426 4766
3426 4767
3448 3886
3451 1125
3451 4400
1125 4641
3497 3483
84 3500
84 3501
84 3502
84 3503
3512 240
3517 4723
3518 4515
3520 3522
3548 3568
3556 206
206 4426
3561 3569
3601 3604
90 3648
92 3652
92 3653
92 3654
92 3657
92 3658
92 3659
92 3660
92 3661
92 3662
92 3663
92 3664
92 3666
92 3667
92 3668
92 3670
92 3672
92 3673
92 3674
92 3675
92 3676
92 3677
92 3678
92 3679
92 3680
92 3681
92 3682
92 3683
92 3684
92 3685
92 3686
92 3687
92 3688
92 3689
92 3690
92 3691
92 3692
92 3693
92 3694
92 3695
92 3696
92 3697
92 3698
92 3699
92 3700
92 3701
92 3702
92 3703
92 3704
92 3705
92 3707
92 3708
92 3709
92 3710
92 3712
92 3713
3660 3706
3682 3684
3683 3684
93 3737
93 3738
93 3739
93 3740
3739 3725
3725 3740
3954 3759
3954 3761
3761 3748
3761 3751
3748 3762
3767 2128
3833 4457
4457 3846
4457 4456
4457 4458
3834 3840
3835 3840
3916 3960
3916 3997
3956 3961
3956 3962
3976 3988
3988 3987
3992 4001
3995 3999
4015 4254
4048 1870
104 4058
104 4059
104 4060
104 4061
104 4063
104 4064
104 4066
104 4067
104 4068
104 4069
104 4070
104 4073
104 4074
104 4075
104 4076
104 4077
4109 1058
1058 4730
4178 2338
110 4242
4258 4259
4262 360
4268 4296
4296 4326
4347 2357
4393 4691
4691 179
117 4396
117 4397
4405 4490
4407 4413
4424 4425
4500 1292
4510 213
4510 4529
4529 1047
1047 4706
1047 4712
4530 4583
4530 4764
4566 4581
4570 620
4570 635
4570 640
4570 651
4586 3271
4617 4618
4625 4626
4673 4674
128 4679
