#C:\Anaconda3\lib\site-packages\ipykernel_launcher.py -f C:\Users\CRM\AppData\Roaming\jupyter\runtime\kernel-c928d1b2-22d6-4b12-84cc-8c5e05def514.json
# GMT Fri Apr 12 10:50:42 2019
# 
80 2981 3007 3368 3369 3370 3372 3373 3375 3376 3377 3378 3380 3381 3382
3 298 301 303 304 306 310 313 321 322 328 1059 2900 221 330 331
297 382 389 710 790 833 939 1692 2200 2839 2936 3045 3150 3161 3211 4730
298 2195
301 382 595 599 710 790 1707 2445 2451 2838 2844 2846 2936 2937 2981 3196 3878 3880 4029 4108 4306
303 2981 3007 3368 3369 3370 3371 3373 3374 3376 3377 3378 3380 3381
304 229
306 229 382 595 599 710 2225 2445 2451 2838 2846 2936 2937 3190 3196 3211 3878 3880 4029 4108 4306 4544
310
313 3125 3373 3855
321 46 1596 710 833 839 1031 1219 1222 1354 1358 1595 1599 1970 2175 2791 2941 2960 3858 4048 4312 4313 4513
322 1089 2196 2203 2435 2849 3125 3131 3368 3373
328 682 1082
1059 14 1505 1082
2900 228 255 829 1031 1082 1209 1488 1696 1709 1838 2238 2515 2795 2886 2901 2937 2971 2974 2981 2996 3131 3141 3195 4016 4103 4315 4510 4701
392 5
5 420 421 422
435 6 233 275 708 847 939 974 1733 1838 2184 2246 2505 2588 3573 3942 4567
6 437 440 443 447 448 451 458 459 461 462 463 464 465 466 467 468 469 470
437 597
440 470 1259 2761 2765 2766 2769 2773 2774 2777 2849 4105
443 448 600 2769 2927
447
448 456
451 470 2769 2774
613 8 335 3254
8 618 621 623 629 632 639 642 655 658
618
621 335
623 335 615 2500 3254
629
632
639
642 3644
655
658 283 285 335 939 1576 1777 1782 2256 2517 2566 3890
660 9 600 1327 1632 4730
9 663 674 675 677 682 684 686 690 696 701 702 1872 708 709 710 711 712 713 714 715 716
663 710 1321 1632 2445 2936 2942 2999 3021 3023 4723
674 560 2941 4311
675 381 382 390 599 710 942 2838 3884 4404 4536
677 381 382 390 599 710 942 1321 2838 2996 3884 4404 4536
681 790 1781
682 40 710 839 1031 1072 1240 1321 1494 1548 1582 1625 1885 2175 2188 2702 2791 3007 4247 4648
684 1037 2450 3884
686 40 716 1061 1884 1904 2183 2185 2187 2188 2189 2192 2194 2196 2197 2198 2199 2200 2201 2205 2206 2207 2208 2209 2210 2211 2212 2215 2217 2219 2221 2224 2225 2226 3007 3261
690 2838
696 221 330 1207 1231
699 381 382 599 710 942 1321 2838 2996 3884 4404 4536
701 221 1254 1632 2445 2936 2999 3021 3023 4723
702 3492 4546
1872 40 1061 1355 2006 3832 2186 2192 2205 2220 3007 3178 3884
719 10
10 720 722 727 728 729 730
720 839
722 839
735 11 731 779
11 738 743 779 253 275 777 778 780 781 782 783 784 785 786 787 788 789 790 791 792 793 794 795 796 797 798 799 800 801 802 803 804 805 806 807 808 809 810 811 812 813 814 815 816 817 818 819 820 821 822 823 824 825 826 827 828 830 831 833 834 835 836 837 838 839 840 841 842 843 844 845 846 847 848 849
738 254 275 731 1028 1619 779 839 976 2901
743 731 779
779 731 1028 1619
316 12 882 3006 4672
12 850 852 853 857 861 862 863 864 865 871 873 874 880 528 597 710 881 882 883 885 886 887 888 889 890 891 892 893 894 895 896 897 898 899 900 901 902 903 904 905 906 907 908 909 910 911 912 913 914 915 916 917 918 919 920 921 922 923 924 925 926 927 928 929 931 932 933 934 935 936 937 938 939 940 941 943 944 945 946 947 948 949 950 951 952 953 955 956 957 958 959 960 961 962 963 964 965 967 968 969 970 971 972 973 974 975 976 977 978 979 980 981 982 983 984 985 987 988 989
850
852 597 599 948 953 971 2233 3196
853 793 930 986 1582 1627 1788 1888 2246 2262 2852 3976
855 1888 2262 3214
857 861 870 892 961 962 1879 4513
858 251 285
859 254 597 948 976 1583 1704 2636 2648 2670
861 597 884 887 904 908 953 954 2272
862 597 916 953 954 1576 2218 3602 3604 4672
863 459 916
864 951 954 966 4081
865
871 790 835 942 951 988 1088 1888 2249 2257 2262 2272 3262 4263
873 254 839 884 966 4206 4263 4268 4271 4672
874 790 942 951 956 988 1088 1888 2249 2257 2262 2272 3262 4263
880 790 835 942 1088 1888 2257 2262 2272 3262 4263
991 13 754 1029 1605
13 997 1022 1025 1026 1027 1028 1029 1030 1032 1034 1035 1036
997 1605
1022 2827 4513
1037 14 32 1509 1513 1532 2838 2934 3878 4510
14 1038 1046 1052 1055 1060 1061
1038 1061 2184
1046 710 1061 1218 2184 2186 2207 4063
1052
1055 32 229 599 710 839 945 1030 1061 1210 1247 1321 1532 1534 1711 1801 1846 2233 2799 2996 3186 3190 4426 4429 4430 4442 4497 4510 4689 4730
1094 16 818
16 1098
1097 291 292 299 319 1099 2905 2960 3855 1098 3125
1098 1099 3125
2441 57
1100 1101
17 221 1101 1102 1103 1104
1112 18 1119 1487 1488 1570 2806 3518
18 1132 1140 1141 1142 1143 1144 1145 1146 1147
1132 829
1272 21
21 1284 2905 221 1294 1295 1296 1297
1283 600 710 829 839 968 1256 1549 1552 1788 1888 2221 2827 2838 2928 2936 3196 4262 4306 4326 4497
1284
2905 595 599 830 1212 1250 1320 1324 1396 1549 1570 1576 1709 1807 2152 2260 2381 2689 2697 2831 69 2906 2913 3144 3168 3169 3184 3196 3210 3246 3320 3322 3639 3864 4025 4404 4420 4534 4612 4648 4730 4749
1298 22
22 1299 232 1197 1233 1302 1303 1304 1305 1306 1307 1308 1310 1311 1312 1313 1314 1315 1316 1318 1319 1320 1321
1299
1301 260 945 1300 1306 3547 4477 4681
1340 23 1322
23 1322 1323 1324 1325 1326 1327 1328 1329 1330 1331 1332 1333 1334 1335 1336 1337 1338 1339
1366 27 1370
27 1377 1382 1383 1384 1385 1388 1389 1390 1391 1392 1393 1394 1395 1396 1397 1398 1399 1400 1401 1402 1403
1377 1386 2214
1405 28
28 1407 1408 1409 1410 1411 1412 1413
1415 29 1482
29 1418 1424 1428 1435 1437 1438 1440 1444 1446 1456 1457 1481 710 1420 1421 1422 1425 1439 1441 1460 1462 1463 1464 1465 1467 1468 1469 1470 1471 1472 1473 1474 1475 1476 1477 1478 1479 1480 1482 1483 1484 1485 1486 1487 1488 1489 1490 1492 1493 1494 1495
1418 1441 1482
1424
1428
1435
1436 1089 1304 4381
1437
1438 1319 1711 4374
1440 1487 1661
1444 1420 4193
1446 4262
1456 1482
1457 275 1487
1481 36
1496 30
30 1497 1498 710 1499 1500 1501 1502 1503 1504
1497
1498 3833 3846 4475 4476 4495 4534
1505 31 4106
31 1506 1507 1264 1508
1506
1507 1186 1508
211 32 221 803 1611 2791 2886 2985 3131 3143
32 1049 1054 1509 1512 1513 1514 1515 1520 1521 1522 1523 1524 1525 1526 1529 1536 710 1531 1532 1533 1534 1535 1537
1049 1523 1532
1054 1061
1509 790 1777 2450 2941 3007 3178 3371 3884 4034
1512 1104 2930
1513
1514
1515 285
1519 528 935 1063 2508
1520 514 1085 1087 1172 1793 2623 4567 4568 4570
1521 710 3864
1522 710 2791 3864
1523
1524 1061 2193 2207 2930 4034
1525 1222 2599 4062
1526
1529 3184
1536
1746 37 2941
37 221
1747 1692 2941
1859 39 251 576 2800 3784
39 1860 1861 729 1864 1865 1866 1867 1868
1860 251 2800
1861 251 3784
671 40 221 285 1104 1358
40
1908 45
45 1909 1912 1915 1918 1921 1922 1923 1926 1928 1929 1930 1932 1933 1934 1936 1937 1939
1909
1912
1915 1191 2185 3452
1918
1921
1922
1923 2185
1926 2185
1928
1929
1930 790 1549 1576 2227 3221 3229 3890
1932
1933
1934 2185
1936
1937 2185
1939 790 1549 1576 2227 3221 3229 3263 3890
46 1943 1944 1945 1946 1948 1950 1951 1952 1953 1956 1960 1961 1965 1969 1032 1966 1967 1968 1971
1943 732 734 742 1968 4233
1944
1945 287 742 1606 1793 1968 1970 2182
1946
1948
1950 804 942 1032 1549 2234 4239
1951 732 742 1968 1970
1952 1968
1953 2985
1956 804
1960
1961 742 804 1970 4239
1965 1592 1968
1969 1592
1972 48
48 1977 1984 1987 1988 1989 1992 1993 1994 2008 2009
1977 3447
1984 1532 3008 3195
1987 2839 2846
1988 1993
1989
1992
1993
1994 1532
2055 50
50 2057 2064 2066 2070 2089 2097
2057 790 939 940 941 1549 1576 1764 2040 2256 2267 2515 2689 3256 3372 3665 4411
2059 1842
2064
2066 2062
2070 968 4271
2089 283 2095
2099 51
51 2100 2102 2103 2108 2111 2113 2118 2120 2133 2137 2138 2141 2143 2144 2147 2148
2100 97 3770 3771
2102 1072 3771
2103
2108 710 835 839 1030 1031 1072 1075 1076 1077 1089 1552 1554 1576 1627 1678 1764 1857 2227 2267 2605 2688 2689 2807 3228 3251 3766 3771 4245 4263 4349
2111
2113
2118 1076 3771
2120 1075
2123 221 251 467 1030 1072 1104 1561 2175 2252 3030 3448 3770 3777 4648 4649
2125 1628 1696 2133 2956
2130 1628 1696 2805 2956
2133 2415 2805 2941 2956
2137 1072 1570 1677 1680 2945 4315
2138
2140 592 1089 3766 3767 3772 3794
2141
2143
2144 592
2149 52 221 839 1031 1104 1190 1206 1250 1262 1582 1832 2150 2153 2154 2163 2164 2175 2252 2697 2964 4062 4648 4649 4650
52 710 1031 1508 2150 2151 2152 2153 2154 2155 2156 2157 2158 2159 2160 2161 2163 2164 2165 2166 2167 2168 2169 2170 2171 2172 2173 2174 2175
2362 54 1155
54 710 1902 2363 2364 2365 2366 2367 2368 2369 2370 2371 2372 2373 2374 2375 2376 2377 2378 2379 2380 2381 2382 2383 2384
2415 55 251 1210 1246 1267 1315 1324 1901 1902 2006 2799 2800 2956 2957 4107 4246 4253
55 2434 2435 2436 2437
2420 2260 3008 3279
2438 56 221 1207 1319 1494 2789 2806 4029 4103 4107 4373 4648 4701
56
2439 57 710 792 1228 1247 1804 2233 2445 2923 3096 3130 3136 3374 4730
57 2440 1341 2443 2444 2445 2446
2440
2953 71 330 547 710 1205 1308 1627 2609 2972 4063
71 97 221 939 1186 1207 1214 1219 1226 1242 1254 1308 1358 2906 2930 2954 2955 2956 2957 2958 2959 2960 2961 2962 2963 2964 2965 2966 2967 2970 2971 2972 2974 2975 2976 2977 2978 2979 2980 2981 2982 2983 2984 2985 2986 2987 2988 2990 2991 2992 2993 2994 2995 2996 2997 2998 2999 3000 3001 3002 3003 3004 3005 3006 3007 3008 3009 3010 3011 3012 3013 3014 3015 3016 3017 3018 3019
3020 72 4053
72 382 1321 3021 3022 3023 3024 3025 3026
3268 78
78 3270 3272 3274 3275 3276 221 3277 3278 3279
3270 4586
3272 2937
3274
3275
3276 4088
3459 83
83 3460 3461 3462 3463 3464 3465 3466 3467 3468 3469 3471 3472 3473 3474 3475 3476 3477 3478 3479 3480 3481 3482 3483 3484 3485 3486 3487 3488 3489 3490 3491 3492 3493 3494 3495 3496 3497 3498 3499
3460
3461
3462
3463
3464
3465
3466
3467
3468 1231
3469
3470 599 710 1233 1241 1549 2936
3471
3504 86 232 252 260 283 528 971 973 1030 1233 1307 1487 1582 1714 1788 2175 2214 2218 2221 2507 4205 4695 4707
86 4321 1321 1714 2901 3505 3506 3507 3508 3509 3510 3511 3512 3513 3514 3515 3516 3517 3519 3520 3521 3522 3523 3524 3525 3526 3527 3528 3529 3530 3531 3533 3534 3535 3536 3537 3538 3539 3540 3541 3542 3543 3544 3545 3546 3547 3548 3549 3550 3551 3552 3553 3554 3556 3557 3558 3559 3560 3561 3562 3563 3564 3565 3566 3567 3568 3569 3570 3571 3572 3573 3574
4321 113
659 87
87 661 667 670 676 683 691 694 695 697 709 3575 3576 710 711 712 714 715 716 3577
661 1530 967 2194 2210
667
670
676
683
691
694
695
697
709
3575 711
3576
3649 91 3150
91 3650 3651
3650 597 598 599 600 710 4537
3651 3150 4733
3745 95 1333 2191 3759 3762 3892
95 3746 3753 3754 1191 3023 3755 3756 3758 3759 3760 3761 3762
3746
3753 3761 3762
3754 2191 3954 3761 3762 4069
97 2433 3799 3801 3802 3805 3807 3808 3809 3811 3812 3813 3815 3816 3817 3820 3821 3822 3823 3826 3829 3830 3832
2433 221 463 2789
3799 976 3772
3801 463
3802
3803 599 710 790 792 939 1207 1219 1233 1308 1321 1358 1803 1807 2690 2773 2827 2906 2971 2974 2975 2976 2977 2978 2981 2983 2984 2985 2993 2999 3000 3004 3005 3006 3013 3016 3169 3190 3373 3766 4558
3804 1084 1085 1087 1223 1798
3805 797
3807 599 710 2233 4042 4510
3808 221 1223 1508 2697 2967 3772 3773 4356
3809 221 1223 2697 2822 2967 3772
3811 1207 1226 1341 2930 2962 2967 2969 2971 2973 2974 2976 2986 2990 2993 3007 3015 3016 3017 3018
3812
3813 221 463 1769 3501 4053
3815
3816 221 1494 1508 2697 2967 3772 4356
3817
3820
3821 221 592 1223 1504 2697 2967 3773
3822 221 251 592 1223 1254 1487 2697 2967 3451 3770 3772 3773 3776 3778 3779 3780 3782 3787 3790 3846 4356
3823
3825 3501
3826 710 1213 1327 2689 3501 4029 4043 4053
3829 3501 4053
3830 3189
3832 229 599 1213 1214 1324 1411 1623 1627 1630 2791 2852 2868 2908 2941 3000 3008 3143 3148 3165 4029 4510 4641
3853 99
99 382 1321 3021 3022 3023 3027 3854
4332 114
114 3314 4333 4334 4335 4336 4337 4338 4339 4340 4341 4342 4343 4344 4345 4346 4347 4348 4349 4350 4351 4352 4353
4645 124
124 4646 4647 710 1240 1494 2252 3222 4369 4373 4648 4649 4650 4651 4652
4646 1220 2936 4612
4647
4660 126 597 710 1494 2927 4671
126 4661 4662 4663 4667 4668 710 1186 4669 4670 4671 4672 4673 4674 4675
4661 599 710 1902 2838 2880 2897 3610 4663
4662 229 599 600 711 2941 3615 3884 4671
4663 2896 2897 3610 4665 4667
4665 710 1070 2897 3610 1150
4666 221 254 1085 1087 1256 1352 1508 1692 2941 4513 4530 4701
4667 1902 2897 3610
4668
3806 335 710 1084 1087 1691 2769 2773 2777 2888 3257 3959 4006 4105 4313
132 4765 221
4765 348 3250 3427 3428 3429 3430 3431 3432 3434 3436 3437 4764
4771 348 499 1238 3250 3426 3427 3429 3430 3431 3432 3434 3436 3437 4764
4772 216 217 218 219 220 221 222 223 224 225 226 227 228 229 231 232 233 234
216
217
218
219
220
1 221 251 252 253 255 256 257 258 259 260 261 262 263 264 266 267 268 269 270 271 273 274 276 278 279 280 281 282 283 284 285 287
221 7 20 26 33 35 65 66 68 70 73 82 96 135 136 139 157 158 159 161 171 175 184 186 318 320 633 644 1082 1150 1187 1330 1511 1516 1684 1873 1963 2044 2609 2850 2868 2915 2975 3379 3914
7 280 471 472 473 474 475 476 477 478 479 480 481 482 483 484 485 486 488 489 490 491 492 493 494 495 496 497 498 499 500 501 502 503 504 505 506 507 508 509 510 511 512 513 515 516 517 518 519 520 521 522 523 524 525 527 529 530 531 532 533 534 535 536 537 538 539 540 541 542 543 544 545 547 548 549 550 551 552 553 554 555 556 557 558 559 561 562 563 564 565 566 567 568 569 570 571 572 573 574 575 576 577 578 579 580 581 582 583 584 585 586 587 588 589 590 591 593 594 595 596 597 598 600 601 602 603 604 605 606 607 608 609 610 611 612
20 255 283 595 830 945 1085 1104 1183 1184 1185 1186 1188 1189 1190 1191 1192 1193 1194 1195 1196 1197 1198 1200 1201 1203 1204 1205 1206 1207 1208 1209 1210 1211 1212 1213 1215 1216 1217 1218 1220 1221 1222 1226 1227 1228 1229 1230 1231 1232 1234 1235 1236 1237 1239 1240 1241 1242 1245 1246 1247 1249 1250 1251 1252 1253 1256 1257 1258 1260 1261 1262 1263 1264 1265 1267
26 1347 1348 1349 1350 1351 1352 1353 1354 1355 1357 1358 1359 1360 1361 1362 1363 1364
33
35 803 804 837 1036 1231 1308 1588 1589 1590 1591 1593 1594 1595 1596 1597 1598 1599 1600 1601 1602 1603 1604 1605 1606 1607 1608 1609 1610 1611 1612 1614 1616 1617 1619 1620 1621 1622 1623 1624 1625 1626 1627 1628 1629 1630 1631 1632
36 599 942 1229 1241 1318 1319 1320 1633 1634 1635 1637 1638 1639 1640 1641 1642 1643 1644 1646 1647 1648 1649 1650 1651 1652 1653 1654 1655 1656 1657 1658 1659 1660 1663 1664 1665 1666 1667 1668 1669 1670 1671 1672 1673 1674 1675 1676 1678 1679 1680 1681 1682 1683 1684 1685 1686 1687 1688 1689 1690 1691 1692 1693 1694 1695 1696 1697 1698 1699 1700 1701 1703 1704 1705 1706 1707 1709 1710 1711 1712 1713 1715 1716 1717 1718 1719 1720 1721 1723 1724 1725 1726 1727 1728 1729 1730 1731 1732 1733 1734 1735 1736 1737 1738 1739 1740 1741 1742 1743 1744 1745
62 2606 2607 2609
65 1084 1262 1311 1684 2021 2047 2161 2678 2679 2680 2682 2683 2685 2686 2687 2691 2692 2693 2694 2695 2696 2697 2698 2699 2700 2701 2702 2703 2704 2705 2706 2707 2708 2709 2710 2711 2712 2713 2714 2715 2716 2717 2718 2719 2720 2721 2722 2723 2724 2725 2726 2727 2728 2729 2730 2731 2732 2733 2734 2735 2736 2737 2738 2739 2740 2742 2743 2744 2745 2746 2747 2748 2749 2750 2751 2752 2753 2754 2755 2756 2757 2758 2759 2760
66 251 253 285 463 470 597 833 949 951 1615 2761 2762 2763 2764 2765 2766 2767 2768 2769 2770 2771 2772 2774 2775 2776 2777 2778 2779 2780 2781 2782 2783 2784 2786 2787 2788 2789 2790 2792 2793 2794 2795 2796 2797 2798 2799 2800
68 1242 1264 1341 1352 2838 2839 2840 2841 2842 2843 2845 2847 2848 2849 2850 2851 2852 2853 2854 2855 2856 2857 2858 2859 2860 2861 2862 2863 2864 2865 2866 2867 2870 2871 2872 2873 2874
70 1051 1228 1494 2838 2933 2934 2935 2936 2937 2938 2939 2940 2941 2942 2943 2944 2945 2946 2947 2948 2949 2950 2951 2952
73 3028 3029 3030 3031 3032 3033
75 1215 1223 1321 1626 1807 2886 2929 3034 3035 3036 3037 3038 3039 3040 3041 3042 3043 3044 3045 3046 3047 3048 3049 3050 3051 3052 3053 3054 3055 3056 3057 3058 3059 3060 3061 3062 3064 3065 3066 3067 3068 3069 3070 3071 3072 3073 3074 3075 3076 3077 3078 3079 3080 3081 3082 3083 3084 3085 3086 3087 3088 3089 3090 3091 3092 3094 3095 3096 3097 3098 3099 3100 3101 3102 3103 3104 3105 3106 3107 3108 3109 3111 3112 3113 3114 3115 3116 3117 3118 3119 3120 3121 3122 3123 3124 3125 3126 3127 3128 3129 3130 3131 3132 3133 3134 3135 3136 3137 3138 3139 3140 3141 3142 3143 3144 3147 3149 3150 3151 3152 3153 3154 3155 3156 3157 3158 3159 3160 3161 3162 3163 3164 3166 3167 3168 3169 3170 3171 3172 3173 3174 3175 3176 3177 3179 3180 3182 3183 3184 3185 3186 3187 3188 3189 3190 3191 3192 3193 3194 3195 3196 3197 3198 3199 3200
82 282 287 1103 1212 2256 3018 3390 3391 3392 3393 3394 3395 3396 3397 3398 3399 3400 3401 3402 3404 3405 3406 3407 3408 3409 3410 3411 3412 3413 3414 3415 3416 3417 3418 3419 3420 3421 3422 3423 3424 3425 3427 3428 3429 3430 3431 3432 3433 3434 3435 3436 3437 3438 3439 3440 3441 3442 3443 3444 3445 3446 3448 3449 3450 3451 3452 3453 3454 3455 3456 3457 3458
96 592 1254 1508 2967 3451 3763 3764 3765 3766 3767 3768 3769 3770 3773 3774 3775 3776 3777 3778 3779 3780 3781 3783 3784 3785 3786 3787 3788 3789 3790 3791 3792 3793 3794 3795 3796 3797 3798
121 1207 1347 2371 2609 2850 3011 4594 4595 4596 4598 4600 4601 4602 4603 4604 4605 4606 4607 4608 4609 4610 4611 4612 4614 4615 4616
133 1294 1295 3178 3451
135 1206 1250 1342 1495 1561 1711 1864 2026 2048 2153 2156 2159 2256 2697 2930 3033 4373 4648
136
137 2180
139 1186 4513
153 282 285 286 287 1191 1261 1561 3446 3449 3478 4411
157 284 1206 1226 1231 1250 1508 1561 2037 2261 3451 3453 3455 4532 4754
158 280 282 284 285 286 287 1191 1561 2332 3322 3478 4411
159 3451
161 597 1089 1212 1231 1250 1261 2040 3222 3251 3416 3451
171 285 710 830 942 1084 1087 1324 1627 1684 1769 1798 1888 2180 2262 2850 3143 3195 3967 4103
173 940 1199 2838 3190 3382
175 1071 1241
184 2898 2908 2972
186
308 837 973 1031 1508 4448
318 2789 2887 2972 3188
320
633 1104 1324 1408 1411 1508 1627 2152 2828 2928 2972 3774 3785 4701
644 229 833 1807 2789 3023
1082 15 294 2998 3810
1150 251 459 901 909 948 1152 1162 1180 1181 1228 1240 1411 1561 1693 1902 2371 2791 3601 3602 3608 4206 4263 4650
1187
1330
1511 1205 1798 2972 3774
1516
1684 160 299 1995 2001
1873 1693 3000 3008 3880 4034
1963 803 804 837 1036 1231 1308 1591 1592 1593 1594 1596 1597 1598 1599 1600 1601 1602 1603 1604 1605 1606 1607 1608 1609 1610 1611 1613 1614 1615 1616 1618 1619 1621 1622 1623 1624 1625 1628 1629 1630 1632
2044 1087 1262 1691 2016 2041 2042 49 2162 2150 2164 2678 3322
2609 2604
2850 2853
2868 1622 2806
2915 2877
2975 1104 1250 1508 1693
3379
3914 710 1212 1579 1676 3895 102 3916 3919 3920 3946 3954 3959 3969 3972 4007 4008 4708
222
223
1659 224 550 973 1487 1488 1443 2384 4374 4683
224
225
226
181 227 251 253 282 283 285 287 710 815 1191 1645 2479 2493 2587 3251 3478 4253 4411 4523
227
275 228 229 230 111 341 759 936 966 970 1028 1068 1541 1722 1843 1844 2063 2477 2478 2480 3042 3063 3195 4013 4016 4120 4726 4740 4745 1487
228 3042 4740 835 4745
2753 2752
3042 3043 3053 4725 4740
4740 229 4703 130
229 3176
3176 230 3096 3110 3144 3188 3190 4702 4730
3195 302 4570
230 693 4256
693
4256 251 528 529 1255 2175 2506 2508 2809 2815 2982 3096 3180 111 119 1000 4489 4525
231
232
61 233 283 528 529 710 797 973 1241 1243 1321 1704 1713 1765 1888 2022 2302 2454 2455 2456 2457 2458 2459 2460 2461 2462 2463 2464 2465 2466 2467 2468 2469 2470 2471 2472 2473 2474 2475 2476 2477 2478 2479 2480 2481 2482 2483 2484 2485 2486 2487 2488 2489 2490 2491 2492 2493 2494 2495 2496 2497 2498 2499 2500 2501 2502 2503 2504 2505 2506 2507 2508 2509 2510 2511 2512 2514 2515 2516 2517 2518 2519 2520 2521 2522 2523 2524 2525 2526 2527 2528 2529 2530 2531 2532 2533 2534 2536 2537 2538 2539 2540 2542 2543 2544 2545 2546 2547 2548 2549 2550 2552 2553 2554 2555 2556 2557 2558 2559 2560 2561 2562 2563 2564 2565 2566 2567 2568 2569 2570 2571 2572 2573 2574 2575 2576 2577 2578 2579 2580 2581 2582 2583 2584 2585 2586 2587 2588 2589 2590 2591 2592 2593 2594 2595 2596 2597
233 361 393 4385
361
393
1608 134 996 1008
4385 708 839 968 1838 2175 116 4393
970 234 2743 2298
234 2480 2743
2480 2298 312 724 2493 4233
2743 830 1084 1087 1262 1311 1312 1313 1314 1315 1317 2744 4584 4685 4692
251 314 351 352 638 1188 1464 2216 2321 2541 2702 2806 2829 3361 3363 3555 4095 4589
314 2233 2838
351
352
638
1188 842 1231 1294 2800 3096
1211
1464
2216 1031 53
2321
2541 2800
2702 1582
2806 252 254 1580 1630 67 2001
2829 67
3361 254 710 790 943 1580
3363 282 285 459 1226 1231 1332 1630 2782 3457
3555 255 260 267 283 710 931 934 1223 1233 1256 1257 1321 1549 2689 2901 2908 3189 3437 4315 4402 4430 4437 4723 4743
4095 252 2175 107 4243
4589 120
252 399 471 940 1039 1427 1616 2088 2796
399 839 1030 1582 2799 4243
471 980
940 287 728 839 840 930 933 935 2349 2350 2997 3373 3750 956 1030 1385 1582 2175 2178 2227 2230 2231 2233 2237 2240 2241 2244 2245 2246 2248 2250 2251 2252 2253 2254 2255 2256 2257 2259 2260 2261 2262 2263 2265 2266 2268 2269 2270 2272 2273 2274 2276 2799 4243 4246 4249
1039 520 528 590 592 818 839 976 1031 1075 1076 1321 1534 1582 1676 1678 2175 2506 2799 2805 2838 3229 3249 3573 3667 4247 4263
1427 839 967 968 1319 1419 1487 2175 2799 3532 4248 4249 4393 4692 4730
1616 524 835 839 979 1028 1031 1576 1582 1955 1618 2234 4247 4262 4263
1646
2088 839 1030 1774 2515
2796 287 728 839 840 933 935 943 956 1030 1262 1385 1547 1582 2175 2178 2227 2230 2231 2233 2234 2237 2241 2244 2245 2246 2247 2248 2249 2250 2251 2252 2253 2254 2255 2256 2257 2259 2260 2261 2262 2263 2264 2265 2266 2267 2268 2269 2270 2274 2275 4243 4246 4249
253 339 1273 708 2175
339
1273 278 283 599 1089 1549 2233 2253 3251
254 98 749 842 1028 1619 2075 2094 3146 3852 4120 967
98 3833 3834 3835 3837 3838 3839 3840 3841 3842 3843 3844 3846 3847 3849 3850 3851 3852
749 804 1029 1619
835 763 4120 839 1030 1580 2587 2591
842 190 1251 4013 1828
1028 839 976 733 734 748 759 760 764 1618 2901
1619 731 839 976 739 1620 2901
2075 260 283 790 839 1319 1320 2333 4263 4326 4328
2094 283 790 839 1319 1320 2333 4254 4263 4326 4328
3146 839 1838
3852 3834 3835 3837 3838 3839 3840 3841 3842 3843 3844 3845 3846 3847 3848 3849 3850 3851
4120 421 839 1580 108
255 77 125 131 187 256 4117
38 710 790 829 1194 1233 1561 1576 1615 1748 1749 1750 1751 1752 1753 1754 1755 1756 1757 1758 1759 1760 1761 1762 1763 1764 1765 1766 1767 1768 1769 1770 1771 1772 1773 1774 1775 1776 1778 1779 1780 1781 1782 1783 1784 1785 1786 1787 1788 1789 1790 1791 1792 1793 1794 1795 1796 1797 1798 1799 1801 1802 1803 1804 1805 1806 1807 1808 1809 1810 1811 1812 1813 1814 1815 1816 1817 1818 1819 1820 1821 1822 1823 1824 1825 1826 1827 1828 1829 1830 1831 1833 1834 1835 1836 1837 1838 1839 1840 1841 1842 1843 1844 1846 1847 1848 1849 1850 1851 1852 1853 1854 1855 1856 1857 1858
77 514 710 797 942 944 945 956 1084 1085 1197 1209 1233 1241 1244 1249 1319 1321 1552 1570 1691 2210 2219 2566 2581 2689 3205 3206 3207 3208 3209 3210 3211 3212 3213 3214 3215 3216 3217 3218 3219 3222 3224 3225 3226 3227 3228 3230 3231 3232 3233 3234 3235 3236 3237 3238 3241 3242 3243 3244 3245 3246 3247 3248 3249 3250 3251 3252 3253 3254 3255 3256 3257 3258 3259 3261 3262 3264 3266
125 710 829 1089 1494 2566 4653 4654 4655 4656 4657 4658 4659
131 597 710 942 945 1384 1552 1763 2689 3222 3639 4523 4750 4751 4752 4753 4755 4756 4757 4758 4759 4760 4761 4762 4763 4764
187 380 552 599 710 830 942 945 1084 1085 1087 1197 1207 1209 1256 1319 1320 1321 1494 1570 2258 2581 2838 3212 3216 3257 3656 4584
256 2062
4117 176 206 4016
2062 2097
257
258 243
243 270 272
259
260 176 4440
176 973 1580 2860 3249 3434 4053 4243
2085 2536 4712
4440 277 1717 119 4707
261
262
263
264
265 285 1576 1848 3959
266
267
268
269
270 3453
271 614
614
272
273 4249
274
111 837 839 976 1312 1315 1488 1563 1582 2175 2744 2799 4015 4243 4244 4245 4246 4247 4248 4249 4250 4251 4252 4253 4254 4255 4259 4260 4261 4262 4264 4265 4266 4267 4268 4269 4271 4272 4273 4274 4275 4276 4277 4278 4279 4280 4281 4282 4283 4284 4285 4286 4287 4288 4289 4290 4291 4292 4293 4294 4295 4296 4297
341 1111 1570 4404
759
936 788 831 834 986 1775 1788 3161 3641
966 442
1068 284 590 15
1541 67 102 112 162 4299 1677
1722
1843 2101 2114
1844
2063 2067
2477 1838 1839 2475 1251 2570
2478 805 1243 1251 1304 4650 2587 2823 4253
3063 967 2206 2799 3057
4013 805 976 2587 102 4016
4016 529 839 982 1717 1748 1765 1838 2475 2901 3548 102 4650 4249 4393 4703
4726 130
4745 967 4249 3517
276
277
278
279
280 168 1120
168 710 1552 3251 4532
1120 595 710 1147 1321 2689 2838 4315 4401 4477 4749 4764
281
282 89 149 705 2054 790 2236 3229
89 597 3222 3407 3455 3638 3639 3640 3642 3643 3644 3645 3646 3647
149 710 790 1104 3455 3457
705 287 463 1104 1194 1408 2697 2930 3452 3457 3458 3777
2054 285 287 939 1561 3260
283 53 654 1717 2349 2350 2876 3229 3458 790
34 708 710 979 1542 1543 1544 1545 1546 1547 1548 1550 1551 1552 1553 1554 1555 1556 1557 1558 1559 1560 1561 1562 1563 1564 1565 1566 1567 1568 1569 1570 1571 1572 1573 1574 1575 1576 1577 1578 1579 1581 1583 1584 1585
53 710 716 791 934 935 956 1171 1262 1385 1534 1547 1777 1884 2176 2177 2178 2179 2181 2182 2183 2184 2185 2186 2187 2188 2189 2190 2191 2192 2193 2194 2196 2197 2198 2199 2200 2201 2202 2203 2204 2205 2207 2208 2209 2210 2211 2212 2213 2214 2215 2217 2218 2220 2221 2222 2223 2226 2227 2228 2229 2231 2232 2233 2234 2235 2236 2237 2238 2239 2240 2241 2242 2243 2244 2245 2246 2247 2248 2249 2250 2251 2252 2253 2254 2255 2256 2258 2261 2262 2263 2264 2266 2267 2268 2269 2270 2271 2272 2273 2275 2277 2278 2279 2280 2281 2282 2283 2284 2285 2286 2287 2288 2289 2290 2291 2292 2293 2294 2295 2296 2297 2298 2300 2301 2302 2303 2304 2305 2306 2308 2309 2310 2311 2313 2314 2315 2316 2317 2318 2319 2320 2322 2323 2325 2326 2327 2328 2329 2330 2331 2332 2333 2334
654 1845 3289
1717 790 2861
2349 498 790 1319 1554 1576 1745 1902 2037 2271 2371 3222 3251 3322 4315
2350 498 547 790 1209 1319 1554 1576 1745 1902 2037 2271 2371 3222 3251 3313 3322 4315
2876 69 2881 2886 2887 2890 2891 2893 2894 2895 2896 2897 2912 3080 4692
3229 2861 113 1787 2093 2221 3810
3458 790 2861 182 365
284 1243 3449 3840
1243 3838
3449 3839 4409
285 534 4650
534
1718 1548
3642 1548 182
4650 287 1206 1561 4411
286
287 41 365 942 1113 1194
41 710 935 1878 1879 1880 1881 1882 1883 1884 1885 1886 1887 1888
188 710 939 1031 1072 1074 1554 1582 2175 3228 3452
365 1765 1829
942 15 120 387 939 1254 1255 1257 1321 1561 1755 2831 2996 2997 3180 3373 4360 4420 4486 4497 4540
1113 829 1147 1255 1561 1704 2827 3103 3518 4417 4487 4495 4515 4517 4525 4536 4539 4554 4572 4577 4579 4723
1194 342 381 389 939 1088 1089 1252 1561 1570 3777 4360 4536
2 290
290
1596 1955
330 191 214 299 3557 4312 4464
191
214 509
299 710 1210 1769 2827 2838 2941 2996 3145 4155 4313
331
3557
4312 2827 113
4464 119
335
1111 4398 4486 4572
170 348 710 939 1240 1262 1548 1554 2039 2040 2246 2250 3221 3222 3249 3250 3257 3430 4749 4758 4760
348
4 381 382 383 386 388 389 390
380 342 1254 1255 1256 1257 1321 2831 2996 2998 3180 4497
342 1254 1257 4426
1254 381 382 390 389 1119 1258 2445 2907 2996 3026 4486 4536
1255 2998 1321
1256 1321
1257 2996 1321
1321 381 382 390 120 150 178 334 384 387 1119 1144 1192 1973 2442 2443 2445 2831 2907 2996 2997 2998 2999 3021 3026 3027 3180 4046 4417 4420 4486 4497 4540 4536
2831 67 160
2996 160 1050 2998 4537
2998 383 388 389 1258 3180 3373 4518
3180 120 160 1973
4497 119 120 160 311 334 428
381 113 1973 4540 4538 4539
113 598 599 710 1266 1548 1883 1902 2047 3510 4259 4311 4313 4314 4315 4316 4317 4318 4319 4320 4322 4323 4324 4325 4327 4329
385 2799
1973 830 1252 1711 2233 3249 3250 3860
4540 2799 120
382 178
178 3021 3022 3023 3026 3854
383
384
386
387
388
389 4538 4539
390 4534
420
421
422
4699 4249 130
436 456 458 461 463 469 470 2765 3776
434 458 467 470 609 2777 3774 3776
456
458
459
460 455
455 4673
461
462
463 706 1875 2764 1508
706 1223 2822 2941 4243
1875 3011 3968 4323 4730
2762 1508
2764 2689 1871 3776
464
465
466
467
468
469 424 438 439 444
424
438 470
439
444 470 951
470
980 832 944 1070 3228 3257 3942 4069
472
473
474
475
476
477
478
479
480
481
482
483
484
485
486
487 2799 4249
488
489
490
491
492
493
494
495 4249
496
497
498
499
500
501
502
503
504
505
506
507
508
509 2004
2004 833 2791
510
511
512
513
514
515
516
517 2684 2685
2684 3777
2685 2686 3777
518 1155
1155 543 710 953 2336 1165 1207 1228 1235 1488 1494 1716 1741 1901 1902 1903 2371 2950 3584 3601 3604 3608 3615 3633 4103
519
520 122
122 4617 4618 4619 4620 4621 4622 4623 4624 4625 4626 4627
521
522
523
524 829 1015 1241 4491 2182 2545 3233 4505 4523
829 164 4409 4487 4503 3840
1015
1241 1106 3232 3239 3840
4491 3235 4490 119
525
526 537
527
528 2742 3495
2742 839 2175 2591 4243
3495
529 704
704 967
530
531
532
533
535
536
537
538
539
540
541
542
543
544
545
546 967
547 1737 3299
1737
3299 79
548
549
550
551
552
553
554
555
556 967
557
558
559
560
561
562
563
564
565
566
567
568
569
570
571
572
573
574
575
576
577
578
579
580
581
582
583
584
585
586
587
588
589
590
591
592
593
594
595 120 162 3211 3416 4760
120 599 945 1084 1189 1777 1809 1855 1856 2827 3211 3249 3254 3518 3959 4315 4509 4510 4511 4512 4513 4515 4516 4517 4518 4519 4520 4521 4522 4523 4524 4525 4526 4527 4528 4529 4530 4531 4532 4533 4535 4536 4538 4539 4541 4542 4543 4544 4545 4546 4547 4548 4549 4550 4551 4552 4553 4554 4556 4557 4558 4559 4560 4561 4562 4565 4566 4568 4569 4570 4571 4572 4573 4574 4575 4576 4577 4578 4579 4580 4581 4582 4583 4584 4585 4586 4587 4588 4590 4591 4592
162 710 2838
2001 689 1341 1488 3864
3211 112 1148 1152 1158 4760
596 3416 4760
597 442 1148 1396 2781
146 948 951 1396 2927 3279
442 600 711 900 943 954 2838 2927
885 870 1881
1148 710 1179 1198 1319 3246 3602 3604 3610 3615
1396 600 1195 3456 2927 3196
2781 909 2927
598 49
49 710 1240 1262 2010 2011 2012 2013 2014 2015 2016 2017 2018 2019 2020 2021 2022 2023 2024 2025 2026 2027 2028 2029 2030 2031 2032 2033 2034 2035 2036 2037 2038 2039 2040 2045 2046 2047
599 69 150 1227 2875 3269 3861 3869 3872
69 790 1229 1230 1341 2877 2878 2879 2881 2882 2883 2884 2887 2888 2889 2891 2892 2893 2894 2895 2896 2897 2898 2899 2901 2903 2904 2906 2907 2908 2910 2911 2912 2913 2914 2916 2917 2919 2920 2921 2922 2923 2924 2925 2926 2928 2929 2930 2931 2932
150 945
1227 3869 2922
2875 953 2881 2882 2883 2884 2885 2890 2914 2924 2926 2927 2928
3269 4586
3861 600 1247 2233 2838 3864 3884
3869 101 3872
3872 101 692
600
668 3884 4700
601
602
603
604
605
606
607
608 1508
609
610
611
612
615
1530 967 3190 3368 3584
689 939
708 727 1105 1550 1580 1705 1709 1750 2175 2807 3351 4071 4212 4389 4597
727
1105
1550 1212
1580 102 2948 3318 2175
1705
1708 945 1084 2040 2326 4254 4475
1709 945 119 2799
1750
2175 2087 2933 3553 4079 4080 4249 4561
2807 67 102
3351 79
4071 104
4212 109
4389 116
4597
710 15 19 42 58 59 76 79 88 94 108 112 119 123 129 130 142 147 151 155 160 167 174 177 182 190 194 197 294 319 324 1152 1159 1177 1207 1372 1510 1871 1889 1997 2336 2381 2709 2853 3008 3669 3810 4652
15 988 1062 1064 1065 1066 1067 1069 1070 1071 1072 1073 1074 1075 1077 1078 1079 1080 1081 1083 1084 1085 1086 1087 1088 1089 1090 1091 1092
19 949 1160 1161 1163 1166 1167 1168 1169 1170 1171 1172 1173 1174 1175 1176 1177 1179 1180 1182
42 1889 1890
58 2449
59 2450 2451 2453
67 2801 2802 2803 2804 2808 2809 2810 2811 2812 2813 2814 2815 2816 2817 2818 2819 2820 2821 2822 2823 2824 2825 2826 2827 2830 2832 2833 2834 2835
76 3201 3202 3203 3204
79 1104 1320 3222 3280 3281 3282 3283 3284 3285 3286 3287 3288 3289 3290 3291 3292 3293 3294 3295 3297 3298 3300 3301 3302 3303 3304 3305 3306 3307 3308 3309 3310 3311 3312 3313 3314 3315 3316 3317 3318 3319 3320 3322 3323 3324 3325 3326 3327 3328 3329 3330 3331 3332 3333 3334 3335 3336 3337 3338 3339 3340 3341 3342 3343 3345 3346 3347 3348 3349 3350 3352 3353 3354 3355 3356 3357 3358 3359 3360
88 1162 1901 1902 1904 3578 3579 3580 3581 3582 3583 3584 3585 3586 3588 3589 3590 3591 3592 3593 3594 3595 3596 3597 3598 3599 3600 3601 3602 3603 3604 3605 3606 3607 3608 3609 3610 3611 3612 3613 3614 3615 3616 3617 3618 3619 3620 3621 3622 3623 3624 3625 3629 3630 3631 3632 3633 3634 3635 3636 3637
94 1259 1508 1888 3741 3742 3743 3744
108 839 1488 1661 4119
112 1564 4298 4299 4300 4301 4302 4303 4304 4306 4307 4308 4309 4310
119 815 1192 1223 1743 1793 2827 2838 3840 4346 4399 4401 4402 4403 4404 4405 4406 4407 4408 4409 4410 4411 4412 4413 4414 4415 4416 4417 4418 4419 4421 4422 4423 4425 4427 4428 4429 4430 4431 4432 4433 4434 4435 4436 4437 4438 4439 4441 4442 4443 4444 4445 4446 4447 4448 4449 4450 4451 4452 4453 4454 4455 4456 4457 4458 4459 4460 4461 4462 4463 4465 4466 4467 4468 4469 4470 4471 4472 4473 4474 4476 4477 4478 4479 4480 4481 4482 4483 4484 4485 4486 4487 4488 4489 4490 4492 4493 4494 4495 4496 4498 4499 4500 4501 4502 4503 4504 4505 4506 4507 4508
123 2941 4628 4629 4630 4632 4633 4634 4635 4636 4637 4638 4639 4640 4641 4642 4643 4644
129 1315 1495 4652 4681 4682 4683 4684 4685 4686 4687 4688 4689 4690 4691 4692
130 1782 2869 3075 3190 4636 4693 4694 4695 4696 4697 4698 4700 4701 4703 4704 4705 4706 4707 4708 4709 4710 4711 4712 4713 4714 4715 4716 4717 4718 4720 4721 4722 4723 4724 4725 4727 4728 4729 4730 4731 4732 4733 4734 4735 4736 4737 4738 4739 4741 4742 4743 4744 4746 4747 4748
138 790 939 944 1262 3251 3447 4709
142 1807
147 2689
151
155 2838
156 2838 2925 3023 3190 4730
160 1201 1202 1207 4102
166 790 939 979 1238 1389 1554 1576 2281
167
174 1549 2838 2860
177 4555
182 716 790 1191 1554 2566
190 790 2545 2549 3312 3548 3942 4384 4703
194 1319
197 790 1693 4648 4652
294 833 2846 2974 2986
319
324 2839 2873 4310
326 792 945 1077 1317 1488 2773 2838 3535 3667 4371 4683
1048 1060 4730
1152 1156 1157 1179 3610 3615
1158 165 1179 1180 3610 3615
1159 1179 1180 3615
1177 1169 3205
1207 185 327 1157 1342 1622 2337 2343 2344 4613 1240 1319 2799 2906 3222 4393 4513 4658
1372 945 1250 1393 1488
1510
1871 790 943 1548 1552 2185 2207 2208 2210 2226 2689 4542
1889
1955 803 804 837 1030 1308 1592 1593 1599 1603 1604 1605 1620 1625 1626 1629 1587 2838 4245
1983 1807 3096 3141 3190 4510
1997 2941 3158 4429
2336 1184 1901 2371 2906 3144 3587 3588 3610 4608 4652 4691
2381 1240 1319 2799 2906 3222 4393 4513 4658
2709
2853 1199 1226 2789 2791 4558 4691
3008 192
3669 92
3810 790 939 1067 1076 1089 1324 1532 2435 2583 2773 2791 2852 2888 2941 3190 4043 4612
4652 1240 1319 2371 2799 2906 3222 4513 4658
711 673 679 703 3884 716
673 712 713 714 715 716 3492
679 712 715
703 713
712 1042 716
3884 716 296 692
1042 1544 2450 2930 2934 2957 3885 4555 4558 4561 4563
713 1309
1309 652 2799
714 2060
2060
715
716 3831 3883
707 2207 2838
3831 729 830 1084 1171 1186 1324 1691 1884 2184 2187 2188 2189 2192 2194 2195 2196 2198 2199 2200 2201 2203 2204 2205 2207 2208 2209 2210 2211 2212 2215 2217 2218 2219 2224 2225 2226 2252 2769 2773 2776 2777 2849 3261 3776
3883 101
728 1153
1153 1164 1179 1180 1898 2896 3588 3610 4373
729 172
172
730
731
732
734
742
754
777
778
780
781
782
783
784
785
786
787
788
789
790 101 1368 1554 1787 2861 2877 3893
101 1209 1777 2270 3862 3863 3864 3865 3866 3867 3868 3870 3871 3873 3874 3875 3876 3877 3878 3879 3880 3881 3882 3885 3887 3888 3889 3890
1368 1304 1836 3246 4326
1554 2236
1787 2236
2861
2877 2890 2917 2924 2925 2927
3893 102
791
792 2347
2347 989 1623 1692 1769 1888 2262 2678 2974 3322
793
794
795
796
797
798 109
109 4121 4122 4123 4124 4125 4126 4127 4128 4129 4130 4131 4132 4133 4134 4135 4136 4137 4138 4139 4140 4141 4142 4143 4144 4145 4146 4147 4148 4149 4150 4151 4152 4153 4154 4155 4156 4157 4158 4159 4160 4161 4162 4163 4164 4165 4166 4167 4168 4169 4170 4171 4172 4173 4174 4175 4176 4177 4178 4179 4180 4181 4182 4183 4184 4185 4186 4187 4188 4189 4190 4191 4192 4194 4195 4196 4197 4198 4199 4200 4201 4202 4203 4204 4205 4206 4207 4208 4209 4210 4211 4213 4214 4215 4216 4217 4218 4219 4220 4221 4222 4223 4224 4225 4226 4227 4228 4229 4230 4231 4232 4234 4235 4236 4237 4238 4239 4240 4241
799
800
801
802
803 134 180
134 1593 1606 4234
180
804 164 741 994 1002 1006 1014 1018 1594
164 1032 1552 1576 1968 1970 2234 2246 4239 4760
741 837 1031 1033 4245
994
1002 1032 1033
1006
1014
1018
1594
805
806 378 3986
378
3986 102 305
807
808
809
810
811
812
813
814
815 3541
3541
816
817
818 2096
2096
819
820
821 1071
822
823
824
825
826
827 3839
3839 4487 3844
828
3526 3521 4402
4409
4436 3548 4496
4487
4503
830 4233 1508
4233 3223
831
832
833
834
763 839
836
837 750 1583
750 840 1031 1582 1618 4230 4247
1583
838
839 312 397 398 445 457 736 739 1434 1623 1847 2087 2092 2455 2570 2901 2968 3553 4194 4305 4561
102 1582 1828 2444 2454 2805 3891 3892 3894 3895 3896 3897 3898 3899 3900 3901 3902 3903 3904 3905 3906 3907 3908 3909 3910 3911 3912 3913 3915 3916 3917 3918 3919 3920 3921 3922 3923 3924 3925 3926 3927 3928 3929 3930 3931 3932 3933 3934 3935 3936 3937 3938 3939 3940 3941 3942 3943 3944 3945 3946 3947 3948 3949 3951 3952 3953 3954 3955 3956 3957 3958 3960 3961 3962 3963 3964 3965 3966 3967 3968 3969 3970 3971 3973 3974 3975 3977 3978 3979 3980 3981 3982 3983 3984 3985 3987 3988 3989 3990 3991 3992 3993 3994 3995 3996 3997 3999 4000 4002 4003 4004 4006 4007 4008 4010 4011 4012 4014 4017 4018
312 2299 2591 3848
397 961 4014 4072 4326
398 1733 3287
445
457
736
739 1031
1434 1250 1487
1623
1847
2087 1030 2067 2095 2097 4245
2092 1720
2455
2570
2901
2933 3880
2968 1031 4245
3553 1030 4243
4194
4305 2928
4561 1777 3880 1051 1778
840
841
1251 968 4257 4383 1320 2490 3246
843
844
845
846
847
848
849
870 1881
881
882
883
884
886 866
866
887
888
889
890 4673
891
892
893
894
895
896
897
898
899
900
901
902
903
904
905
906
907
908
909 4673
910 925
925
911
912
913
914
915
916
917
918 1197
919
920 1517 2645
1517
2645 976 2644 64 2646 2648 2649
921
922
923
924 1238
926 4672
4672 1197
927 2799 4249
928
929
930
931
932
933 1768
1768 1879 1888 2449
934
935
937
938
939 2221 2687 2227 3262
2221
2687
2997 2203 2799
3373 2203 2799 309
3750 1191 2191 3757
941
1263
1561 1210 2718 3890 3262
1562
1755
4360 1089 3777 3886 4354 116 4411
4420
4486
943
944
945 408
408 1319
4442
946
947
948 4673
4768 1319 2231 4107 4760
949 4673
950
951
952
953 1157 3610
1157 1228 1901 1902 3601 3604 3610 3615
3610
954
955 2782 3196
2782 3868 4673
3196 672 1198
4664 4673
956 2799 4249
957
958
959
960
961 2449
962 2799
963 430
430 1508 1788 4673
964
965
967 338 372 984 988 1333 1491 1504 1582 1662 1743 1881 2183 2800 3054 3086 3138 3171 3305 3493 3509 3545 3562 3584 3711 3998 4009 4130
338 2507 4622
372
984
988
1080
1333 1927
1491
1504
1582
1662 4383
1743
1762 1070
1881
2183
2800 3787
3054
3086
3138 289
3171
3198
3305
3493
3494 3886
3509 1000
3545
3562
3584
3711 92
3998
4009
4130
4201
968 116 412 2058 4504
116 1223 4354 4355 4356 4357 4358 4359 4361 4362 4363 4364 4366 4367 4368 4369 4370 4371 4372 4373 4374 4376 4377 4378 4379 4380 4381 4383 4386 4387 4388 4390 4391 4392 4393 4394
412 4387
2058 4391
4387
4504 1084 1172 1244 1793 1838 3233 4393 4405 4523
969
971 63 2825 4394
63 2505 2610 2611 2612 2613 2614 2615 2616 2617 2618 2619 2620 2621 2622 2623 2624 2625 2626 2627 2628
2825
4394 2081 3382
972
973
974
975
976 358 3069 3318
358
3069
3318
977
978
979 376 2799 4249
376 1031 2860 3251
981
982
983
985
986 989
989
987
1025
1026
1027
733
748
760 4262
764
1618 1009
1029
1030 395 1995 2822
395 1734 1741 2045
1995 1878 4335
2822
1031 2508
2508
1032 1592
1592 1942 1958 1966 1967 1968 1970 1971
1033
1034
1035
1036 1008
1008
1051 1544 2450 2930 2934 3878 3885 4555 4558
1060 3364
3364 2928
1061 1057
1057
1062
1063
1064
1065 1067 1076
1066
1067
1069
1070 1182 1383 1778 1780 2274 2754 2940 4759
1179 1162 1170 1172
1182 1162 1170 1172 1173 1181
1383
1778 1904 2854 3879 4560
1780 1777
2274
2754
2940 1231 1294
4759
1071 1324 1904 2011 2122 3009 3933 4065 4267 4291
1324 3506
1904
2011
2122
3009
3506
3933
4065 104
4267
4291
1072
1073
1074
1075
1076
1077
1078
1079 3655
3655 92
1081
103 1214 1215 1219 1358 2958 4019 4020 4021 4022 4023 4024 4025 4026 4027 4028 4029 4030 4031 4032 4033 4034 4035 4036 4037 4039 4040 4041 4042 4043 4044 4045 4046 4047 4048 4049 4050 4051 4052 4053 4054 4055 4056 4057
1213
1083
1084 1086 2843 4249
1086
2843
1085 3253
3253
1087
1266 2689 4315 4318
1088
1089 357 1452 2435 4358
357
1452 4381
2435
4358 4099 4356
1090
1091
1092
291 1295 2789
292 2789
1099
2960
3855 327 2337
3125 2799 289 327 2352
1101
1102
1103 2040 3411 4750
2040 1576 2030 3397 3416 4760 2235
3407 1576 2235 3249 3212 4760
3411 3410
4750 1576 2235 3249 4760
1104 4062 4107
1108 1119 1144
1119 4764
1140 1116
1116 1856
1141
1142
1143
1144
1145
1146
1147 1123
1123
1156 3615
165 2196
1160
1161
1162 44 1169 1173
44 1891 1892 1893 1894 1895 1896 1897 1898 1899 1900 1901 1902 1903
1163 1169
1164 1169
1165 1169
1166 1169
1167 1169
1168
1169 1181
1181 1170 1174
1170 1172
1171
1127 2238
1172 3050
3050 3320
1173
1174
1175
1176
1180
1183
1184
1185
1186 2689
1189 1209
1190
1191
1192
1193
1252 4354 4356
1570
3777 2150 2745 3565 4357 4359 4687
4536
1195
1196
1197
1198
1199
1200
1201
1202 2150 4381
2150 1390 1549 2028 2042 2043 2047 2741 2155 2156 2158 2159 2163 2166 2678 2723 2729
4381 1508 4257 4383
1203 1576
1204
1205
1206 1342 2037 4751
1342 1250 25 405 2151 3033 4107 4648
2037 1250 2343 4593
3309 2799
3315 4333
4751
185 3875
327 4103 4513
1622 1308 1625 1626 1627 1798 2789 2839 2846 2856 3181 3220 4371
2337 1208 1487 1734 1898 1902 2897 3587 3603 3604 3632 4373 4681
2343 1319 1745 3246 3294 3321 3322
2344
4613 2906 4691
4656 1250 2566 3033 404
1208
1209 2923
2923 2913 3023
4273 2794 2809 3840 4719
1210 3475 3886
1212 2810 3970 3994 1538
2810
3970 1552 650
3994
4046 2152 3448 3455 4521 4673
1214 3387
3387 81
1215 3814 4031
3814 4086
4031 317 700
1216
1217
1218
1219
1220
1221
1222
1223 4467
3797
4467 4346 4455 4456
1226 1285 1290 2936 3017 3220
1285
1290 1231 1295
2936
3017
3220
1228
1229
1230
1231 1234 1268 1269 1270 1271 1274 1277 1278 1279 1280 1281 1288 1289 1297 2835 4544 4546 1247
1234
1268 1294
1269
1270
1271
1274
1277
1278
1279
1280
1281
1288
1289
1297
2835
2839 329 1809 4763
2937 1294 289 311
2939 1294
4544
4546
1232
1233 700 4704 1247
700 4047
4704 4732
1235
1236
1237
1238
1239 2799 4249
1240 405
405 1250 1745 2042 3287 3292 3296 3312 3344
1106 4326
3232
3239 3257
3836 3835
1242 4477
2948 1625 4477
3838
1244
1245
1246
1247 2838 3018
2838 1294 1553 2823 2995 3277 3671 4108 4270
3018
3871 289
1248 1319 1320
1249 402
402 1319 1320 1741 1828 2587 3347
1250
4257 1487 1661 4255 1443
4383 1487 1661 4255
1253
1258
2445
2907 2799
3026 3021
1259
1260 4552 4764
4552
1261
1262
1264
1265
1267 1494 3228
1294
1295
1296 1914
1914
1300
1302
1303
1304
1305
1306
1307
1308
652 2252
1310 1319
1311 1312 1443 1315
1312 1313 1315 4365
1443 1314 1487 1661 4253 4681
1313
1314 4382
4382
1315
1316
1317 2163
1318
1319 1320 1392 1693 2906 3246
1320 3246 3222
1392
1693 2371
2906 2371 4593 4595
3246
334
2442
2443
2999
3021 3854
3027
4417 4498
1322
1323
1325 3175 4631
3175 4636 4643
4631 4635 4636
1326
1327
1328
1329
1331
1332
1927
1334
1335
1336
1337
1338
1339
25 1341 1343 1344 1345 1346
1341
1343
1344
1345
1346
1347
1348
1349
1350
1351
1352
1353 4258
1354
1355 1991
664 1408 1533
1991
1357
1358
1359
1360
1361
1362
1363
1364
1370
1382
1384
1385 4411
4411 4249
1386
1387 1772
1388
1389
1390
1391
1393
1394 1537
1395
3456
1397
1398
1399
1400
1401
1402
1403
1407
1408
1409
1410 2882 2981 4730
1411
1412
1413
1441 1421 1422 1474
1419
1420
1421 1487
1422
1425
1439
1460
1462
1463
1465
1466 1468
1467
1468
1469
1470
1471
1472
1473
1474
1475
1476
1477
1478
1479
1480
1482
1483 1845
1845
1484
1485 1486
1486
1487 4375 1711 2384 4681 4683
4375
1488 1135 1449 1648 1650 2006 2358 4681
1135 1742 2156 2682 4283
1449
1648
1650 4681
2006 1532 4053
2358 1653 1661
4681
1489
1490
1492
1493
1494 4062 4107
4062 3228 104
4107 3228 107
1495
1499
1500
1501
1502
1503
1508 2145 2608 3011 4386 1576
2145
2608
3011
4386 4393
1531
1532
1533
1534 3490
1535
1537 1772 2312 2989
1772
2312
2989
1538 1552
1552
4299 1564 1573 3951
1542
1543 3959
1544
1545
1546
1547
1548
1549
1551
1553 4306 4763
4306 317
4763 4304
1555
1556 4300
4300 1573 3916 3951
1557
1558 4729
4729
1559
1560
2718
3478 3497
3890 3476
1563
1564
1565
1566
1567
1568
1569
1571
1572 3946
3946 3950 3951
1573
1574
1575
1576 2689
2689 193 1691 2042 2965
3454
1577
1578
1579
1581
1584
1585
1588
1589
1590
1591
1942
1958 1606
1959 4232
1593
1595
1597
1598
1599
1600
1601
1602
1603
1604
1605
1606 761
761 4234
1607
996
1609
1610
1611
1612
1613
1614
1615 1949
1949
1617
1009
1620
1621
1624
1625
1626
1627
1628
1629
1630
1631 3936
3936
1632
1633
1634
1635 1636
1636
1637
1638
1639
1640
1641
1642
1643
1644
1645
1647
1649
1651
1652
1653
1654
1655
1656
1657
1658
1660
1661 4253
1663
1664
1665
1666
1667
1668
1669
1670
1671
1672
1673
1674
1675
1676
1677 1723
1723
1678
1679
1680
1681
1682 2505
1683
1685 3045 4513
1686 3265
1687
1688
1689
1690
1691 107 2042
107 1734 2043 4094 4096 4097 4098 4099 4100 4101 4102 4103 4104 4105 4106 4110 4111 4112 4113 4114 4115 4116 4118
2042
1692
1694
1695
1696
1697
1698
1699
1700
1701
1702 2799
1703
1704 3019
1706
1707 305
305 2186 2197 2214
1710
1711
1712
1713 2032 2815
2032 2594
2815 4288
1714
1715
1716
1719
1720
1721
1724
1725 1728
1728
1726
1727
1729
1730 2267
1731
1732
1733 2889
2889 2891 3604
1734 2351
2351 4373
1735
1736
1738 3560
3560
1739
1740
1741
1742
1744
1745 404 2348
404 2371 4348 4657
2348
1748
1749
1751
1752
1753
1754
1756 875
875 4118
1757
1758
1759
1760
1761
1763
1764
1765 2517
2517
1766
1767
1769
1770
1771
1773
1774
1775
1776
1777 3880 4511 4696
3880
4511
4696 2252 4557 289
1779
1781 2251
1782
1783
1784
1785
1786
1788
1789
1790 650
650 3934 3959 3972 3985 3987
1791
1792
1793 2545 4506
2545 1838
4506 1838
1794
1795
1796 4531 3451
4531
1797
1798
1799
1800 1803
1803
1801
1802
1804
1805
1806
1807 317 4688
317 1901 2904 2941 3840
4688
1808
1809
1810
1811 2942
1812
1813 1822
1814
1815
1816
1817
1818
1819
1820
1821 1822
1822
1823
1824
1825 4249
1826
1827
1828
1829
1830
1831 1282
1282 4243
1832 672
672 2846 2854 3451 4612
1833
1834
1835
1836
1837
1838 2493 3322 4749
2493
3322
1839
1840
1841
1842 2095
2095 2253
2101
2114
1846
1848
1849
1850
1851
1852
1853
1854
1855
1856 4571 4572 4577
4571 4580
4572
4577
1857
1858
1864 2132
2132 1866 2152 2967 3776
1865
1866
1867
1868
1878
1879
1880
1882
1883
1884
1885
1886
1887
1888
1890
1891
1892
1893
1894
1895
1896
1897
1898
1899
1900
1901 3632
1902
1903
1587
1968
1966
1967
1970
1971 2324 4226
2324
4226
2008
2009
2010
2012
2013
2014
2015 2163
2016
2017 2716
2018
2019
2020
2021
2022
2023 4315
2024
2025
2026
2027
2028
2029
2030
2031
2033 2799
2034
2035
2036
4593
2038
2039
3397
3416 3208 3212 3422
4760 3208 3420
2041
2043
2162
2045
2046
2047
2048
2067
2053 2073 2515
2073 2515
2097 2065
2065 2515
2110 2121
2121
2147
2148
2741
2151
2152
2153
2154
2155
2156 2698
2698
2157
2158 2747
2747
2159
2160
2161
2163 4222
4222
2164
2165
2166
2167
2168
2169
2170
2171
2172
2173 2724
2174 2681
106 4078 4079 4080 4081 4082 4083 4084 4085 4086 4087 4088 4089 4090 4091 4092 4093
4079
4080
4249 2220 2281 2288 2291 2298 2318 2470 2860 3261 4276 4748
2176
2177
2178
2179
2180
2181
2182 3237
3237
2184 3958
3958 3956
2185 1935
1935
2186
2187
2188
2189
2190
2191
2192 1043
1043 2193
2193
2194
2195
2196
2197
2198
2199
2200
2201
2202
2203
2204
2205
2206 3886
2207
2208
2209
2210
2211
2212
2213
2214
2215
2217 369
369 4262
2218
2219
2220
2222
2223
2224
2225
2226
2227
2228
2229
2230
2231
2232
2233 4644
4644
2234 3455
2235
2236
2237
2238
2239
2240
2241
2242
2243
2244
2245
2246
2247
2248
2249
2250
2251 4560
4560
2252
2253
2254
2255
2256
3482 3886
2257
2258
2259
2260
2261
2262
2263
2264
2265
2266
2267
2268
2269
2270
2271
2272
2273
2275
2276
2277
2278
2279
2280
2281
2282
2283
2284
2285
2286
2287
2288 2492
2289
2290
2291
2292
2293
2294
2295
2296
2297
2298
2328 2307
2299 2056
2056
2300
2301
2302 2760
2513 2492 2511 2519 2535 2551 2568 2594
2760 2759
2303
2304
2305
2306
2307
2308
2309
2310
2311
2313
2314
2315
2316
2317
2318 2799
2319
2320
2322
2323
2325
2326
2327
2329
2330
2331
2332
2333
2334
2363
2364 2341 2367
2341
2367
2365
2366
2368
2369
2370
2371
2372
2373
2374
2375
2376
2377
2378 4691
2379
2380
2382
2383
2384
2434
2436
2437
2444
3963
2446
2449 2652
2652 64
2450 296
296 3178 3189 4398 4512 4635
2451 289 1044
289 2452 4599
1044 2452
2452 3790 2928
3790
2453
2454
2456
2457
2458
2459
2460
2461
2462
2463
2464
2465
2466
2467
2468
2469
2470
2471
2472
2473
2474
2475 3547 2623 3451
3547
2476
2479
724
2481
2482
2483
2484
2485
2486 1138 1518
1138
1518
2487
2488
2489
2490
2491
2492
2494
2495
2496
2497
2498
2499
2500
2501
2502
2503
2504
2505
2506
2507
2509
2510
2511
2512
2514
2515 2082 3148
2082
3148
2516
2518
2519
2520
2521
2522
2523
2524
2525
2526
2527
2528
2529
2530
2531
2532
2533
2534
2535
2536
2537
2538
2539
2540
2542
2543
2544
2546
2547
2548
2549
2550
2551
2552
2553
2554
2555
2556
2557
2558
2559
2560
2561
2562
2563
2564
2565
2566
2567
2568
2569
2571
2572
2573
2574
2575
2576
2577
2578
2579
2580
2581
2582
2583
2584
2585
2586
2587
2588
2589
2590
2591
2592
2593
2594
2595
2596
2597
2599 2604
2604
4680 2600
2600
2605
2606
2607
2610
2611
2612
2613
2614
2615
2616
2617
2618
2619
2620
2621
4072 104
2622
2623
2624
2625
2626
2627
2628
64 2629 2630 2631 2632 2633 2634 2635 2636 2637 2638 2639 2640 2641 2642 2643 2644 2646 2647 2648 2650 2651 2653 2654 2655 2656 2657 2658 2659 2660 2661 2662 2663 2664 2665 2666 2667 2668 2669 2670 2671 2672 2674 2675 2676 2677
2629
2630
2631
2632
2633
2634
2635
2636
2637
2638
2639
2640
2641
2642
2643
2644
2646
2647
2648
2649
2650
2651
2653
2654
2655
2656
2657
2658
2659
2660
2661
2662
2663
2664
2665
2666
2667
2668
2669
2670
2671
2672
2674
2675
2676
2677
2678
2679
2680
2681
2682
2683
2686
2688
193 3770
2724
2965
2690 250 1374
250
1374
2691
2692
2693
2694
2695
2696
2697
2699
2700
2701
2703
2704
2705
2706 2707
2707
2708
2710
2711
2712
2713
2714
2715
2716
2717
2719
2720
2721
2722
2723
2725
2726
2727
2728
2729
2730
2731
2732
2733
2734
2735
2736
2737
2738
2739
2740
2744
2745 4356
2746
2748
2749
2750
2751
2752
2755
2756
2757 2759
2758 2759
2759
2761
2763
2765
2766
2767
2768
2769 427 428
427 3743
428 2908 3798
2770 2799
2771
2772
2773 426
426 3764
2774
2775
2776
2777
2778
2779
2780
3868
2783
2784
2785 2360
2360 3967
2786
2787
2788
2789
2790
2791
2792
2793
2794
2795
2797
2798
2799 2860 3774 4129 4223 4564 4714 4737
2860 4709
3774
4129
4223
4564
4714
4737
3787
2801
2802
2803
2804
2805
2808
2809
2811
2812
2813
2814
4288 4285
2816
2817
2818
2819
2820
2821
2823
2824
2826
2827 3235 4313 4477
3235 3833 4099 4505
4313 4477
4489 3840 2992 3169
2828
2830 3215
2832 4258
2833
2834
2995
3277
3671 92
4108 2928
4270
329
2840
2841
2842
2844
2845 4258
2846
2847
2848
2849
2851
2852
2854
2855
2856
2857
2858
2859
4709
2862 4049
4049
2863
2864
2865 1291
1291 4282
2866
2867
2869
2870
2871
2872
2873 302
302 4038 4612
2874
2878 4326
2879
2880
2881
2882
2883 2894
2884
2885
2886
2887
2888
2890
2891
2892
2893
2894
2895
2896 2897
2897
2898
2899
2903
2904
4595
2908 4514
4514
2910
2911
2912
2913 100
100 3279 3856 3857 3859 3860
2914
2916
2917
2918 3968
2919
2920
2921
2922 1293
1293
3023 1114
2924
2925
2926
2927 4673
2928
2929
2930
2931
2932
2934 3878
2935
311 3130
2938
2941
3102
2942
2943
2944
2945
2946
2947
2949
2950
2951
2952
2954
2955
2956
2957
2958
2959
2961
2962
2963
2964 1045
1045
2966
2967
2969
2970
2971
2972
2973
2974
2976
2977
2978
2979
3765
2980
2981
2982
2983
2984
2985
2986
2987
2988
2990
2991
2992 1050 4524
1050 3858
2993
2994
3000
3001 4315
4315
3002
3003
3004
3005
3006
3007
192 4029
3010
3012
3013
3014
3015
3016
3019
3854
3022
1114
3024
3025
3028
3029
3030
3031
3032
3033
3034
3035
3036
3037
3038
3039
3040
3041
3043 4695 3058 3059 3093 4728 4748
4695 3082 3093 3517 4702
3044
3045
3046
3047
3048
3049
3320 3222
3051
3052
3053
3055
3056
3057 3093
3058
3059
3060
3061
3062
4748
3064
3065
3066
3067
3068
3070
3071
3072
3073
3074
3075
3076
3077
3078
3079
3080
3081
3082
3083
3084
3085
3087
3088
3089
3090
3091
3092
3093
3094
3095
3096
3097
3098
3099
3100
3101
3103
3104
3105
3106
3107
3108
3109
3110
3111
3112
3113
3114
3115
3116
3117
3118
3119
3120 3136
3121
3122
3123
3124
2352 3588
3126
3127
3128
3129
3130
3131
3132
3133
3134
3135
3136
3137
3139
3140
3141
3142
3143
3144
3145
3147
3149
3150
3151
3152
3153
3154
3155
3156
3157
3158
3159
3160
3161
3162
3163
3164
3165
3166
3167
3168
3169 4479
3170
3172
3173
3174
3177
3178
3179
3181
3182
3183
3184
3185
3186
3187
3188
3189
3190
3191
3192
3193
3194
3197
3199
3200
3201
3202
3203
3204
3205
3206
3207
3208
3209
3210
3212
3213
3214
3215
3216
3217
3218
3219
3221 3473
3473
3222 4657
4657
3223
3224
3225
3226
3227 616 2080
616
2080
3228
2093
3230
3231
3233 3240
3240
3234
3236
3238
3241
3242
3243
3244
3245
3247
3248
3249 3434 4554
3434 3445 4554
4554 4530
3250 4764
3251
3252
3254
3255
3256
3257 2098
2098
3258
3259
3260
3261 4395 4398
4395
4398 117
3262
3263
3264
3265
3266
3278
3279
3280
3281
3282
3283
3284
3285
3286
3287
3288
3289
3290
3291
3292 3332
634 3312
3293
3294
3295
3296
3297
3298
3300
3301 3317
3317
3302
3303
3304
3306
3307
3308
3310
3311
3312
3313
3314
3316
3319
3321
3323
3324
3325
3326
3327
3328
3329
3330
3331
3332
3333
3334
3335
3336
4008 3895
3337
3338
3339
3340
3341
3342
3343
3344
3345
3346
3347
3348
3349
3350
3352
3353
3354
3355
3356
3357
3358
3359
3360
3368
3369
3370
3371
3372
309 4269
3374
3375
3376
3377
3378
3380
3381 3366
3366
3382
81 3386
3386
3389 3393 3401 3403 3390 3396
3393 3390 3392 3394 3448
3401
3403
3390
3391
3392
3394
3395
3396
3398
3399
3400
3402
3404
3405
3406
3408
3409
3410
3412
3413
3414
3415
3422
3417
3418
3419
3420
3421
3423
3424
3425
3426 3435 4766 4767
3435
4766
4767
3427
3428
3429
3430
3431
3432
3433
3445
3436
3437
3438
3439
3440
3441
3442
3443
3444
3446
3447
3448 3886
3886
3450
3451 1125 4400
1125 4641
4400
3452
3453
3455
3457
3472
3474
3475
3476
3477
3497 3483
3479
3480
3481
3483
3484
3485
3486
3487
3488
3489
3490
3491
3492
3496
3498
3499
84 3500 3501 3502 3503
3500
3501
3502
3503
3505
3507
3508
1000
3510
3511
3512 240
240
3513
3514
3515
3516
3517 4723
3518 4515
4515
3519
3520 3522
3521
3522
3523
3524
3525
3527
3528
3529
3530
3531
3532
3533
3534
3535
3536
3537
3538
3539
3540
3542
3543
3544
3546
3548 3568
3568
3549
3550
3551
3552
3554
3556 206
206 4426
3558
3559
3561 3569
3563
3564
3565
3566
3567
3569
3570
3571
3572
3573
3574
3577
3578
3579
3580
3581
3582
3583
3585
3586
3587
3588
3589
3590
3591
3592
3593
3594
3595
3596
3597
3598
3599
3600
3601 3604
3602
3603
3604
3605
3606
3607
3608
3609
3611
3612
3613
3614
3615
3616
3617
3618
3619
3620
3621
3622
3623
3624
3625
3629
3630
3631
3632
3633
3634
3635
3636
3637
3638
3639
3640
3641
3643
3644
3645
3646
3647
90 3648
3648
92 3652 3653 3654 3657 3658 3659 3660 3661 3662 3663 3664 3666 3667 3668 3670 3672 3673 3674 3675 3676 3677 3678 3679 3680 3681 3682 3683 3684 3685 3686 3687 3688 3689 3690 3691 3692 3693 3694 3695 3696 3697 3698 3699 3700 3701 3702 3703 3704 3705 3707 3708 3709 3710 3712 3713
3652
3653
3654
3656
3657
3658
3659
3660 3706
3661
3662
3663
3664
3665
3666
3667
3668
3670
3672
3673
3674
3675
3676
3677
3678
3679
3680
3681
3682 3684
3683 3684
3684
3685
3686
3687
3688
3689
3690
3691
3692
3693
3694
3695
3696
3697
3698
3699
3700
3701
3702
3703
3704
3705
3706
3707
3708
3709
3710
3712
3713
93 3737 3738 3739 3740
3737
3738
3739 3725
3725 3740
3740
3741
3742
3743
3744
3954 3759 3761
3755
3756
3757
3758
3759
3760
3761 3748 3751
3748 3762
3751
3762
3763
3764
3766
3767 2128
2128
3768
3769
3770
3771
3772
3773
3775
3776
4357
4359
4687
3778
3779
3780
3781
3782
3783
3784
3785
3786
3788
3789
3791
3792
3793
3794
3795
3796
3798
3833 4457
4457 3846 4456 4458
3834 3840
3835 3840
3837
3840
3841
3842
3843
3844
3845
3846
3847
3848
3849
3850
3851
3856
3857
3858
3859
3860
3862
3863
3864
3865
3866
3867
3870
692
3873
3874
3875
3876
3877
3878
3879
3881
3882
3885
3887
3888
3889
3891
3892
3894
3895
3896
3897
3898
3899
3900
3901
3902
3903
3904
3905
3906
3907
3908
3909
3910
3911
3912
3913
3915
3916 3960 3997
3917
3918
3919
3920
3921
3922
3923
3924
3925
3926
3927
3928
3929
3930
3931
3956 3961 3962
3932
3934
3935
3937
3938
3939
3940
3941
3942
3943
3944
3945
3947
3948
3949
3950
3951
3952
3953
3955
3957
3959
3960
3961
3962
3964
3965
3966
3967
3968
3969
3971
3972
3973
3974
3975
3976 3988
3988 3987
3977
3978
3979
3980
3981
3982
3983
3984
3985
3987
3989
3990
3991
3992 4001
4001
3993
3995 3999
3996
3997
3999
4000
4002
4003
4004
4006
4007
4010
4011
4012
4014
4015 4254
4017
4018
4019
4020
4021
4022
4023
4024
4025
4026
4027
4028
4029
4030
4032
4033
4034
4035
4036
4037
4038
4039
4040
4041
4042
4043
4044
4045
4047
4048 1870
1870
4050
4051
4083
4052
4053
4054
4055
4056
4057
104 4058 4059 4060 4061 4063 4064 4066 4067 4068 4069 4070 4073 4074 4075 4076 4077
4058
4059
4060
4061
4063
4064
4066
4067
4068
4069
4070
4073
4074
4075
4076
4077
4078
4081
4082
4084
4085
4086
4087
4088
4089
4090
4091
4092
4093
4094
4096
4097
4098
4099
4100
4101
4102
4103
4104
4105
4106
4109 1058
1058 4730
4110
4111
4112
4113
4114
4115
4116
4118
4119
4121
4122
4123
4124
4125
4126
4127
4128
4131
4132
4133
4134
4135
4136
4137
4138
4139
4140
4141
4142
4143
4144
4145
4146
4147
4148
4149
4150
4151
4152
4153
4154
4155
4156
4157
4158
4159
4160
4161
4162
4163
4164
4165
4166
4167
4168
4169
4170
4171
4172
4173
4174
4175
4176
4177
4178 2338
2338
4179
4180
4181
4182
4183
4184
4185
4186
4187
4188
4189
4190
4191
4192
4193
4195
4196
4197
4198
4199
4200
4202
4203
4204
4205
4206
4207
4208
4209
4210
4211
4213
4214
4215
4216
4217
4218
4219
4220
4221
4224
4225
4227
4228
4229
4230
4231
4232
4234
4235
4236
4237
4238
4239
4240
4241
110 4242
4242
4243
4244
4245
4246
4247
4248
4276
4250
4251
4252
4253
4254
4255
4258 4259
4259
4260
4261
4262 360
360
4263
4264
4265
4266
4268 4296
4296 4326
4269
4271
4272
4274
4275
4277
4278
4279
4280
4281
4282
4283
4284
4285
4286
4287
4289
4290
4292
4293
4294
4295
4297
4298
4301
4302
4303
4304
4307
4308
4309
4310
4311
4477
4314
4316
4317
4318
4319
4320
4322
4323
4324
4325
4326
4327
4328
4329
4333
4334
4335
4336
4337
4338
4339
4340
4341
4342
4343
4344
4345
4346
4347 2357
2357
4348
4349
4350
4351
4352
4353
4354
4355
4356
4361
4362
4363
4364
4365
4366
4367
4368
4369
4370
4371
4372
4373
4374
4376
4377
4378
4379
4380
4384
4388
4390
4391
4392
4393 4691
4691 179
2081
117 4396 4397
4396
4397
4399
4401
4402
4403
4404
4405 4490
4406
4407 4413
4413
4408
4410
4412
4414
4415
4416
4418
4419
4421
4422
4423
4424 4425
4425
4426
4427
4428
4429
4430
4431
4432
4433
4434
4435
4437
4438
4439
4441
4443
4444
4445
4446
4447
4448
4449
4450
4451
4452
4453
4454
4455
4456
4458
4459
4460
4461
4462
4463
4465
4466
4468
4469
4470
4471
4472
4473
4474
4475
4476
4478
4479
4480
4481
4482
4483
4484
4485
4488
4490
4492
4493
4494
4495
4496
4498
4499
4500 1292
1292
4501
4502
4505
4507
4508
4509
4510 213 4529
213
4512
4513
4516
4517
4518
4519
4520
4521
4522
4523
4524
4525
4526
4527
4528
4529 1047
1047 4706 4712
4530 4583 4764
4532
4533
4534
4535
4537
4538
4539
4541
4542
4543
4545
4547
4548
4549
4550
4551
4553
4555
4556
4557
4558
4559
4562
4563
4565
4566 4581
4581
4567
4568
4569
4570 620 635 640 651
620
635
640
651
4573
4574
4575
4576
4578
4579
4580
4582
4583
4584
4585
4586 3271
3271
4587
4588
4590
4591
4592
4594
4596
4598
4599
4600
4601
4602
4603
4604
4605
4606
4607
4608
4609
4610
4611
4612
4614
4615
4616
4617 4618
4620
4618
4619
4621
4622
4623
4624
4625 4626
4626
4627
4628
4629
4630
4635
4632
4633
4634
4636
4637
4638
4639
4640
4641
4642
4643
4648
4649
4651
4653
4654
4655
4658
4659
4669
4670
4671
4673 4674
4674
4675
128 4679
4679
4682
4683
4684
4685
4686
4689
4690
179
4692
4693
4694
4697
4698
4700
4701
4702
4703
4705
4706
4707
4708
4710
4711
4712
4713
4715
4716
4717
4718
4719
4720
4721
4722
4723
4724
4725
4727
4728
4730
4731
4732
4733
4734
4735
4736
4738
4739
4741
4742
4743
4744
4746
4747
4749
4752
4753
4754
4755
4756
4757
4758
4761
4762
4764
