#C:\Anaconda3\lib\site-packages\ipykernel_launcher.py -f C:\Users\CRM\AppData\Roaming\jupyter\runtime\kernel-c928d1b2-22d6-4b12-84cc-8c5e05def514.json
# GMT Fri Apr 12 10:57:10 2019
# 
1336 1337 1125 1080 1073 1189 1075 1063 1359 1193 1334 1199 1164 1138 1198 1097 1360 1113 1090 1105 1228 1335 1093 1179 1089 1104 1040 1086 1171 1358 1181 1117 1143 1212 1061 1187 1149 1227 1206 1136 1214 1115 1088 1146 1168 1114 1207 1049 1178 1191 1026 1177 1204 1100 1213 1039 1142 1210 1057 1108 1156 1229 1044 1135 1180 1133 1215 1158 1130 1122 1084 1035 1085 1046 1144 1201
1337 1125 1080 1073 1143 1075 1138 1199 1146 1047 1121 1358 1334 1335 1227 1214 1082 1117 1360 1171 1228 1040 1179 1152 1212 1204 1108 1210 1173 1100 1093
1080 1125 1053 1073 1097 1189 1075 1093 1143 1039 1164 1142 1228 1144 1107 1210 1042 1063 1032 1208 1180 1090 1121 1200 1104 1187 1086 1335 1175 1193 1334 1358 1213 1135 1051 1179 1206 1056 1131 1113 1181 1126 1229 1166 1133 1227 1214 1191 1136 1040 1138 1117 1061 1065 1049 1085 1152 1149 1067 1359 1082 1162 1158 1360 1089 1088 1146 1212 1207 1188 1130 1108 1128 1057 1046 1173 1100 1044 1199 1102 1106 1033 1103 1168 1035 1047 1127 1026 1084 1177 1201
1125 1097 1189 1075 1138 1146 1164 1047 1107 1144 1109 1103 1210 1042 1032 1208 1071 1180 1090 1200 1121 1104 1198 1092 1187 1215 1086 1175 1193 1067 1334 1360 1212 1358 1341 1041 1213 1177 1051 1142 1049 1229 1359 1181 1105 1143 1088 1061 1179 1082 1117 1228 1126 1171 1133 1168 1188 1089 1100 1207 1026 1033 1191 1152 1214 1029 1128 1201
1053 1164 1208 1335 1075 1155 1228 1191 1103 1040 1214 1089 1193 1086 1212 1177 1051 1035
1073 1097 1138 1146 1103 1189 1187 1358 1214 1360 1199 1206 1040 1121 1198 1117 1334 1127 1180 1152 1179 1085 1164 1089 1075 1061 1051 1114 1135 1126 1033 1144 1133 1088 1136 1210 1162 1149 1039 1090 1115 1142 1105 1071 1178 1201 1130 1104 1057 1166 1177 1227 1082 1335 1042 1035 1029
1097 1104 1199 1155 1206 1359 1189 1121 1047 1138 1180 1175 1126 1215 1051 1158 1179 1033 1228 1334 1227 1335 1082 1193 1085 1086 1207 1049 1114 1035 1177
1189 1138 1199 1200 1210 1228 1334 1360 1090 1142 1177 1155 1359 1198 1131 1212 1109 1042 1032 1127 1049 1181 1214 1191 1179 1171 1086 1133 1040 1143 1136 1063 1107 1146 1187 1175 1067 1152 1178 1201 1035 1204 1213 1162 1126 1158
1143 1138 1146 1180 1199 1198 1360 1105 1088 1040 1061 1117 1047 1228 1065 1208 1212 1181 1227 1204 1152 1171 1033 1035 1144
1075 1142 1164 1208 1056 1105 1089 1040 1228 1175 1063 1171 1358 1156 1152 1117 1104 1215 1360 1144 1180 1136 1146 1115 1206 1188 1126 1168 1093 1032 1066 1090 1135 1085 1026 1210 1334 1158 1133 1109 1193 1084 1127 1065 1201 1155 1198 1191
1093 1164 1208 1047 1065 1191 1117 1178 1138 1168 1179 1122 1204 1180 1044 1128 1109 1210 1086
1138 1039 1142 1063 1199 1067 1164 1113 1166 1131 1040 1334 1049 1179 1061 1133 1088 1105 1360 1117 1104 1086 1158 1228 1227 1092 1210 1168 1206 1136 1066 1144 1198 1085 1215 1146 1042 1177 1033 1114 1032 1178 1130 1115 1173 1057 1187 1135 1208 1191 1084 1029 1214 1162 1229 1213 1090 1126 1156 1103 1122 1212 1193 1180 1359 1082
1199 1228 1142 1360 1166 1082 1040 1049 1359 1133 1158 1136 1204 1085 1206 1033 1188 1042 1156 1179 1032 1168 1229 1039 1090 1105 1057 1126 1171 1117 1044 1214 1212 1193 1162 1029 1035
1146 1063 1198 1142 1179 1103 1104 1040 1047 1228 1127 1156 1105 1334 1164 1136 1213 1133 1175 1358 1117 1171 1212 1188 1359 1148 1033 1158 1086 1178 1168 1191 1335 1215 1042 1085 1066 1187 1204 1065 1035 1201 1162 1206 1341 1180 1032 1128
1039 1208 1105 1103 1040 1162 1179 1198 1156 1090 1228 1126 1131 1104 1201 1177 1188 1092 1335 1046 1227 1360 1358 1071 1166 1191 1042 1210 1171 1142 1180 1152 1207
1164 1142 1208 1198 1213 1210 1228 1335 1089 1113 1156 1104 1179 1117 1033 1359 1135 1032 1358 1171 1100 1126 1162 1168 1178 1105 1214 1148 1127 1206 1334 1035
1142 1208 1210 1360 1051 1136 1089 1113 1152 1228 1082 1358 1090 1177 1213 1103 1088 1175 1126 1105 1188 1171 1092 1114 1042 1033 1135 1108 1162 1086 1212 1044 1057 1215 1198 1133 1117 1187 1029 1046 1201 1085 1035 1071
1047 1228 1175 1135 1086 1177 1148 1104 1035 1105 1149 1171 1065 1133
1228 1359 1193 1198 1179 1086 1109 1127 1126 1175 1067 1229 1105 1049 1040 1177 1082 1360 1152 1171 1156 1215 1227 1201 1206 1133 1158 1090 1103 1204 1341 1135 1144 1107 1114 1173 1168 1178 1130 1057 1212 1033 1117 1042 1358 1191 1084 1035 1065 1032
1144 1149 1168 1090 1057 1029 1155 1214 1121 1204 1191 1215 1115
1107 1175 1067 1040 1200 1086 1051 1152 1056 1149 1206 1334 1115 1180 1089 1065 1162 1191 1127 1032 1042
1109 1215 1175 1127 1200 1193 1156 1214 1191 1088 1136 1126 1090 1065 1158 1227 1042 1188 1033 1187 1044 1128 1210 1213 1114 1341 1152 1086
1103 1215 1208 1175 1341 1177 1212 1040 1214 1179 1227 1149 1090 1049 1042 1136 1171 1201 1178 1128 1035 1127 1198 1334
1210 1042 1032 1213 1131 1040 1341 1041 1114 1089 1171 1149 1179 1033 1201 1136 1126 1090 1148 1156 1227 1135 1335 1198 1191 1130 1360 1133 1358 1152 1026 1212 1051 1158 1187 1155 1115 1044 1128 1086
1042 1032 1040 1149 1200 1198 1126 1049 1171 1334 1067 1104 1033 1187 1360 1204 1168 1166 1026 1188 1173 1090 1108 1227 1066 1179 1071 1215 1084 1128 1158 1207 1086 1136 1089 1133 1085 1206 1065 1359 1213 1127 1156 1051 1152
1063 1200 1040 1105 1358 1131 1089 1067 1117 1033 1191
1032 1208 1115 1200 1088 1191 1092 1026 1033 1067 1104 1187 1133 1128 1086 1212 1359 1082 1214 1051 1085 1084 1066 1168 1065 1130 1177 1126 1149 1071
1208 1071 1335 1177 1040 1179 1089 1126 1127 1212 1213
1071 1040 1191 1213 1086 1201 1334 1171 1127 1104 1026 1033 1206 1162
1180 1056 1040 1358 1152 1200 1212 1089 1090 1156 1334 1106 1227 1360 1126 1092 1135 1100 1175 1193 1133 1171 1082 1035 1359 1065 1213 1214 1187
1090 1051 1135 1179 1040 1341 1126 1065 1067 1088 1131 1114 1198 1156 1171 1105 1033 1214 1104 1136 1204 1334 1188 1026 1149 1200 1360 1191 1178 1162 1206 1175 1213 1057 1212 1133 1229 1187 1358 1154 1130 1177 1085 1046 1201 1049 1122
1200 1177 1214 1086 1115 1131 1171 1108 1206 1227 1033
1121 1175 1127 1360 1135 1126 1065 1089 1171 1334
1104 1334 1040 1051 1133 1113 1088 1177 1191 1227 1187 1033 1175 1206 1171 1188 1128 1136 1215 1201 1044 1152 1066 1041 1084 1213 1026
1198 1334 1335 1179 1212 1175 1086 1206 1126 1127 1358 1040 1156 1171 1117 1162 1341 1105 1204 1041 1089 1193 1191 1136 1100 1057 1046 1149 1178 1154 1035 1114 1085 1122 1128
1092 1359 1179 1056 1155 1088 1040 1131 1191 1089 1187 1127 1126 1335 1135 1175 1162 1215 1066 1177 1035
1187 1229 1179 1154 1088 1051 1334 1113 1175 1191 1133 1086 1033 1135 1214 1155 1149 1085 1126 1100 1156 1136 1204 1128 1029 1065 1130 1152 1067 1201 1171
1215 1212 1135 1082 1171 1214 1114 1065 1149 1156 1086 1191 1126 1168 1152 1334 1158 1035 1122 1155 1136
1086 1359 1135 1056 1040 1131 1171 1152 1162 1193 1177 1201 1335 1227 1334 1065 1046 1212 1154 1360 1168 1130 1033 1035 1114 1044 1084 1213 1128 1341
1335 1155 1051 1162 1149 1191 1179 1056 1156 1066 1082 1115 1214 1178
1175 1359 1088 1229 1149 1133 1178 1188 1033 1360 1136 1056 1135 1204 1193 1156
1193 1359 1227 1206 1177 1358 1117 1191 1171 1033 1341 1229 1056 1334 1041 1133 1085 1154 1127 1029 1204 1148 1084 1057 1026 1178 1188 1135 1130
1359 1067 1334 1127 1049 1212 1133 1171 1082 1214 1168 1084 1115 1026 1162 1156 1191 1085 1360 1126 1051 1065 1128
1067 1334 1105 1358 1133 1082 1040 1033 1066 1131 1106 1171 1188 1204 1168 1214 1136 1044 1360 1206 1191 1127 1158 1177
1334 1360 1133 1082 1358 1033 1179 1204 1026 1188 1171 1135 1213 1214 1156 1181 1212 1126 1206 1201 1168 1158 1191 1115
1360 1229 1214 1040 1154 1133 1065 1177 1171 1162 1227 1212 1149 1033 1179 1135 1066 1089 1173 1115 1126 1204 1155 1127 1358 1029 1341 1158 1178 1051 1152 1191 1122
1105 1212 1181 1061 1040 1049 1171 1126 1114 1127 1033
1212 1049 1181 1171 1179 1207 1117 1136 1066 1156 1130 1229 1214 1158 1204 1155 1108 1100 1166 1127 1152 1085 1046 1051 1035
1358 1127 1126 1065 1089 1085 1117 1149 1188 1135 1114 1227 1191 1046 1136 1128 1166 1204 1133 1171 1029
1341 1136 1201 1041 1029 1033 1126 1044 1114
1041 1213 1206 1084 1179
1213 1040 1084 1201 1148 1136 1191 1156 1171 1033 1179 1152 1204 1168 1026 1115 1044 1114 1128
1135 1155 1214 1051 1168 1201 1026 1049 1171 1204 1066 1206 1100 1056 1178 1128 1044 1149 1029 1136 1156 1177 1117 1082 1126 1191 1127
1177 1166 1179 1154 1191 1149 1082 1114 1126 1049 1133 1204 1066 1214 1115 1065 1168 1136 1155 1127 1188 1033
1155 1171 1156 1229 1117 1149 1131 1214 1051 1126 1204 1227 1136 1056 1082 1066 1114 1035
1051 1154 1179 1149 1201 1114 1128 1049 1085 1127 1168 1136 1035 1126
1179 1227 1214 1040 1149 1206 1191 1171 1066 1126 1130 1148 1033 1115 1229 1204 1136 1162 1029 1127 1154 1085
1206 1227 1040 1088 1033 1168 1131 1106 1066 1204 1136 1191 1126 1158 1127 1029 1162 1049 1089 1171 1084
1056 1046 1126 1171 1191 1154
1131 1171 1133 1201 1040 1106 1117
1113 1229 1088 1033 1201 1166
1181 1133 1149 1178 1156 1066
1126 1127 1156 1136 1171 1033 1191 1162 1066 1089 1149 1188 1100 1117 1044 1029 1085 1084 1168 1114 1152 1178 1130 1158 1035 1227 1154
1127 1040 1136 1171 1191 1149 1085 1046 1158 1035 1162
1171 1040 1214 1191 1136 1178 1085 1114 1188 1207 1082 1149 1057 1148 1049 1115 1154 1117 1133 1029 1168 1204 1084 1089 1065 1130 1035 1033 1122 1026 1201
1049 1040 1133 1061 1033 1084 1156 1114 1207 1162 1044 1201
1229 1227 1033 1114 1214 1204 1158 1084 1057 1106
1166 1033 1117 1214 1046 1191
1133 1040 1061 1158 1115 1065 1162 1156 1084 1204 1130 1026 1188 1191 1082 1033 1057 1044 1089 1029 1173 1066 1152 1168
1227 1191 1136 1106 1168 1201 1130 1033 1066 1035
1214 1148 1154 1065 1156 1191 1130 1204 1085 1158 1082 1152 1084 1035
1191 1040 1154 1089 1082 1128 1029 1152 1204 1136 1162
1089 1152 1065 1204 1033 1066 1108 1085 1117 1114
1136 1040 1114 1065 1033 1115 1084 1130 1117 1156 1204 1148 1162 1057 1173 1201 1044 1128
1082 1065 1029 1207 1204 1130
1117 1040 1156 1168 1204 1057 1033 1026
1114 1040 1033 1201 1168 1152 1085 1029 1154 1122 1044 1128
1040 1088 1061 1158 1152 1035
1154 1156 1178 1207 1085 1035
1148 1033 1128 1057
1088
1061
1156 1162 1204 1149 1152 1033
1065 1066 1149 1115 1085 1152 1026 1035
1085 1204 1108 1178 1046 1152 1035
1152 1158 1173 1149 1084 1204 1188 1029 1122 1035
1149 1201 1178 1100 1033 1057 1115 1108 1168 1044 1158 1204 1106 1035
1162 1204
1158 1106 1130 1029 1201 1035 1026
1033 1201 1188 1026 1115 1204 1100 1168 1128 1066 1035 1084
1201 1066 1100 1108 1084 1115 1026 1128
1066 1026 1029
1168 1178 1046 1173
1106 1115
1084 1115 1026 1128 1130
1115 1026 1204 1046
1026 1204 1188 1128
1207
1188
1130 1029 1122
1204
1178 1173 1122 1035
1108 1046 1057
1100 1044
1128 1044 1046
1029 1057
1057 1035
1046 1044 1035
1173
1044
1102
1122 1035
1035
