7 1
7 8
7 15
17 2
17 16
17 32
4 3
3 12
12 11
12 21
10 5
10 9
10 11
9 6
9 13
15 14
15 16
13 19
11 44
44 57
21 22
21 24
19 18
19 20
16 35
35 32
35 33
35 43
32 24
32 42
20 23
20 52
23 45
52 129
22 40
40 72
45 38
45 50
26 25
26 27
26 29
27 30
27 31
29 28
29 30
30 37
31 38
28 36
36 39
37 39
38 39
34 33
33 41
41 47
43 55
39 48
48 49
48 51
72 74
47 46
47 61
53 54
53 71
55 54
55 60
57 58
57 70
50 51
50 65
61 64
49 86
51 121
86 88
65 120
65 125
121 122
129 127
71 75
56 63
60 62
60 63
63 69
58 82
70 81
82 80
82 95
67 59
67 88
67 98
62 66
62 68
68 90
69 93
120 123
125 130
125 140
79 75
79 83
88 109
98 119
90 92
90 93
90 158
93 103
81 78
81 80
81 89
74 76
182 73
182 184
76 77
77 78
77 83
83 84
89 91
95 131
84 96
85 94
96 91
96 94
94 92
94 101
147 87
147 102
147 183
109 136
109 137
91 99
158 156
158 163
99 142
103 104
131 133
100 153
102 97
102 116
119 118
119 154
142 152
153 150
153 172
124 143
124 150
104 105
104 106
104 107
105 115
107 108
115 113
115 156
108 110
108 111
110 113
110 114
136 134
136 219
137 138
114 112
114 117
117 168
156 162
168 171
168 175
168 195
118 155
118 191
155 164
155 191
191 194
191 206
123 126
122 141
141 135
141 151
126 130
126 144
143 160
150 178
140 132
140 145
144 148
127 133
127 188
133 216
188 159
188 196
128 132
146 271
216 211
216 218
135 134
219 234
138 139
139 164
199 194
199 201
164 194
145 159
151 149
151 266
152 165
160 161
160 169
148 149
148 197
271 273
271 278
183 184
149 198
197 198
197 273
198 287
178 181
266 262
165 170
172 189
190 252
190 333
162 163
162 167
187 157
187 200
157 252
252 269
163 161
163 166
169 173
169 180
167 175
166 174
170 193
174 180
175 185
195 185
195 225
173 176
180 186
193 192
193 213
189 181
189 210
189 224
176 177
177 179
179 181
181 202
186 202
186 223
202 222
184 200
223 281
196 220
210 212
333 269
333 347
206 205
206 265
192 209
209 211
209 213
213 212
213 280
225 268
220 233
227 229
273 279
287 293
201 203
201 204
242 269
204 207
208 207
208 217
205 231
205 265
231 230
231 243
265 320
214 215
214 217
217 221
280 276
280 291
215 238
238 239
238 241
218 226
221 230
221 235
226 228
226 232
234 237
233 229
233 245
235 244
275 277
275 282
281 282
281 283
274 276
274 277
274 304
268 267
268 283
228 229
232 229
232 246
243 244
246 249
245 247
245 248
236 237
236 240
237 239
244 260
240 251
241 253
251 256
260 259
260 345
247 249
248 250
249 250
249 254
250 255
254 294
255 264
256 261
257 258
259 261
294 298
294 300
264 263
258 262
258 285
285 350
345 346
345 376
263 270
263 317
270 278
270 328
317 316
317 322
320 372
272 292
272 324
283 284
328 327
328 329
292 296
324 297
324 331
324 332
279 286
279 288
304 303
304 309
304 312
282 305
286 288
286 290
288 289
291 300
302 301
302 313
305 314
301 315
290 293
293 295
289 306
306 326
300 318
296 295
295 299
298 316
298 336
299 330
336 339
330 341
318 351
313 360
309 310
314 358
326 325
326 344
308 307
308 311
307 319
311 310
321 323
321 400
360 358
360 361
360 492
358 359
358 522
355 364
322 327
322 334
351 339
351 352
351 374
372 371
372 418
400 403
327 399
331 338
332 335
325 329
325 415
329 381
415 458
344 341
399 381
381 464
341 340
338 335
338 340
335 337
347 356
339 375
340 470
375 374
375 413
470 469
470 536
469 537
343 342
342 354
354 352
354 404
346 391
376 378
391 353
391 388
391 434
356 395
349 348
353 432
374 410
432 495
404 403
364 362
364 365
395 409
363 357
363 367
522 515
522 519
402 405
361 362
361 380
492 497
380 389
365 367
367 366
367 368
368 369
368 379
379 385
371 370
373 418
418 419
410 442
413 414
377 392
378 393
392 393
392 397
393 394
385 383
389 386
389 390
464 406
464 514
383 382
386 384
384 387
396 401
388 394
388 420
390 494
494 497
434 462
397 407
409 422
401 412
407 398
407 411
403 405
412 417
412 521
405 408
405 426
408 465
426 463
416 414
411 419
411 433
465 524
422 421
422 427
442 535
433 435
521 517
521 534
414 595
595 597
595 598
458 450
458 548
423 425
424 436
424 456
421 425
425 428
427 428
436 467
428 429
463 445
463 466
429 430
430 435
435 437
435 438
439 431
439 441
495 503
495 530
495 559
462 478
462 488
437 440
438 446
467 471
440 441
446 447
441 443
443 444
535 531
447 448
447 449
448 453
449 459
453 452
450 505
505 557
452 451
452 454
451 455
455 457
454 504
504 500
504 527
457 460
460 461
548 554
461 468
468 471
478 476
478 480
466 525
524 515
525 509
525 539
471 472
471 474
537 536
537 549
536 538
472 475
474 485
475 477
476 473
473 477
477 479
485 500
479 481
480 483
483 482
483 484
483 486
484 489
486 487
487 493
493 507
490 491
491 498
498 506
497 501
497 502
507 499
507 512
503 496
503 510
530 538
559 560
559 566
499 496
501 508
502 517
506 511
508 520
517 518
517 532
510 511
527 513
527 526
557 578
511 512
520 518
520 519
520 529
516 558
523 513
589 586
589 598
558 562
532 624
529 533
534 617
540 541
540 543
539 546
539 552
576 528
576 653
533 542
538 565
624 623
624 625
542 545
617 616
617 623
567 564
567 581
549 550
549 551
565 566
565 639
546 541
546 574
552 564
552 577
541 596
543 544
596 601
545 544
545 547
547 553
574 610
574 626
553 593
554 555
554 556
550 604
551 556
594 604
594 611
604 636
556 592
555 579
579 582
592 590
592 614
578 582
562 561
562 563
560 561
560 572
572 571
563 569
569 571
639 640
639 657
570 568
570 580
581 584
571 573
580 608
575 649
610 606
626 627
626 673
649 650
653 650
606 607
606 660
582 591
608 585
608 735
584 585
583 587
591 588
591 659
587 588
587 609
602 599
659 693
614 611
614 638
600 601
597 599
599 679
679 680
679 706
605 613
603 612
612 622
636 641
613 615
660 665
660 674
735 732
735 757
658 683
622 618
615 620
638 670
620 618
620 619
620 621
623 633
619 625
621 628
628 630
629 627
629 631
629 637
633 632
633 648
630 634
631 635
637 642
635 643
648 685
648 690
643 645
641 644
641 661
642 645
670 661
670 682
640 652
657 668
652 651
652 656
661 667
645 646
645 647
646 672
647 671
672 687
671 691
685 684
685 690
685 695
690 688
690 694
650 651
650 654
654 655
656 663
662 664
668 667
668 760
683 680
683 704
693 681
674 755
667 669
664 666
666 696
696 702
669 708
760 753
760 769
708 714
682 681
682 726
691 688
691 716
687 689
675 676
755 758
676 677
677 686
686 689
680 678
680 707
706 707
706 719
707 712
726 795
704 709
704 712
695 764
689 692
692 698
694 746
716 756
698 705
724 725
724 742
764 763
764 790
702 701
702 703
701 697
705 711
700 699
699 736
736 731
736 748
703 728
728 731
712 713
711 710
711 715
719 729
714 723
717 713
717 721
710 718
715 765
720 734
723 785
765 771
756 781
756 782
721 722
729 730
729 734
734 737
734 743
722 727
727 738
785 783
785 794
742 739
742 786
795 806
795 815
738 737
738 739
738 741
731 740
730 733
733 732
733 754
740 801
754 796
743 747
757 761
748 753
741 744
744 745
786 816
747 749
745 749
749 751
750 752
791 810
751 787
752 788
787 813
788 792
788 809
796 798
758 759
758 767
781 780
781 782
781 789
782 808
761 762
797 814
759 762
767 768
767 770
762 776
769 822
776 778
790 793
790 862
771 773
768 766
766 780
770 772
783 821
822 834
772 773
773 774
773 775
774 779
775 812
779 778
812 839
778 777
777 784
784 799
789 807
808 855
821 874
794 806
816 817
816 840
813 819
813 844
792 793
809 861
807 839
793 881
862 859
862 877
810 811
810 823
806 815
806 825
815 825
815 829
798 814
814 826
827 828
803 800
803 804
804 802
804 805
802 811
805 824
824 941
825 865
839 841
839 843
855 852
855 856
861 867
823 834
819 820
844 846
826 828
829 840
817 818
817 887
840 869
818 888
887 880
887 890
888 894
820 845
842 849
845 854
845 909
874 872
874 897
874 968
941 945
865 891
865 895
828 830
828 831
830 835
831 832
835 836
832 962
833 843
962 960
962 970
843 841
843 948
876 882
876 886
836 837
836 838
837 871
838 971
871 883
971 985
841 851
869 870
869 880
869 921
851 850
851 975
849 853
849 864
948 960
846 847
846 848
854 853
854 868
854 911
909 885
909 911
909 920
847 907
848 860
860 863
860 873
864 863
864 866
850 852
975 1024
868 914
911 927
856 903
867 879
903 884
903 908
903 915
858 857
858 859
873 875
877 901
866 878
891 895
895 872
895 906
878 875
914 930
879 884
879 893
870 892
883 885
883 904
968 983
882 889
886 899
901 902
901 1049
884 900
889 898
904 918
900 912
899 898
899 933
890 910
898 896
898 931
910 913
905 906
906 924
896 939
939 946
931 933
912 908
912 973
1049 1046
1049 1050
915 959
918 925
922 929
924 929
913 916
913 917
920 925
927 930
973 1079
916 919
917 923
930 919
930 932
959 972
925 928
979 963
929 988
934 963
926 961
928 937
961 942
961 993
961 1014
988 1034
932 935
932 936
932 954
935 949
936 938
954 956
965 966
963 964
949 951
938 940
940 942
940 944
946 945
944 952
945 943
945 947
943 981
981 980
981 992
952 951
999 1001
960 974
951 955
950 953
953 957
955 1023
957 956
957 958
1023 1026
1023 1048
1023 1076
958 969
969 976
972 1024
974 1007
993 986
993 997
993 1011
1014 1027
970 985
964 967
967 976
966 984
984 982
984 990
976 977
976 978
983 987
983 1008
983 1009
1024 1025
1024 1028
1079 1028
1079 1132
1007 996
1007 1061
1007 1144
977 1083
978 1038
1083 1090
1083 1109
1038 1045
995 1005
992 1017
992 1054
982 991
991 987
991 1016
987 1020
1008 1009
1008 1037
1009 1020
1009 1044
990 989
1022 1149
1020 1021
1020 1043
1034 1039
1034 1062
989 994
994 998
994 1006
1016 1019
1016 1021
1017 1018
1017 1055
1054 1064
997 1061
1011 1015
998 1000
1006 1010
1005 1004
1029 1030
996 1025
1025 1188
1061 1144
1000 1001
1001 1003
1002 1053
1003 1052
1053 1065
1004 1031
1031 1033
1010 1035
1144 1195
1044 1140
1035 1073
1015 1013
1015 1204
1012 1027
1027 1026
1204 1216
1204 1223
1021 1047
1055 1097
1043 1089
1047 1089
1149 1152
1149 1225
1048 1087
1076 1307
1188 1233
1213 1272
1030 1032
1032 1036
1032 1057
1033 1062
1036 1045
1057 1071
1062 1072
1062 1102
1039 1040
1045 1051
1045 1056
1042 1040
1046 1041
1046 1063
1041 1059
1089 1142
1140 1142
1140 1163
1051 1066
1056 1141
1087 1090
1087 1312
1066 1068
1060 1069
1065 1070
1064 1070
1097 1098
1141 1168
1058 1068
1071 1081
1071 1110
1068 1078
1069 1067
1069 1077
1072 1081
1102 1104
1095 1107
1095 1120
1070 1067
1070 1094
1077 1080
1094 1093
1094 1099
1081 1118
1110 1112
1074 1075
1074 1133
1075 1082
1082 1084
1307 1258
1080 1085
1111 1112
1132 1120
1132 1151
1085 1084
1085 1086
1118 1131
1090 1109
1109 1165
1109 1356
1088 1096
1312 1309
1312 1356
1096 1100
1142 1148
1092 1091
1092 1101
1091 1093
1101 1098
1101 1154
1099 1153
1107 1203
1100 1106
1098 1157
1145 1157
1145 1166
1157 1154
1103 1105
1153 1154
1153 1197
1106 1105
1106 1108
1154 1226
1108 1117
1203 1209
1203 1224
1117 1122
1165 1171
1356 1355
1112 1115
1113 1114
1113 1115
1115 1116
1134 1128
1134 1175
1116 1121
1121 1124
1122 1123
1131 1130
1131 1135
1131 1147
1135 1119
1135 1136
1135 1182
1119 1137
1137 1136
1137 1161
1124 1125
1124 1126
1123 1127
1123 1138
1127 1159
1125 1129
1126 1128
1129 1150
1128 1139
1159 1172
1139 1143
1150 1156
1130 1143
1143 1155
1147 1156
1151 1199
1151 1211
1152 1170
1175 1176
1200 1207
1182 1187
1182 1210
1161 1164
1161 1167
1184 1189
1163 1164
1148 1219
1155 1179
1195 1205
1166 1218
1167 1146
1167 1214
1156 1160
1156 1162
1219 1225
1219 1232
1219 1255
1225 1242
1199 1209
1211 1270
1158 1193
1170 1174
1197 1191
1197 1248
1226 1198
1226 1234
1179 1169
1179 1187
1179 1206
1207 1230
1160 1180
1162 1169
1193 1192
1193 1217
1172 1173
1180 1185
1164 1251
1169 1181
1251 1249
1251 1254
1251 1299
1171 1176
1198 1218
1218 1319
1214 1220
1174 1173
1174 1177
1178 1183
1178 1186
1177 1243
1183 1201
1243 1259
1186 1212
1186 1215
1187 1202
1210 1220
1189 1190
1189 1192
1189 1196
1194 1208
1212 1350
1215 1349
1202 1228
1233 1256
1233 1268
1190 1191
1196 1238
1217 1245
1208 1231
1205 1241
1205 1253
1248 1247
1248 1275
1209 1311
1298 1301
1224 1222
1224 1415
1216 1221
1216 1537
1223 1239
1241 1221
1241 1267
1253 1256
1253 1287
1229 1227
1229 1230
1229 1283
1231 1237
1311 1277
1311 1410
1220 1249
1270 1271
1270 1277
1270 1495
1350 1349
1350 1355
1350 1441
1272 1269
1272 1271
1349 1383
1537 1531
1537 1541
1245 1246
1319 1320
1232 1254
1255 1329
1249 1240
1239 1258
1239 1273
1415 1410
1415 1418
1242 1264
1234 1236
1234 1315
1235 1237
1283 1281
1283 1295
1281 1282
1281 1346
1237 1240
1237 1250
1254 1324
1256 1268
1268 1269
1268 1280
1236 1260
1315 1302
1315 1360
1260 1261
1302 1279
1302 1358
1250 1276
1244 1246
1244 1257
1273 1437
1267 1286
1264 1265
1259 1265
1252 1262
1275 1284
1276 1288
1299 1306
1262 1261
1287 1289
1324 1331
1303 1318
1265 1266
1263 1274
1274 1278
1266 1285
1285 1294
1286 1289
1495 1533
1445 1505
1437 1529
1278 1284
1284 1317
1288 1290
1279 1322
1322 1361
1293 1292
1293 1405
1346 1344
1346 1345
1346 1359
1297 1301
1297 1313
1295 1335
1347 1369
1317 1318
1294 1296
1294 1300
1289 1291
1290 1304
1305 1325
1291 1292
1542 1541
1542 1544
1542 1592
1304 1306
1405 1513
1296 1316
1300 1327
1335 1342
1301 1313
1313 1344
1313 1368
1306 1308
1306 1314
1327 1340
1358 1360
1358 1361
1358 1373
1318 1323
1325 1342
1314 1435
1310 1309
1310 1439
1326 1332
1410 1540
1368 1367
1368 1394
1435 1417
1435 1432
1435 1446
1321 1320
1360 1357
1360 1379
1323 1370
1320 1363
1363 1357
1363 1362
1363 1371
1370 1374
1331 1330
1331 1333
1331 1338
1342 1354
1332 1328
1340 1341
1340 1343
1330 1328
1337 1336
1333 1334
1352 1432
1334 1336
1339 1348
1434 1444
1348 1343
1341 1372
1351 1402
1372 1386
1354 1401
1345 1353
1353 1364
1359 1366
1369 1404
1383 1389
1355 1440
1441 1458
1402 1412
1432 1433
1432 1454
1364 1365
1401 1406
1440 1456
1373 1380
1366 1367
1379 1380
1379 1382
1371 1377
1371 1385
1394 1389
1394 1409
1404 1406
1374 1375
1374 1376
1377 1382
1377 1396
1385 1398
1385 1426
1386 1381
1380 1378
1375 1384
1376 1381
1384 1387
1396 1400
1378 1388
1388 1390
1421 1400
1421 1477
1387 1390
1398 1399
1426 1478
1391 1403
1390 1393
1430 1428
1430 1431
1392 1397
1393 1395
1403 1407
1397 1408
1409 1416
1504 1518
1400 1399
1408 1407
1399 1480
1480 1477
1406 1417
1406 1423
1412 1411
1407 1414
1407 1420
1513 1520
1513 1544
1423 1449
1414 1411
1420 1492
1416 1425
1416 1427
1540 1543
1413 1419
1419 1424
1419 1479
1418 1422
1418 1539
1425 1428
1427 1429
1539 1538
1539 1720
1424 1463
1479 1489
1492 1496
1477 1498
1463 1470
1428 1429
1428 1443
1478 1487
1460 1459
1443 1536
1431 1511
1438 1442
1511 1524
1511 1534
1511 1562
1454 1465
1444 1448
1446 1451
1447 1436
1447 1448
1529 1532
1442 1483
1568 1584
1456 1457
1458 1471
1483 1471
1483 1493
1536 1534
1536 1555
1448 1453
1448 1461
1505 1512
1505 1533
1451 1450
1451 1452
1453 1464
1461 1469
1459 1462
1459 1468
1450 1466
1466 1465
1452 1462
1455 1545
1464 1465
1545 1530
1545 1552
1545 1608
1457 1476
1482 1571
1476 1577
1471 1573
1468 1549
1469 1475
1470 1472
1470 1473
1470 1485
1467 1530
1530 1616
1549 1554
1475 1474
1475 1481
1472 1491
1473 1474
1573 1577
1573 1627
1491 1489
1481 1588
1577 1572
1577 1630
1498 1515
1487 1486
1487 1488
1487 1490
1489 1494
1588 1610
1571 1572
1571 1586
1571 1628
1493 1524
1493 1574
1486 1484
1582 1585
1582 1597
1488 1516
1490 1580
1494 1509
1580 1598
1580 1700
1496 1499
1496 1503
1574 1575
1509 1508
1533 1535
1499 1497
1499 1507
1503 1506
1497 1501
1501 1500
1515 1514
1515 1528
1507 1525
1500 1502
1500 1510
1502 1523
1510 1526
1523 1521
1506 1508
1518 1519
1518 1521
1518 1527
1512 1520
1525 1526
1525 1561
1525 1565
1522 1563
1526 1606
1562 1564
1520 1570
1570 1603
1570 1604
1514 1517
1517 1519
1527 1548
1563 1567
1561 1640
1565 1567
1548 1551
1559 1560
1559 1598
1532 1531
1616 1608
1616 1611
1616 1674
1589 1584
1535 1546
1546 1547
1550 1579
1590 1821
1720 1737
1543 1591
1592 1756
1591 1736
1552 1554
1608 1623
1608 1676
1551 1553
1551 1557
1554 1556
1554 1558
1579 1717
1553 1560
1557 1566
1558 1587
1595 1594
1566 1605
1587 1596
1598 1600
1598 1699
1564 1581
1567 1569
1581 1599
1605 1618
1569 1578
1584 1586
1578 1626
1604 1617
1628 1635
1628 1782
1627 1630
1627 1641
1575 1576
1678 1641
1678 1696
1630 1642
1626 1631
1717 1743
1700 1699
1700 1802
1583 1607
1599 1593
1585 1609
1585 1657
1597 1621
1597 1655
1607 1696
1615 1648
1615 1649
1609 1610
1657 1667
1596 1601
1610 1614
1821 1839
1736 1737
1736 1743
1736 1910
1756 1731
1756 1765
1594 1593
1601 1623
1622 1652
1621 1634
1600 1602
1699 1758
1602 1620
1602 1646
1623 1666
1620 1619
1620 1650
1646 1692
1617 1723
1618 1619
1618 1624
1624 1629
1624 1636
1696 1706
1676 1683
1614 1613
1612 1611
1612 1613
1612 1625
1625 1658
1648 1838
1649 1651
1674 1689
1723 1730
1650 1693
1634 1632
1634 1679
1652 1656
1666 1702
1629 1633
1636 1760
1658 1675
1631 1632
1631 1637
1641 1725
1635 1638
1782 1783
1782 1785
1633 1645
1642 1639
1642 1772
1637 1654
1645 1644
1679 1690
1638 1639
1760 1758
1760 1777
1654 1660
1644 1643
1644 1647
1725 1706
1725 1772
1772 1778
1772 1779
1643 1661
1661 1660
1647 1707
1692 1697
1838 1820
1838 1839
1838 1918
1651 1653
1693 1697
1653 1785
1656 1659
1656 1663
1785 1820
1660 1672
1660 1686
1662 1664
1662 1670
1659 1665
1663 1684
1667 1668
1667 1669
1667 1680
1675 1673
1675 1677
1665 1688
1672 1671
1686 1733
1664 1671
1684 1683
1688 1681
1688 1695
1702 1712
1680 1708
1673 1691
1691 1689
1689 1687
1685 1726
1683 1682
1683 1694
1690 1704
1708 1741
1705 1706
1705 1711
1682 1687
1694 1715
1726 1757
1733 1742
1695 1703
1704 1710
1704 1776
1697 1698
1715 1727
1715 1729
1701 1711
1703 1716
1706 1788
1802 1789
1802 1804
1711 1714
1712 1713
1716 1714
1710 1709
1710 1775
1776 1822
1788 1766
1788 1778
1741 1739
1741 1740
1741 1749
1775 1787
1714 1766
1713 1744
1722 1728
1744 1721
1766 1764
1766 1843
1727 1732
1718 1719
1743 1869
1719 1730
1724 1870
1724 1998
1737 1735
1737 1851
1728 1738
1728 1762
1870 1869
1870 1920
1998 1999
1757 1771
1732 1734
1738 1734
1738 1745
1762 1763
1762 1786
1742 1740
1742 1747
1745 1746
1745 1754
1851 1907
1739 1767
1767 1771
1749 1755
1747 1752
1746 1748
1746 1750
1754 1759
1754 1797
1748 1751
1748 1753
1750 1790
1752 1755
1751 1784
1753 1769
1755 1768
1755 1774
1790 1784
1790 1791
1784 1769
1784 1799
1761 1763
1761 1795
1759 1773
1797 1796
1797 1813
1768 1805
1774 1792
1765 1965
1771 1773
1771 1780
1777 1789
1763 1770
1795 1794
1795 1801
1786 1793
1965 1966
1965 2004
1843 1846
1843 1866
1805 1816
1793 1794
1793 1826
1780 1803
1778 1779
1778 1832
1779 1781
1792 1831
1787 1817
1787 1823
1822 1823
1822 1830
1789 1798
1832 1834
1832 1846
1781 1783
1781 1834
1803 1815
1834 1844
1820 1842
1827 1879
1817 1823
1817 1824
1823 1845
1846 1881
1798 1811
1791 1796
1791 1800
1800 1809
1831 1818
1831 1830
1831 1890
1826 1828
1826 1873
1801 1808
1813 1807
1813 1809
1813 1850
1811 1825
1806 1812
1808 1812
1808 1829
1815 1810
1815 1816
1816 1818
1816 1819
1807 1814
1807 1837
1814 1810
1837 1849
1829 1828
1829 1835
1825 1824
1825 1836
1850 1855
1850 1858
1819 1833
1833 1860
1842 1963
2004 2003
2004 2044
1845 1847
1845 1885
1836 1840
1873 1868
1873 1874
1879 1883
1879 1884
1835 1867
1890 1889
1890 1899
1844 1962
1867 1855
1867 1868
1867 1871
1840 1852
1840 1854
1848 1847
1849 1857
1859 1865
1918 1989
1852 1934
1854 1886
1853 1841
1853 1908
1963 1964
1963 1993
1866 1883
1962 1964
1962 2005
1847 1880
1885 1880
1885 1888
1885 1927
1881 1893
1880 1927
1857 1861
1858 1865
1907 1931
1934 1933
1934 1935
1908 2033
1886 1882
1886 1891
1856 1917
1917 1919
1917 1946
1861 1862
1865 1875
1865 1905
1862 1863
1862 1864
1863 1889
1864 1872
1889 1913
1872 1877
1875 1876
1883 1884
1883 1887
1871 1919
1919 1912
1919 1948
1877 1876
1877 1878
1874 1884
1874 1912
1884 1909
1912 1909
1912 1950
1878 1892
1927 1930
1927 1933
1893 1898
1882 1938
1938 1936
1938 1937
1887 1904
1887 1916
1888 1901
1891 1923
1904 1916
1904 1926
1916 1940
1901 1899
1901 1915
1913 1947
1899 1911
1923 1936
1896 1895
1896 1897
1896 1900
1898 1902
1895 1894
1897 1921
1900 1922
1921 1954
1902 1903
1911 1968
1915 1914
1915 1924
1903 1906
1926 1925
1926 1928
1945 1943
1945 1946
1925 1929
1931 2034
2033 2035
2033 2053
2033 2125
1951 1941
1951 1950
1951 1981
2017 2048
1968 1967
1968 1973
1950 1948
1947 1954
1914 1930
1930 1932
1930 1987
1924 1983
1940 1928
1940 1941
1946 1948
1946 1970
1989 1993
1989 2003
1948 1984
2032 2050
1954 1952
1954 1972
1942 1944
1983 1967
1983 2013
1929 1928
1929 1976
1929 1990
1933 1932
1933 1994
1976 1980
1976 1990
1990 1992
1990 2014
1932 1988
1987 2013
2034 2048
1988 1994
1988 2008
1994 2007
1986 2009
1937 1939
1939 1956
1956 1958
1956 1991
1941 1969
1969 1978
1944 1943
1944 1952
1944 1955
1955 1971
1970 1974
1970 1975
1984 1974
1984 1985
2035 1949
2035 2056
1981 1979
1981 1982
1981 2069
1957 1953
1957 1958
1957 1959
1957 1961
1972 1973
1972 1975
1971 2016
1958 1959
1991 2009
1959 1960
1960 2006
2006 2110
2047 2051
1964 2040
2005 2002
2005 2015
1993 2039
1966 2000
2000 2001
1967 2026
2026 2046
1977 1980
1974 2022
2022 2020
1982 1985
2069 2068
2069 2082
2069 2137
2013 2028
2009 2010
2009 2011
2008 2012
1992 2002
2014 2015
2039 2041
2007 2010
1996 1995
1996 1997
1995 1999
1999 2037
2037 2038
2037 2066
2001 2064
2001 2065
2064 2066
2065 2070
2044 2058
2015 2042
2110 2104
2110 2111
2010 2011
2010 2012
2012 2025
2011 2072
2072 2099
2072 2104
2025 2021
2025 2112
2028 2036
2042 2074
2020 2018
2048 2052
2019 2018
2019 2023
2023 2024
2030 2077
2021 2029
2029 2031
2024 2027
2027 2043
2112 2113
2046 2043
2046 2045
2036 2031
2036 2045
2077 2083
2050 2049
2050 2052
2050 2057
2053 2054
2125 2122
2125 2126
2045 2059
2038 2049
2066 2134
2041 2080
2063 2073
2063 2114
2080 2081
2080 2084
2074 2079
2058 2075
2059 2085
2051 2071
2051 2109
2052 2055
2052 2057
2057 2060
2057 2062
2071 2067
2071 2097
2109 2160
2055 2054
2055 2061
2061 2060
2061 2092
2062 2131
2075 2100
2085 2095
2092 2129
2092 2130
2131 2129
2131 2132
2131 2152
2073 2079
2114 2094
2114 2115
2114 2119
2134 2132
2134 2135
2134 2158
2068 2076
2137 2136
2137 2151
2137 2157
2097 2161
2097 2185
2099 2104
2099 2113
2099 2150
2079 2091
2100 2078
2100 2135
2100 2199
2086 2087
2083 2087
2088 2081
2088 2116
2091 2093
2091 2096
2084 2115
2087 2089
2087 2090
2115 2119
2095 2089
2095 2102
2090 2101
2116 2124
2093 2094
2093 2098
2096 2133
2129 2130
2129 2149
2130 2128
2130 2138
2098 2142
2102 2103
2102 2106
2133 2140
2161 2230
2185 2183
2142 2144
2113 2118
2150 2268
2105 2103
2105 2107
2105 2108
2106 2117
2107 2136
2108 2120
2117 2118
2120 2153
2121 2123
2111 2123
2123 2159
2118 2146
2119 2141
2119 2168
2124 2127
2124 2201
2146 2247
2141 2162
2168 2169
2153 2203
2159 2173
2127 2162
2201 2232
2126 2128
2126 2143
2143 2276
2162 2188
2149 2280
2138 2148
2152 2227
2140 2166
2151 2156
2157 2154
2148 2277
2145 2139
2145 2155
2187 2179
2187 2194
2166 2170
2166 2171
2144 2147
2276 2277
2147 2163
2155 2198
2247 2248
2247 2256
2163 2164
2163 2167
2277 2283
2280 2286
2268 2256
2227 2255
2203 2205
2198 2194
2198 2320
2204 2223
2251 2252
2251 2255
2251 2354
2173 2210
2182 2183
2182 2228
2230 2245
2188 2186
2188 2189
2164 2165
2167 2172
2169 2180
2170 2177
2170 2179
2171 2175
2171 2176
2172 2174
2172 2180
2180 2184
2177 2178
2177 2191
2179 2178
2175 2181
2175 2186
2176 2190
2210 2222
2186 2184
2190 2191
2190 2195
2191 2195
2191 2279
2228 2238
2202 2278
2189 2192
2192 2193
2192 2197
2195 2196
2279 2320
2193 2226
2193 2340
2197 2196
2226 2244
2340 2344
2340 2347
2196 2321
2321 2334
2218 2223
2320 2341
2200 2250
2250 2249
2250 2289
2232 2244
2232 2249
2278 2271
2278 2300
2223 2225
2223 2243
2206 2207
2206 2208
2206 2211
2207 2209
2208 2216
2211 2212
2209 2213
2216 2215
2216 2217
2213 2220
2222 2235
2212 2214
2214 2219
2220 2221
2219 2229
2217 2224
2217 2231
2237 2239
2237 2242
2224 2236
2231 2240
2229 2233
2221 2225
2235 2238
2235 2259
2254 2258
2254 2259
2254 2275
2243 2338
2236 2248
2244 2291
2288 2287
2238 2261
2238 2269
2233 2241
2245 2253
2245 2262
2240 2242
2240 2352
2241 2239
2241 2246
2262 2234
2262 2266
2262 2267
2259 2264
2259 2272
2261 2260
2261 2265
2269 2270
2269 2274
2352 2357
2352 2361
2246 2355
2338 2341
2338 2353
2338 2386
2291 2292
2291 2296
2253 2295
2355 2360
2256 2257
2289 2290
2354 2314
2354 2363
2258 2263
2275 2281
2257 2336
2336 2337
2336 2358
2264 2260
2264 2265
2272 2274
2272 2281
2272 2293
2265 2274
2266 2322
2267 2298
2274 2293
2322 2330
2298 2299
2298 2325
2270 2271
2293 2294
2293 2324
2284 2273
2284 2283
2284 2375
2283 2282
2300 2306
2286 2285
2286 2287
2282 2285
2282 2383
2383 2557
2375 2378
2375 2598
2379 2380
2356 2364
2290 2296
2290 2297
2296 2297
2297 2314
2297 2388
2292 2345
2345 2344
2345 2394
2324 2323
2324 2333
2307 2311
2299 2302
2315 2318
2325 2328
2302 2301
2306 2304
2306 2305
2306 2310
2327 2328
2303 2316
2316 2318
2304 2308
2308 2311
2305 2309
2309 2317
2310 2335
2311 2312
2311 2313
2317 2318
2335 2313
2335 2374
2312 2348
2348 2349
2318 2319
2400 2409
2341 2343
2334 2342
2334 2391
2347 2392
2330 2326
2330 2332
2333 2339
2328 2329
2328 2331
2329 2326
2331 2399
2332 2365
2399 2415
2365 2367
2339 2346
2342 2343
2374 2370
2374 2376
2358 2357
2382 2381
2353 2359
2386 2432
2389 2418
2394 2448
2349 2350
2349 2351
2392 2417
2350 2404
2351 2370
2404 2419
2370 2403
2357 2369
2361 2360
2359 2360
2363 2364
2363 2372
2360 2362
2393 2538
2369 2384
2362 2385
2385 2436
2372 2387
2372 2390
2367 2368
2367 2371
2368 2366
2371 2398
2384 2427
2403 2422
2398 2402
2387 2548
2390 2405
2395 2373
2395 2401
2373 2396
2396 2409
2376 2397
2378 2377
2598 2603
2397 2401
2380 2543
2543 2550
2381 2466
2466 2477
2557 2562
2427 2429
2427 2430
2436 2445
2432 2438
2548 2546
2548 2554
2482 2500
2418 2417
2418 2428
2418 2508
2405 2420
2405 2555
2538 2560
2401 2440
2409 2410
2402 2406
2415 2412
2415 2414
2440 2434
2440 2507
2406 2407
2406 2408
2422 2423
2419 2424
2420 2540
2555 2567
2408 2413
2413 2624
2410 2411
2410 2507
2411 2412
2411 2619
2619 2618
2619 2620
2416 2556
2414 2556
2556 2610
2501 2513
2428 2479
2508 2527
2424 2425
2424 2426
2540 2549
2421 2425
2423 2433
2433 2615
2426 2475
2475 2477
2429 2446
2430 2447
2446 2450
2447 2455
2435 2431
2435 2437
2431 2438
2438 2441
2438 2444
2615 2616
2615 2621
2437 2439
2437 2442
2445 2443
2445 2449
2445 2459
2439 2443
2442 2536
2441 2483
2444 2496
2483 2542
2536 2539
2496 2491
2449 2503
2459 2465
2450 2452
2450 2456
2450 2463
2455 2453
2455 2454
2455 2462
2451 2460
2503 2510
2452 2453
2456 2478
2463 2492
2460 2457
2460 2461
2460 2464
2454 2467
2467 2468
2462 2489
2478 2487
2458 2471
2471 2474
2465 2480
2461 2497
2464 2534
2489 2490
2489 2493
2489 2498
2492 2486
2492 2493
2534 2521
2534 2535
2534 2611
2480 2484
2480 2485
2477 2476
2477 2481
2468 2470
2468 2472
2468 2473
2472 2499
2473 2537
2469 2476
2474 2494
2499 2490
2499 2537
2537 2639
2494 2514
2481 2622
2487 2486
2487 2502
2491 2488
2491 2506
2484 2524
2485 2505
2622 2621
2500 2504
2500 2509
2542 2539
2542 2541
2542 2585
2495 2519
2490 2498
2493 2498
2506 2525
2514 2513
2519 2527
2504 2531
2509 2532
2513 2512
2513 2529
2511 2516
2510 2515
2510 2517
2531 2547
2523 2520
2523 2526
2523 2530
2525 2522
2525 2541
2614 2616
2614 2620
2527 2528
2532 2521
2532 2544
2515 2516
2517 2526
2512 2528
2529 2551
2520 2518
2522 2576
2576 2636
2530 2587
2587 2588
2547 2558
2544 2626
2535 2533
2611 2628
2539 2594
2560 2572
2594 2596
2549 2559
2585 2642
2550 2552
2550 2553
2545 2546
2558 2561
2559 2569
2552 2574
2553 2575
2574 2571
2575 2564
2561 2565
2561 2580
2567 2566
2567 2568
2567 2583
2610 2618
2610 2629
2562 2563
2562 2564
2562 2581
2569 2579
2572 2571
2572 2573
2572 2582
2565 2568
2580 2595
2563 2606
2581 2634
2606 2605
2566 2570
2583 2591
2579 2577
2579 2578
2579 2584
2573 2577
2582 2586
2584 2586
2595 2591
2595 2632
2634 2635
2586 2589
2591 2593
2591 2617
2589 2609
2590 2597
2592 2593
2609 2613
2597 2596
2597 2599
2597 2607
2617 2623
2617 2627
2599 2640
2607 2641
2603 2601
2603 2602
2601 2600
2602 2604
2604 2605
2605 2608
2608 2612
2613 2637
2613 2638
2616 2630
2620 2631
2621 2633
2623 2625
