#C:\Anaconda3\lib\site-packages\ipykernel_launcher.py -f C:\Users\CRM\AppData\Roaming\jupyter\runtime\kernel-c928d1b2-22d6-4b12-84cc-8c5e05def514.json
# GMT Fri Apr 12 10:57:11 2019
# 
7 1 8 15
1
17 2 16 32
2
4 3
3 12
12 11 21
10 5 9 11
5
9 6 13
6
8
15 14 16
13 19
11 44
44 57
21 22 24
19 18 20
14
16 35
35 32 33 43
32 24 42
18
20 23 52
23 45
52 129
22 40
24
40 72
45 38 50
26 25 27 29
25
27 30 31
29 28 30
30 37
31 38
28 36
36 39
37 39
38 39
42
34 33
33 41
41 47
43 55
39 48
48 49 51
72 74
47 46 61
53 54 71
55 54 60
57 58 70
50 51 65
46
61 64
49 86
51 121
86 88
65 120 125
121 122
129 127
54
71 75
56 63
60 62 63
63 69
58 82
70 81
82 80 95
67 59 88 98
59
62 66 68
64
66
68 90
69 93
120 123
125 130 140
79 75 83
88 109
98 119
90 92 93 158
93 103
81 78 80 89
75
74 76
182 73 184
73
76 77
77 78 83
78
83 84
80
89 91
95 131
84 96
85 94
96 91 94
94 92 101
147 87 102 183
87
109 136 137
91 99
92
158 156 163
99 142
103 104
101
131 133
100 153
102 97 116
97
119 118 154
142 152
153 150 172
124 143 150
116
104 105 106 107
105 115
106
107 108
115 113 156
108 110 111
110 113 114
111
136 134 219
137 138
113
114 112 117
112
117 168
156 162
168 171 175 195
118 155 191
155 164 191
191 194 206
154
123 126
122 141
141 135 151
126 130 144
143 160
150 178
130
140 132 145
144 148
127 133 188
133 216
188 159 196
128 132
132
146 271
216 211 218
135 134
134
219 234
138 139
139 164
199 194 201
164 194
145 159
151 149 266
152 165
160 161 169
148 149 197
159
271 273 278
183 184
149 198
197 198 273
198 287
178 181
266 262
165 170
172 189
190 252 333
162 163 167
187 157 200
157 252
252 269
163 161 166
161
169 173 180
167 175
166 174
194
170 193
174 180
175 185
171
195 185 225
173 176
180 186
193 192 213
189 181 210 224
176 177
185
177 179
179 181
181 202
186 202 223
202 222
184 200
200
223 281
196 220
210 212
224
333 269 347
206 205 265
192 209
209 211 213
213 212 280
225 268
220 233
227 229
273 279
287 293
201 203 204
242 269
203
204 207
222
208 207 217
207
205 231 265
231 230 243
265 320
214 215 217
217 221
211
212
280 276 291
215 238
238 239 241
218 226
221 230 235
226 228 232
234 237
233 229 245
230
235 244
275 277 282
281 282 283
274 276 277 304
268 267 283
228 229
232 229 246
229
243 244
246 249
245 247 248
236 237 240
237 239
244 260
240 251
239
241 253
251 256
253
269
260 259 345
247 249
248 250
249 250 254
250 255
254 294
255 264
256 261
257 258
259 261
294 298 300
264 263
261
258 262 285
262
285 350
345 346 376
263 270 317
270 278 328
317 316 322
320 372
272 292 324
267
283 284
278
328 327 329
292 296
324 297 331 332
279 286 288
276
277
304 303 309 312
282 305
286 288 290
288 289
291 300
302 301 313
305 314
284
301 315
350
290 293
293 295
289 306
306 326
300 318
296 295
295 299
298 316 336
299 330
297
316
336 339
330 341
318 351
315
313 360
303
309 310
312
314 358
326 325 344
308 307 311
307 319
319
311 310
310
321 323 400
360 358 361 492
358 359 522
355 364
322 327 334
351 339 352 374
372 371 418
323
400 403
327 399
334
331 338
332 335
325 329 415
329 381
415 458
344 341
399 381
381 464
341 340
338 335 340
335 337
347 356
337
339 375
340 470
375 374 413
470 469 536
469 537
343 342
342 354
354 352 404
346 391
376 378
391 353 388 434
356 395
349 348
348
353 432
352
374 410
432 495
404 403
364 362 365
395 409
363 357 367
357
359
522 515 519
402 405
361 362 380
492 497
362
380 389
365 367
367 366 368
366
368 369 379
369
379 385
371 370
370
373 418
418 419
410 442
413 414
377 392
378 393
392 393 397
393 394
385 383
389 386 390
464 406 514
383 382
382
386 384
384 387
387
396 401
388 394 420
394
420
390 494
494 497
434 462
397 407
409 422
401 412
407 398 411
398
406
403 405
412 417 521
405 408 426
408 465
426 463
416 414
411 419 433
465 524
422 421 427
442 535
419
433 435
417
521 517 534
414 595
595 597 598
458 450 548
423 425
424 436 456
421 425
425 428
427 428
436 467
456
428 429
463 445 466
429 430
430 435
435 437 438
439 431 441
431
495 503 530 559
462 478 488
437 440
438 446
467 471
440 441
446 447
441 443
443 444
445
535 531
444
447 448 449
448 453
449 459
453 452
459
450 505
505 557
452 451 454
451 455
455 457
454 504
504 500 527
457 460
460 461
548 554
461 468
468 471
478 476 480
488
466 525
514
524 515
525 509 539
471 472 474
537 536 549
536 538
472 475
474 485
475 477
476 473
473 477
477 479
485 500
479 481
480 483
481
483 482 484 486
482
484 489
486 487
489
500
487 493
493 507
490 491
491 498
498 506
497 501 502
507 499 512
503 496 510
530 538
559 560 566
499 496
496
501 508
502 517
506 511
508 520
517 518 532
510 511
527 513 526
557 578
511 512
512
520 518 519 529
509
516 558
523 513
513
589 586 598
515
558 562
518
532 624
519
529 533
534 617
540 541 543
539 546 552
526
576 528 653
528
533 542
538 565
531
624 623 625
542 545
617 616 623
567 564 581
549 550 551
565 566 639
546 541 574
552 564 577
541 596
543 544
596 601
545 544 547
544
547 553
574 610 626
553 593
554 555 556
550 604
551 556
594 604 611
604 636
556 592
564
577
593
555 579
579 582
592 590 614
578 582
562 561 563
560 561 572
566
561
572 571
563 569
569 571
639 640 657
570 568 580
581 584
568
571 573
580 608
573
575 649
610 606
626 627 673
649 650
653 650
606 607 660
582 591
608 585 735
584 585
583 587
591 588 659
586
587 588 609
585
602 599
588
609
598
590
659 693
614 611 638
600 601
611
597 599
601
599 679
679 680 706
605 613
603 612
612 622
636 641
613 615
607
660 665 674
735 732 757
658 683
622 618
615 620
638 670
620 618 619 621
616
623 633
618
619 625
625
621 628
628 630
629 627 631 637
633 632 648
627
673
630 634
631 635
637 642
634
635 643
632
648 685 690
643 645
641 644 661
642 645
670 661 682
640 652
644
657 668
652 651 656
661 667
645 646 647
646 672
647 671
672 687
671 691
685 684 690 695
690 688 694
650 651 654
651
654 655
656 663
655
662 664
663
668 667 760
683 680 704
693 681
665
674 755
667 669
664 666
666 696
696 702
669 708
760 753 769
708 714
682 681 726
691 688 716
687 689
675 676
755 758
676 677
677 686
686 689
680 678 707
678
706 707 719
707 712
681
726 795
704 709 712
684
695 764
689 692
688
692 698
694 746
716 756
698 705
724 725 742
746
764 763 790
702 701 703
701 697
697
705 711
700 699
699 736
736 731 748
703 728
728 731
709
712 713
711 710 715
719 729
714 723
717 713 721
710 718
718
715 765
713
720 734
723 785
765 771
756 781 782
721 722
729 730 734
734 737 743
722 727
727 738
785 783 794
725
742 739 786
795 806 815
738 737 739 741
731 740
730 733
733 732 754
740 801
732
754 796
737
743 747
757 761
748 753
739
741 744
801
744 745
786 816
747 749
745 749
749 751
750 752
753
791 810
751 787
752 788
787 813
788 792 809
796 798
758 759 767
781 780 782 789
782 808
761 762
797 814
759 762
767 768 770
762 776
769 822
776 778
763
790 793 862
771 773
768 766
766 780
780
770 772
783 821
822 834
772 773
773 774 775
774 779
775 812
779 778
812 839
778 777
777 784
784 799
789 807
808 855
821 874
799
794 806
816 817 840
813 819 844
792 793
809 861
807 839
793 881
862 859 877
810 811 823
881
806 815 825
815 825 829
798 814
814 826
827 828
803 800 804
800
804 802 805
802 811
811
805 824
824 941
825 865
839 841 843
855 852 856
861 867
823 834
819 820
844 846
826 828
829 840
817 818 887
840 869
818 888
887 880 890
888 894
820 845
842 849
845 854 909
874 872 897 968
834
941 945
865 891 895
828 830 831
830 835
831 832
835 836
832 962
833 843
962 960 970
843 841 948
876 882 886
836 837 838
837 871
838 971
871 883
971 985
841 851
869 870 880 921
880
851 850 975
849 853 864
948 960
846 847 848
854 853 868 911
909 885 911 920
847 907
848 860
907
860 863 873
853
864 863 866
850 852
852
975 1024
868 914
911 927
856 903
867 879
903 884 908 915
858 857 859
857
859
863
873 875
877 901
866 878
891 895
895 872 906
878 875
914 930
879 884 893
870 892
921
892
883 885 904
872
875
897
968 983
882 889
886 899
901 902 1049
884 900
893
889 898
885
904 918
900 912
899 898 933
890 910
894
898 896 931
910 913
905 906
902
906 924
896 939
939 946
931 933
933
912 908 973
1049 1046 1050
908
915 959
918 925
922 929
924 929
913 916 917
920 925
927 930
973 1079
916 919
917 923
930 919 932
959 972
919
923
925 928
979 963
929 988
934 963
926 961
928 937
961 942 993 1014
937
988 1034
932 935 936 954
935 949
936 938
954 956
965 966
963 964
949 951
938 940
940 942 944
946 945
942
944 952
945 943 947
943 981
981 980 992
952 951
947
999 1001
960 974
951 955
950 953
953 957
955 1023
957 956 958
956
1023 1026 1048 1076
958 969
969 976
972 1024
974 1007
993 986 997 1011
1014 1027
970 985
964 967
967 976
966 984
984 982 990
976 977 978
983 987 1008 1009
985
1024 1025 1028
1079 1028 1132
1007 996 1061 1144
977 1083
978 1038
1083 1090 1109
1038 1045
995 1005
980
992 1017 1054
982 991
991 987 1016
987 1020
1008 1009 1037
1009 1020 1044
990 989
1022 1149
986
1020 1021 1043
1034 1039 1062
989 994
994 998 1006
1016 1019 1021
1017 1018 1055
1054 1064
997 1061
1011 1015
998 1000
1006 1010
1005 1004
1029 1030
996 1025
1025 1188
1061 1144
1000 1001
1001 1003
1002 1053
1003 1052
1053 1065
1052
1004 1031
1031 1033
1010 1035
1144 1195
1037
1044 1140
1035 1073
1015 1013 1204
1013
1012 1027
1027 1026
1204 1216 1223
1019
1021 1047
1018
1055 1097
1043 1089
1047 1089
1149 1152 1225
1026
1048 1087
1076 1307
1028
1188 1233
1213 1272
1030 1032
1032 1036 1057
1033 1062
1036 1045
1057 1071
1062 1072 1102
1039 1040
1073
1045 1051 1056
1042 1040
1040
1046 1041 1063
1041 1059
1059
1089 1142
1140 1142 1163
1051 1066
1056 1141
1063
1087 1090 1312
1050
1066 1068
1060 1069
1065 1070
1064 1070
1097 1098
1141 1168
1058 1068
1071 1081 1110
1068 1078
1069 1067 1077
1072 1081
1102 1104
1095 1107 1120
1070 1067 1094
1067
1078
1077 1080
1094 1093 1099
1081 1118
1110 1112
1074 1075 1133
1075 1082
1133
1082 1084
1307 1258
1080 1085
1111 1112
1132 1120 1151
1085 1084 1086
1118 1131
1084
1090 1109
1109 1165 1356
1086
1088 1096
1312 1309 1356
1096 1100
1142 1148
1092 1091 1101
1091 1093
1093
1101 1098 1154
1099 1153
1107 1203
1120
1100 1106
1098 1157
1145 1157 1166
1157 1154
1103 1105
1153 1154 1197
1106 1105 1108
1154 1226
1104
1105
1108 1117
1203 1209 1224
1117 1122
1165 1171
1356 1355
1112 1115
1113 1114 1115
1115 1116
1114
1134 1128 1175
1116 1121
1121 1124
1122 1123
1131 1130 1135 1147
1135 1119 1136 1182
1119 1137
1137 1136 1161
1124 1125 1126
1123 1127 1138
1127 1159
1138
1125 1129
1126 1128
1129 1150
1128 1139
1159 1172
1139 1143
1150 1156
1130 1143
1143 1155
1147 1156
1151 1199 1211
1152 1170
1175 1176
1200 1207
1136
1182 1187 1210
1161 1164 1167
1184 1189
1163 1164
1168
1148 1219
1155 1179
1195 1205
1166 1218
1167 1146 1214
1146
1156 1160 1162
1219 1225 1232 1255
1225 1242
1199 1209
1211 1270
1158 1193
1170 1174
1197 1191 1248
1226 1198 1234
1179 1169 1187 1206
1207 1230
1160 1180
1162 1169
1193 1192 1217
1172 1173
1180 1185
1164 1251
1169 1181
1251 1249 1254 1299
1171 1176
1198 1218
1218 1319
1214 1220
1181
1174 1173 1177
1176
1178 1183 1186
1173
1177 1243
1183 1201
1243 1259
1186 1212 1215
1187 1202
1206
1185
1210 1220
1201
1189 1190 1192 1196
1194 1208
1212 1350
1215 1349
1202 1228
1233 1256 1268
1190 1191
1192
1196 1238
1191
1217 1245
1208 1231
1205 1241 1253
1238
1248 1247 1275
1209 1311
1298 1301
1228
1224 1222 1415
1216 1221 1537
1223 1239
1241 1221 1267
1253 1256 1287
1229 1227 1230 1283
1230
1231 1237
1311 1277 1410
1220 1249
1270 1271 1277 1495
1350 1349 1355 1441
1272 1269 1271
1349 1383
1221
1537 1531 1541
1245 1246
1319 1320
1232 1254
1255 1329
1249 1240
1222
1239 1258 1273
1415 1410 1418
1242 1264
1234 1236 1315
1227
1235 1237
1283 1281 1295
1281 1282 1346
1237 1240 1250
1254 1324
1256 1268
1268 1269 1280
1236 1260
1315 1302 1360
1260 1261
1302 1279 1358
1240
1250 1276
1244 1246 1257
1258
1273 1437
1267 1286
1264 1265
1259 1265
1246
1257
1247
1252 1262
1275 1284
1276 1288
1299 1306
1262 1261
1287 1289
1324 1331
1329
1303 1318
1265 1266
1261
1263 1274
1274 1278
1266 1285
1285 1294
1286 1289
1269
1280
1271
1277
1495 1533
1445 1505
1437 1529
1278 1284
1284 1317
1288 1290
1279 1322
1322 1361
1293 1292 1405
1282
1346 1344 1345 1359
1297 1301 1313
1295 1335
1347 1369
1317 1318
1294 1296 1300
1289 1291
1290 1304
1305 1325
1291 1292
1542 1541 1544 1592
1304 1306
1292
1405 1513
1296 1316
1300 1327
1335 1342
1316
1301 1313
1313 1344 1368
1306 1308 1314
1327 1340
1358 1360 1361 1373
1318 1323
1325 1342
1308
1314 1435
1310 1309 1439
1326 1332
1309
1439
1410 1540
1344
1368 1367 1394
1435 1417 1432 1446
1321 1320
1360 1357 1379
1323 1370
1320 1363
1363 1357 1362 1371
1361
1370 1374
1331 1330 1333 1338
1342 1354
1332 1328
1340 1341 1343
1330 1328
1328
1337 1336
1333 1334
1338
1352 1432
1334 1336
1336
1339 1348
1434 1444
1348 1343
1341 1372
1343
1351 1402
1372 1386
1354 1401
1345 1353
1353 1364
1359 1366
1369 1404
1383 1389
1355 1440
1441 1458
1402 1412
1432 1433 1454
1364 1365
1401 1406
1440 1456
1357
1373 1380
1366 1367
1379 1380 1382
1362
1371 1377 1385
1365
1367
1394 1389 1409
1404 1406
1374 1375 1376
1377 1382 1396
1385 1398 1426
1386 1381
1380 1378
1375 1384
1376 1381
1384 1387
1381
1382
1396 1400
1378 1388
1388 1390
1421 1400 1477
1389
1387 1390
1398 1399
1426 1478
1391 1403
1390 1393
1430 1428 1431
1392 1397
1393 1395
1403 1407
1397 1408
1395
1409 1416
1504 1518
1400 1399
1408 1407
1399 1480
1480 1477
1406 1417 1423
1412 1411
1407 1414 1420
1513 1520 1544
1417
1423 1449
1414 1411
1420 1492
1416 1425 1427
1540 1543
1411
1413 1419
1419 1424 1479
1418 1422 1539
1425 1428
1427 1429
1422
1539 1538 1720
1424 1463
1479 1489
1492 1496
1477 1498
1449
1463 1470
1428 1429 1443
1478 1487
1429
1460 1459
1443 1536
1431 1511
1438 1442
1511 1524 1534 1562
1433
1454 1465
1444 1448
1446 1451
1447 1436 1448
1436
1529 1532
1442 1483
1568 1584
1456 1457
1458 1471
1483 1471 1493
1536 1534 1555
1448 1453 1461
1505 1512 1533
1451 1450 1452
1453 1464
1461 1469
1459 1462 1468
1450 1466
1466 1465
1452 1462
1455 1545
1462
1464 1465
1465
1545 1530 1552 1608
1457 1476
1482 1571
1476 1577
1471 1573
1468 1549
1469 1475
1470 1472 1473 1485
1467 1530
1530 1616
1549 1554
1475 1474 1481
1472 1491
1473 1474
1485
1573 1577 1627
1491 1489
1474
1481 1588
1577 1572 1630
1498 1515
1487 1486 1488 1490
1489 1494
1588 1610
1571 1572 1586 1628
1493 1524 1574
1486 1484
1484
1582 1585 1597
1488 1516
1490 1580
1516
1494 1509
1580 1598 1700
1496 1499 1503
1524
1574 1575
1509 1508
1533 1535
1499 1497 1507
1503 1506
1497 1501
1501 1500
1515 1514 1528
1507 1525
1500 1502 1510
1502 1523
1510 1526
1523 1521
1506 1508
1518 1519 1521 1527
1512 1520
1508
1525 1526 1561 1565
1522 1563
1526 1606
1534
1562 1564
1520 1570
1544
1570 1603 1604
1514 1517
1517 1519
1528
1519
1521
1527 1548
1563 1567
1561 1640
1565 1567
1606
1548 1551
1559 1560 1598
1532 1531
1616 1608 1611 1674
1531
1589 1584
1535 1546
1546 1547
1550 1579
1555
1541
1590 1821
1538
1720 1737
1543 1591
1592 1756
1547
1591 1736
1552 1554
1608 1623 1676
1551 1553 1557
1554 1556 1558
1579 1717
1553 1560
1557 1566
1560
1556
1558 1587
1595 1594
1566 1605
1587 1596
1598 1600 1699
1640
1564 1581
1567 1569
1581 1599
1605 1618
1569 1578
1584 1586
1578 1626
1603
1604 1617
1572
1586
1628 1635 1782
1627 1630 1641
1575 1576
1678 1641 1696
1576
1630 1642
1626 1631
1717 1743
1700 1699 1802
1583 1607
1599 1593
1585 1609 1657
1597 1621 1655
1607 1696
1615 1648 1649
1609 1610
1657 1667
1596 1601
1610 1614
1821 1839
1736 1737 1743 1910
1756 1731 1765
1594 1593
1593
1601 1623
1622 1652
1621 1634
1655
1600 1602
1699 1758
1602 1620 1646
1623 1666
1620 1619 1650
1646 1692
1731
1617 1723
1618 1619 1624
1624 1629 1636
1696 1706
1676 1683
1614 1613
1612 1611 1613 1625
1611
1613
1625 1658
1648 1838
1649 1651
1674 1689
1723 1730
1619
1650 1693
1634 1632 1679
1652 1656
1666 1702
1629 1633
1636 1760
1658 1675
1631 1632 1637
1641 1725
1635 1638
1782 1783 1785
1633 1645
1642 1639 1772
1632
1637 1654
1645 1644
1679 1690
1638 1639
1760 1758 1777
1654 1660
1639
1644 1643 1647
1725 1706 1772
1772 1778 1779
1643 1661
1661 1660
1647 1707
1692 1697
1707
1838 1820 1839 1918
1651 1653
1693 1697
1653 1785
1656 1659 1663
1785 1820
1660 1672 1686
1662 1664 1670
1659 1665
1663 1684
1667 1668 1669 1680
1675 1673 1677
1665 1688
1672 1671
1686 1733
1664 1671
1670
1684 1683
1671
1688 1681 1695
1702 1712
1668
1669
1680 1708
1677
1673 1691
1691 1689
1689 1687
1685 1726
1683 1682 1694
1690 1704
1708 1741
1681
1705 1706 1711
1682 1687
1687
1694 1715
1726 1757
1733 1742
1695 1703
1704 1710 1776
1697 1698
1715 1727 1729
1701 1711
1703 1716
1706 1788
1698
1758
1802 1789 1804
1711 1714
1712 1713
1716 1714
1710 1709 1775
1776 1822
1788 1766 1778
1709
1741 1739 1740 1749
1775 1787
1714 1766
1713 1744
1722 1728
1744 1721
1766 1764 1843
1727 1732
1729
1721
1718 1719
1743 1869
1719 1730
1724 1870 1998
1730
1737 1735 1851
1728 1738 1762
1870 1869 1920
1998 1999
1757 1771
1732 1734
1738 1734 1745
1762 1763 1786
1734
1742 1740 1747
1745 1746 1754
1735
1910
1851 1907
1739 1767
1767 1771
1740
1749 1755
1747 1752
1869
1764
1746 1748 1750
1754 1759 1797
1748 1751 1753
1750 1790
1752 1755
1751 1784
1753 1769
1755 1768 1774
1790 1784 1791
1784 1769 1799
1761 1763 1795
1769
1759 1773
1797 1796 1813
1768 1805
1774 1792
1765 1965
1771 1773 1780
1773
1777 1789
1763 1770
1795 1794 1801
1786 1793
1770
1965 1966 2004
1843 1846 1866
1805 1816
1793 1794 1826
1780 1803
1778 1779 1832
1779 1781
1792 1831
1787 1817 1823
1822 1823 1830
1789 1798
1832 1834 1846
1781 1783 1834
1803 1815
1783
1834 1844
1799
1820 1842
1827 1879
1817 1823 1824
1823 1845
1846 1881
1798 1811
1791 1796 1800
1796
1800 1809
1831 1818 1830 1890
1794
1826 1828 1873
1801 1808
1813 1807 1809 1850
1811 1825
1806 1812
1809
1808 1812 1829
1804
1815 1810 1816
1816 1818 1819
1812
1807 1814 1837
1814 1810
1837 1849
1829 1828 1835
1810
1825 1824 1836
1850 1855 1858
1819 1833
1818
1824
1833 1860
1842 1963
1839
2004 2003 2044
1830
1845 1847 1885
1836 1840
1828
1873 1868 1874
1879 1883 1884
1835 1867
1890 1889 1899
1860
1844 1962
1867 1855 1868 1871
1840 1852 1854
1848 1847
1849 1857
1859 1865
1918 1989
1852 1934
1854 1886
1853 1841 1908
1841
1963 1964 1993
1866 1883
1962 1964 2005
1847 1880
1885 1880 1888 1927
1881 1893
1880 1927
1857 1861
1855
1858 1865
1907 1931
1934 1933 1935
1908 2033
1886 1882 1891
1856 1917
1917 1919 1946
1861 1862
1865 1875 1905
1862 1863 1864
1863 1889
1864 1872
1889 1913
1872 1877
1875 1876
1905
1883 1884 1887
1868
1871 1919
1920
1919 1912 1948
1877 1876 1878
1874 1884 1912
1884 1909
1912 1909 1950
1876
1878 1892
1892
1927 1930 1933
1893 1898
1882 1938
1938 1936 1937
1887 1904 1916
1909
1888 1901
1891 1923
1904 1916 1926
1916 1940
1901 1899 1915
1913 1947
1899 1911
1923 1936
1896 1895 1897 1900
1898 1902
1895 1894
1894
1897 1921
1900 1922
1921 1954
1902 1903
1911 1968
1922
1915 1914 1924
1903 1906
1906
1926 1925 1928
1945 1943 1946
1925 1929
1931 2034
2033 2035 2053 2125
1951 1941 1950 1981
2017 2048
1968 1967 1973
1950 1948
1947 1954
1914 1930
1930 1932 1987
1924 1983
1940 1928 1941
1946 1948 1970
1989 1993 2003
1948 1984
2032 2050
1954 1952 1972
1942 1944
1936
1983 1967 2013
1929 1928 1976 1990
1928
1933 1932 1994
1976 1980 1990
1990 1992 2014
1932 1988
1987 2013
2034 2048
1988 1994 2008
1994 2007
1935
1986 2009
1937 1939
1939 1956
1956 1958 1991
1941 1969
1969 1978
1944 1943 1952 1955
1943
1952
1955 1971
1970 1974 1975
1984 1974 1985
2035 1949 2056
1949
1981 1979 1982 2069
1957 1953 1958 1959 1961
1953
1972 1973 1975
1971 2016
1958 1959
1991 2009
1959 1960
1961
1960 2006
2006 2110
2047 2051
1964 2040
2005 2002 2015
1993 2039
2040
1966 2000
2000 2001
1967 2026
2026 2046
1973
1977 1980
1978
1974 2022
1975
2016
2022 2020
1980
1979
1982 1985
2069 2068 2082 2137
1985
2013 2028
2009 2010 2011
2008 2012
2003
1992 2002
2014 2015
2002
2039 2041
2007 2010
1996 1995 1997
1995 1999
1999 2037
1997
2037 2038 2066
2001 2064 2065
2064 2066
2065 2070
2044 2058
2015 2042
2110 2104 2111
2010 2011 2012
2012 2025
2011 2072
2072 2099 2104
2025 2021 2112
2028 2036
2042 2074
2020 2018
2048 2052
2019 2018 2023
2018
2023 2024
2030 2077
2021 2029
2029 2031
2024 2027
2027 2043
2112 2113
2046 2043 2045
2043
2036 2031 2045
2031
2077 2083
2050 2049 2052 2057
2053 2054
2125 2122 2126
2056
2045 2059
2038 2049
2066 2134
2049
2041 2080
2063 2073 2114
2080 2081 2084
2074 2079
2058 2075
2059 2085
2051 2071 2109
2052 2055 2057
2057 2060 2062
2071 2067 2097
2109 2160
2055 2054 2061
2054
2061 2060 2092
2060
2062 2131
2075 2100
2085 2095
2092 2129 2130
2131 2129 2132 2152
2073 2079
2114 2094 2115 2119
2070
2134 2132 2135 2158
2067
2068 2076
2076
2082
2137 2136 2151 2157
2097 2161 2185
2099 2104 2113 2150
2104
2079 2091
2100 2078 2135 2199
2086 2087
2083 2087
2088 2081 2116
2078
2091 2093 2096
2081
2084 2115
2087 2089 2090
2115 2119
2095 2089 2102
2089
2090 2101
2116 2124
2101
2093 2094 2098
2096 2133
2129 2130 2149
2130 2128 2138
2094
2098 2142
2102 2103 2106
2133 2140
2161 2230
2185 2183
2142 2144
2113 2118
2150 2268
2135
2199
2105 2103 2107 2108
2103
2106 2117
2107 2136
2108 2120
2117 2118
2136
2120 2153
2121 2123
2160
2111 2123
2123 2159
2118 2146
2119 2141 2168
2124 2127 2201
2146 2247
2141 2162
2168 2169
2153 2203
2122
2159 2173
2127 2162
2201 2232
2126 2128 2143
2128
2143 2276
2162 2188
2149 2280
2138 2148
2132
2152 2227
2140 2166
2158
2151 2156
2157 2154
2148 2277
2145 2139 2155
2139
2187 2179 2194
2166 2170 2171
2144 2147
2276 2277
2147 2163
2154
2155 2198
2247 2248 2256
2163 2164 2167
2277 2283
2280 2286
2268 2256
2156
2227 2255
2203 2205
2198 2194 2320
2204 2223
2251 2252 2255 2354
2173 2210
2182 2183 2228
2230 2245
2188 2186 2189
2164 2165
2167 2172
2169 2180
2165
2170 2177 2179
2171 2175 2176
2172 2174 2180
2180 2184
2177 2178 2191
2179 2178
2175 2181 2186
2176 2190
2174
2210 2222
2181
2186 2184
2190 2191 2195
2178
2191 2195 2279
2184
2183
2228 2238
2202 2278
2194
2189 2192
2192 2193 2197
2195 2196
2279 2320
2193 2226 2340
2197 2196
2226 2244
2340 2344 2347
2196 2321
2321 2334
2218 2223
2320 2341
2200 2250
2250 2249 2289
2232 2244 2249
2278 2271 2300
2205
2223 2225 2243
2206 2207 2208 2211
2207 2209
2208 2216
2211 2212
2209 2213
2216 2215 2217
2213 2220
2222 2235
2212 2214
2214 2219
2220 2221
2215
2219 2229
2217 2224 2231
2237 2239 2242
2224 2236
2231 2240
2229 2233
2221 2225
2225
2235 2238 2259
2254 2258 2259 2275
2243 2338
2236 2248
2244 2291
2255
2288 2287
2238 2261 2269
2233 2241
2245 2253 2262
2240 2242 2352
2249
2241 2239 2246
2262 2234 2266 2267
2234
2259 2264 2272
2248
2239
2242
2261 2260 2265
2269 2270 2274
2352 2357 2361
2246 2355
2338 2341 2353 2386
2291 2292 2296
2253 2295
2355 2360
2256 2257
2252
2289 2290
2354 2314 2363
2295
2258 2263
2275 2281
2257 2336
2336 2337 2358
2263
2264 2260 2265
2272 2274 2281 2293
2260
2265 2274
2266 2322
2267 2298
2274 2293
2322 2330
2298 2299 2325
2270 2271
2271
2281
2293 2294 2324
2284 2273 2283 2375
2273
2283 2282
2300 2306
2286 2285 2287
2282 2285 2383
2285
2383 2557
2375 2378 2598
2287
2379 2380
2356 2364
2290 2296 2297
2296 2297
2297 2314 2388
2292 2345
2345 2344 2394
2294
2324 2323 2333
2307 2311
2314
2388
2299 2302
2315 2318
2325 2328
2302 2301
2306 2304 2305 2310
2301
2327 2328
2303 2316
2316 2318
2304 2308
2308 2311
2305 2309
2309 2317
2310 2335
2311 2312 2313
2317 2318
2335 2313 2374
2312 2348
2313
2348 2349
2318 2319
2319
2400 2409
2341 2343
2334 2342 2391
2347 2392
2330 2326 2332
2323
2333 2339
2328 2329 2331
2329 2326
2326
2331 2399
2332 2365
2399 2415
2365 2367
2339 2346
2342 2343
2391
2374 2370 2376
2337
2358 2357
2382 2381
2353 2359
2386 2432
2346
2344
2343
2389 2418
2394 2448
2349 2350 2351
2392 2417
2350 2404
2351 2370
2404 2419
2370 2403
2357 2369
2361 2360
2359 2360
2363 2364 2372
2360 2362
2364
2393 2538
2369 2384
2362 2385
2385 2436
2372 2387 2390
2367 2368 2371
2368 2366
2366
2371 2398
2384 2427
2403 2422
2398 2402
2387 2548
2390 2405
2395 2373 2401
2373 2396
2396 2409
2376 2397
2378 2377
2598 2603
2397 2401
2377
2380 2543
2543 2550
2381 2466
2466 2477
2557 2562
2427 2429 2430
2436 2445
2432 2438
2548 2546 2554
2482 2500
2418 2417 2428 2508
2405 2420 2555
2417
2538 2560
2448
2401 2440
2409 2410
2402 2406
2415 2412 2414
2440 2434 2507
2406 2407 2408
2422 2423
2419 2424
2420 2540
2555 2567
2407
2408 2413
2413 2624
2410 2411 2507
2411 2412 2619
2507
2412
2619 2618 2620
2416 2556
2624
2414 2556
2556 2610
2501 2513
2428 2479
2508 2527
2424 2425 2426
2540 2549
2421 2425
2425
2423 2433
2433 2615
2426 2475
2475 2477
2429 2446
2430 2447
2479
2446 2450
2447 2455
2435 2431 2437
2431 2438
2438 2441 2444
2434
2615 2616 2621
2437 2439 2442
2445 2443 2449 2459
2439 2443
2442 2536
2441 2483
2444 2496
2443
2483 2542
2536 2539
2496 2491
2449 2503
2459 2465
2450 2452 2456 2463
2455 2453 2454 2462
2451 2460
2503 2510
2452 2453
2456 2478
2463 2492
2460 2457 2461 2464
2453
2454 2467
2467 2468
2462 2489
2478 2487
2458 2471
2457
2471 2474
2465 2480
2461 2497
2464 2534
2497
2489 2490 2493 2498
2492 2486 2493
2534 2521 2535 2611
2480 2484 2485
2477 2476 2481
2468 2470 2472 2473
2470
2472 2499
2473 2537
2469 2476
2476
2474 2494
2499 2490 2537
2537 2639
2494 2514
2481 2622
2487 2486 2502
2491 2488 2506
2484 2524
2485 2505
2622 2621
2500 2504 2509
2542 2539 2541 2585
2524
2505
2486
2502
2488
2495 2519
2490 2498
2493 2498
2498
2506 2525
2514 2513
2519 2527
2504 2531
2509 2532
2513 2512 2529
2511 2516
2510 2515 2517
2531 2547
2523 2520 2526 2530
2525 2522 2541
2614 2616 2620
2527 2528
2532 2521 2544
2515 2516
2517 2526
2516
2512 2528
2528
2529 2551
2526
2520 2518
2518
2521
2522 2576
2576 2636
2530 2587
2541
2551
2587 2588
2547 2558
2544 2626
2535 2533
2533
2611 2628
2539 2594
2639
2560 2572
2594 2596
2549 2559
2585 2642
2550 2552 2553
2545 2546
2626
2546
2558 2561
2554
2559 2569
2552 2574
2553 2575
2574 2571
2575 2564
2561 2565 2580
2567 2566 2568 2583
2610 2618 2629
2562 2563 2564 2581
2569 2579
2572 2571 2573 2582
2565 2568
2580 2595
2563 2606
2564
2581 2634
2606 2605
2568
2566 2570
2570
2583 2591
2579 2577 2578 2584
2578
2571
2573 2577
2582 2586
2577
2636
2584 2586
2595 2591 2632
2634 2635
2586 2589
2591 2593 2617
2642
2589 2609
2588
2590 2597
2592 2593
2609 2613
2597 2596 2599 2607
2593
2617 2623 2627
2596
2632
2599 2640
2607 2641
2603 2601 2602
2640
2601 2600
2600
2602 2604
2604 2605
2605 2608
2608 2612
2641
2612
2613 2637 2638
2618
2629
2628
2637
2638
2616 2630
2620 2631
2621 2633
2630
2623 2625
2627
2631
2633
2625
2635
