0 -22.632381 23.281425
1 -21.703739 19.382500
98 -23.109617 22.107470
295 -22.384995 21.480597
130 -21.061909 20.698938
287 -25.742922 18.581715
308 -21.450258 22.086542
52 -24.964840 21.898323
383 -21.714916 21.308619
154 -22.758434 21.849628
100 -20.789400 21.055105
266 -26.084621 22.763517
477 -21.591606 21.430931
25 -20.263775 15.047328
94 -24.520319 23.077753
49 -26.676947 20.702410
78 -23.772888 21.128384
91 -24.994804 20.386370
387 -21.250811 21.644167
50 -28.075291 22.209806
110 -21.720295 22.344315
75 -25.120041 23.453609
244 -27.043514 22.694181
57 -26.444891 23.694187
48 -27.019911 24.569595
51 -25.550255 24.228868
301 -25.838562 22.540539
495 -15.642282 14.807291
663 -21.790867 19.529306
743 -21.450397 21.604067
373 -22.332605 21.359301
141 -21.297573 21.922071
341 -23.573690 20.850521
525 -22.048117 21.167805
467 -21.894007 21.008799
155 -23.025745 20.319366
662 -21.910450 21.040518
401 -21.970795 21.014948
392 -21.783451 21.185682
262 -25.985090 23.000072
3 -19.741438 21.900011
149 -26.754580 22.454121
152 -26.609566 21.952106
242 -20.309425 21.930433
2 -19.895695 21.610893
69 -25.634779 21.045721
461 -26.099556 22.476301
264 -27.367558 21.555660
142 -27.471151 21.869213
380 -26.516249 22.498119
99 -27.184084 23.017834
779 -21.804398 19.395565
748 -21.052830 21.491285
312 -15.645835 13.256355
385 -22.457676 20.264414
165 -28.283792 28.291325
1560 -22.049223 20.984413
861 -22.040358 20.993212
1103 -22.152897 20.784689
679 -22.080744 20.806688
1553 -22.022566 21.006792
1675 -14.131042 -5.825799
487 -21.913879 21.498526
533 -22.195717 20.644388
288 -27.913332 7.101953
21 -20.198427 22.427172
613 -19.646744 22.071383
719 -20.061911 21.981014
438 -17.498569 20.213383
101 -21.016279 21.730185
642 -19.844563 21.994110
620 -24.008974 -3.953439
807 -20.275183 22.089914
4 -15.099918 12.743484
5 -15.293739 12.869739
1212 -15.864881 13.047173
687 -16.563034 13.469103
173 -19.138710 0.372336
468 -15.823359 13.652680
1123 -15.989531 13.955227
291 -15.720048 12.718301
108 -15.516776 13.180481
1109 -16.000309 13.984321
97 -16.182995 11.439328
1124 -16.140461 13.668286
1308 -15.892594 13.777581
1692 -15.732203 13.240509
419 -15.827868 12.204652
733 -15.476654 12.581785
1530 -15.982011 13.619092
1300 -16.567816 13.657668
116 -14.793787 14.253894
6 -25.683170 4.204095
7 -25.282455 4.462252
243 -26.859886 4.238550
268 -25.595234 4.188339
292 -25.737495 4.267235
306 -25.630312 4.122564
873 -14.745199 -4.546788
310 -25.513742 4.075682
1137 -25.696432 4.238628
1026 -25.110182 3.773390
1015 -24.931038 3.640404
1011 -25.119091 3.786175
1029 -25.176392 3.838355
1732 -27.161406 4.358801
979 -25.306921 4.451813
1035 -19.045795 1.995925
975 -14.716337 -12.210521
1231 -25.306410 4.452327
1318 -25.310400 4.450938
1759 -23.740395 5.746413
8 -34.253284 4.796884
9 -34.627541 6.769502
20 -34.579235 7.053987
143 -33.432625 2.945903
144 -30.718870 9.944282
974 -34.549664 5.117105
1037 -34.972027 6.502861
1154 -37.364574 6.091029
1153 -37.017479 5.813580
1916 -35.278267 2.296219
1947 -35.150272 2.145955
1835 -33.787342 5.114127
1193 -35.311539 3.951916
1830 -33.763542 5.107862
1882 -33.916363 5.196175
1471 -34.864899 4.278496
2053 -35.211033 2.253530
1226 -35.483280 4.745763
217 -34.692051 6.700902
1191 -39.490990 2.618368
10 -32.332912 -7.452927
11 -30.860809 -8.296188
58 -31.280184 -8.139312
241 -31.642450 -7.064000
263 -31.377663 -8.248972
55 -31.111147 -8.044232
12 -31.029724 -8.519628
56 -31.505739 -8.301531
280 -31.403101 -8.406247
267 -31.494352 -8.392593
309 -31.269382 -8.275383
53 -31.636084 -8.702068
13 -31.279869 -8.654341
509 -32.016479 -5.288939
409 -32.252010 -5.844634
469 -33.169270 -3.487448
599 -31.289494 -8.255330
459 -31.927906 -6.343874
562 -31.844109 -7.457481
353 -31.727875 -6.467546
218 -38.109074 -4.198182
718 -31.301468 -8.329902
830 -22.524630 -10.488432
494 -32.674023 -9.503435
320 -24.568945 8.191479
795 -30.708155 -6.071007
563 -38.876324 3.206218
151 -34.222984 -4.670993
313 -31.965202 -8.141632
460 -32.140812 -8.966492
366 -32.737839 -9.477905
54 -30.936117 -7.896592
26 -30.716602 -8.893816
1108 -31.368179 -8.340718
378 -32.317871 -9.227934
14 17.299860 -17.322147
15 17.303143 -17.325769
329 17.151981 -17.180103
73 17.302351 -17.324921
187 17.302589 -17.325205
964 17.303083 -17.325701
16 -16.817848 -12.701281
17 -17.118357 -13.029442
1228 -16.821795 -12.700535
1204 -16.360052 -12.498233
2139 -16.928230 -12.875344
1548 -17.138514 -12.154726
2140 -16.822712 -12.701960
2183 -17.277256 -13.138771
2184 -17.117487 -13.022472
2168 -17.487452 -13.108825
2185 -17.118410 -13.023305
18 -30.624678 -2.080898
19 -30.684216 -2.025144
95 -30.655348 -2.062070
336 -30.668242 -2.065628
595 -29.557634 -0.132284
516 -25.674465 20.716648
1555 -32.433010 -0.876700
1223 -30.458199 -2.622725
540 -30.941662 -3.789287
1084 -33.781120 -0.309564
247 -35.827610 8.346986
273 -31.037090 7.546181
272 -30.787336 7.385752
305 -34.787231 11.177638
298 -35.560612 9.605009
416 -42.987495 2.416154
666 -32.905636 8.130792
1546 -35.168114 6.330476
1583 -35.215698 6.256544
1543 -35.216595 6.274357
542 -23.957939 20.034370
22 -16.500023 3.567786
23 -16.414440 3.620123
140 -16.457483 3.594371
46 -16.455809 3.595561
610 -16.912354 3.328900
24 -19.075064 14.771776
65 -20.906946 15.581581
167 -19.717770 14.690209
375 -32.645374 14.142046
168 -19.703520 14.823932
723 -19.696775 14.701395
349 -17.682531 14.640641
597 -27.300449 22.833864
269 -17.259655 13.899686
634 -17.771984 13.600975
544 -19.548096 15.574507
358 -17.584164 13.541151
1167 -17.208048 13.655400
1520 -18.327532 14.816460
1519 -18.340317 14.835588
636 -17.073652 13.286083
427 -19.646296 14.525143
319 -23.211660 7.886602
715 -20.283058 15.044418
650 -20.656862 15.334161
970 -30.788870 -8.765618
1637 -30.777351 -8.772014
27 -36.019749 23.308893
28 -37.714500 25.465328
39 -35.740116 19.238207
90 -38.513664 20.858253
523 -37.535324 21.601389
66 -38.352268 17.276190
674 -33.735909 15.997391
917 -40.378479 23.044479
64 -36.938492 22.609339
206 -39.536224 23.564053
1413 -37.064465 21.014874
204 -42.657772 19.001354
194 -39.824112 24.417572
185 -42.186600 24.920500
111 -39.592266 26.142195
174 -42.482922 26.829138
190 -42.899300 20.730577
936 -41.352516 22.566254
189 -43.882393 22.848804
932 -42.493275 22.812452
935 -40.957035 23.021072
923 -40.878159 22.072031
966 -41.214104 22.520325
257 -38.001476 21.992229
922 -40.970791 23.615822
948 -41.739117 22.897310
182 -40.905144 25.063303
931 -41.805420 22.100544
203 -39.358097 22.220612
175 -44.376293 25.843019
176 -45.345387 23.469208
191 -43.227066 21.774195
179 -44.546520 21.482813
67 -38.422146 19.131134
205 -41.794365 20.049561
222 -39.980022 21.521889
959 -40.793530 22.538229
965 -40.727814 22.727264
520 -40.421776 22.679276
534 -40.011845 23.130306
234 -43.719593 20.005386
976 -40.999386 22.561615
963 -41.048409 22.664103
197 -37.685741 24.030157
422 -38.452709 24.121387
198 -38.440926 23.090845
45 -35.137665 20.495968
40 -36.254616 21.398418
41 -36.789948 19.980371
44 -36.554066 18.158974
918 -40.230556 22.504089
1386 -40.569847 22.771330
921 -39.783630 22.696814
940 -41.616421 22.891045
954 -42.622051 23.075426
937 -42.166416 22.693199
939 -42.014191 23.378864
926 -42.754349 23.105585
188 -43.547131 24.940075
183 -41.230469 26.137793
925 -42.230820 21.981901
943 -42.178753 23.505245
517 -41.802151 21.293867
1278 -37.593624 24.449066
180 -45.883930 22.046806
186 -44.304623 24.181707
184 -42.725147 25.578382
957 -42.674011 22.494097
958 -38.617172 23.738792
962 -42.869579 22.686314
941 -42.058090 23.264973
79 -28.064619 23.789001
953 -42.096413 23.637779
934 -41.381458 23.023663
181 -40.769451 27.359581
1822 -37.325989 25.088839
942 -41.817829 23.660536
177 -45.404762 19.708405
984 -36.903217 24.796677
938 -42.277016 23.632355
178 -44.305275 19.397417
933 -41.762203 23.910992
924 -41.490410 24.104099
927 -41.260498 23.951139
212 -39.799046 20.087376
628 -36.811344 24.659235
913 -40.080326 19.863714
1120 -40.678490 17.248711
911 -40.940048 20.413416
1100 -41.463425 22.422253
916 -41.054081 20.493914
912 -40.568333 19.526985
1113 -40.092110 19.009274
1121 -40.159595 19.065397
29 -32.329517 14.037699
30 -32.538078 14.204000
47 -32.588112 14.160563
62 -32.707054 13.948094
61 -32.793270 13.784048
367 -32.648510 14.163931
967 -24.843779 7.002585
1009 -25.502098 7.727627
1052 -19.769028 2.775859
1611 -24.664154 8.255744
1088 -24.733393 7.569629
406 -33.524078 15.680251
1006 -19.535181 2.240045
31 -26.444603 11.929593
32 -25.459553 11.065518
294 -25.669815 11.308061
307 -25.864449 11.385097
59 -25.524508 11.500885
394 -26.103867 10.788689
60 -26.531904 10.940781
368 -26.313585 10.611313
1575 -25.836130 11.505088
1577 -36.234356 12.420979
1526 -25.931795 11.144092
296 -26.039087 11.522886
678 -25.872768 11.598065
1444 -30.077696 10.807507
648 -25.986618 11.720553
1879 -25.824183 11.626255
661 -25.598249 11.854218
677 -25.953594 11.487924
471 -25.836746 11.726223
1466 -30.148115 10.786427
1438 -25.964516 11.047092
393 -25.750008 11.113783
1607 -25.758341 11.607877
33 -19.342043 -15.020304
34 -19.596869 -14.662551
568 -19.339428 -15.023141
582 -19.583145 -14.715502
671 -19.445635 -14.844447
684 -19.337320 -15.021781
793 -19.474455 -14.888208
837 -19.034472 -15.940398
844 -46.161572 1.143396
857 -19.336561 -15.026281
883 -19.060604 -14.899123
887 -19.526205 -14.808714
557 -18.909657 -9.339592
2247 -19.641613 -14.695300
2196 -19.686895 -14.488615
35 -21.585678 -13.081028
162 -21.562973 -13.002975
606 -21.528296 -13.009816
163 -21.491116 -13.010300
607 -21.534504 -13.033419
36 -21.610447 -13.097114
37 -18.261177 -10.501019
38 -18.274633 -10.493937
774 -18.331524 -10.425949
412 -36.078163 18.984547
334 -35.710579 18.832359
484 -36.047352 18.572672
569 -36.261215 19.069601
643 -35.502522 19.870173
156 -34.151745 16.406204
902 -21.491383 -10.005468
274 -40.528851 20.760992
920 -40.769638 21.501940
462 -36.204056 18.804878
321 -39.854027 18.655848
463 -36.174191 18.845816
1437 -36.527878 13.302380
482 -35.495258 18.732283
1837 -37.874115 21.404238
1848 -36.201248 18.942280
800 -28.946054 23.321434
1196 -36.244644 18.878881
658 -36.059292 18.802244
250 -33.757648 19.026535
42 -12.157137 -5.465777
43 -12.240847 -5.374635
114 -12.213010 -5.466465
337 -12.389780 -5.296789
374 -13.101006 -5.075500
115 -12.833359 -4.740822
335 -12.446397 -5.249687
485 -35.137737 17.967588
514 -32.321205 -5.482955
702 -19.511026 2.229921
578 -32.300541 -5.379030
667 -32.866707 8.420525
68 -30.058546 23.476337
70 -28.612881 22.776756
157 -27.369513 20.272087
80 -27.003693 23.328972
350 -26.307560 22.699667
488 -26.626266 22.987186
404 -26.222208 22.928181
631 -27.354515 22.994789
553 -26.435810 22.940693
598 -26.950794 23.042900
588 -26.196642 22.583326
74 -25.468834 22.224962
455 -27.393915 22.807716
1411 -27.465549 22.992056
1344 -26.085758 22.760258
651 -27.685371 22.871763
840 -28.357626 23.203856
83 -25.810482 21.430012
96 -27.661573 23.178013
511 -25.873304 22.918020
470 -25.930815 22.935242
145 -26.298538 20.265408
507 -26.398403 22.298388
639 -23.758469 20.939127
527 -26.405636 22.855967
501 -23.748585 18.558380
825 -27.433033 22.424992
1586 -27.841381 22.825718
789 -26.183456 23.334726
849 -26.160620 18.412088
328 3.526279 -0.154502
171 -32.906300 -9.817616
1095 -31.170305 -8.364238
119 -18.938906 -9.746715
2269 -30.995007 -8.118333
695 -27.647657 23.201775
1440 -35.775894 5.130027
1419 -35.684090 5.120385
1900 -31.755383 2.602022
1886 -33.046993 13.205033
1071 -30.947565 7.623088
1903 -33.073689 12.874124
63 -44.641422 17.384186
694 -41.328220 19.067038
1646 -27.117413 4.451593
1448 -44.496307 19.113707
1958 -38.155285 0.833648
1915 -38.457256 1.104765
1453 -37.723320 6.324750
2009 -37.009895 22.598429
2042 -37.006020 22.595640
2060 -37.010712 22.595629
737 -20.874352 15.571536
797 -20.874331 15.572069
2194 -20.873001 15.571979
1125 -38.194214 7.168095
1304 -41.366043 21.472813
1252 -40.149761 19.043198
1260 -41.470409 21.881611
112 -41.713261 16.877205
1272 -41.368523 21.831974
1261 -40.077728 19.119766
421 -41.200054 18.974771
1162 -39.607582 18.560480
1155 -38.717712 16.855734
209 -40.611122 17.784157
1161 -32.229443 3.847175
1480 -38.191227 7.227825
1478 -38.162949 7.213172
1479 -38.159588 7.209668
1477 -21.071812 -9.544221
1163 -32.200649 3.810477
1494 -40.104763 18.909826
1656 -38.647644 8.271888
801 -36.709751 11.120137
681 -36.776390 10.453879
1493 -39.942825 18.303526
1871 -40.135525 19.045799
952 -42.332077 23.291634
1072 -41.340034 22.640825
1059 -41.158432 22.593060
1253 -41.407001 22.263718
1234 -41.323772 22.374662
1536 -41.323410 22.429337
891 -40.333256 16.639975
1623 -41.347939 22.514923
1539 -41.238087 22.323967
512 -29.639864 23.500601
627 -33.609249 -3.952799
760 -40.227158 10.114683
785 -40.795017 15.790272
515 -40.235455 6.215858
558 -40.822166 15.711305
491 -40.898762 16.072309
71 -33.953548 9.894688
72 -33.801094 9.746798
1414 -30.411127 11.001736
646 -34.266144 9.922679
1424 -36.282883 -0.927284
1523 -34.400127 10.178893
612 -25.180967 8.779109
589 -34.755104 6.069969
914 -18.651785 -3.778193
758 -25.080225 23.336994
76 -29.232166 4.711518
77 -29.471157 4.984441
424 -29.381174 4.899091
1048 -29.524715 5.054183
1129 -20.019939 0.724117
1614 -29.589937 5.088479
363 -29.786564 5.354843
1274 -29.868364 5.492163
670 -22.854891 21.252104
1244 -42.205132 23.500193
1320 -42.270702 23.489510
81 -24.627428 -39.377453
82 -24.807726 -39.576569
564 -24.521263 -39.272606
657 -24.498882 -39.252094
370 -24.712553 -39.471596
371 -24.807013 -39.578735
806 -24.805923 -39.577488
1232 -24.893875 -39.667179
1233 -24.846516 -39.619370
1285 -24.847275 -39.624222
1302 -24.845053 -39.617863
1306 -24.841490 -39.613953
84 -16.580793 9.495257
85 -16.648359 9.666410
113 -16.843889 9.414304
135 -16.676167 9.798648
153 -16.676559 9.680206
164 -16.914185 9.339248
732 -16.658651 9.705031
1024 -16.287678 9.144232
834 -24.452991 8.216461
86 -23.564095 -3.093657
87 -23.881672 -3.686045
125 -23.186348 -2.686799
584 -23.221170 -2.795841
136 -23.109070 -2.659831
513 -23.326191 -2.801527
2296 -23.555485 -3.085112
2173 -31.936518 6.029830
2297 -23.556595 -3.086086
1436 -23.718086 -3.240696
798 -23.857817 -3.665511
88 -10.565001 -4.046736
139 -10.349752 -3.918946
452 -10.401487 -3.949714
453 -10.397787 -3.948136
2001 -12.939453 -4.457397
2083 -13.762675 -3.452847
698 -12.975136 -6.643344
696 -10.838944 -3.942721
89 -10.261976 -3.880969
583 -33.479202 15.756886
863 -41.515324 21.618599
1241 -41.416988 22.573214
1689 -37.863194 21.521849
137 -23.732271 18.918541
499 -33.438519 -2.629310
585 -25.059206 20.092539
623 -22.837088 8.325005
521 -23.884472 18.583633
1819 -25.037617 20.430616
92 -14.522842 -12.394886
93 -14.518292 -12.388206
265 -14.518310 -12.388965
1859 -14.519067 -12.388176
608 -15.999646 11.837740
682 -16.605782 9.948243
776 -23.083778 21.197998
529 -21.969206 24.780277
372 -22.015091 20.875917
765 -21.164701 21.091290
735 -22.070766 21.178761
102 -28.397778 28.450602
103 -28.343395 28.407816
315 -28.344851 28.371429
166 -45.770527 24.999634
1102 -28.374176 28.428183
1209 -28.334373 28.348671
1647 -28.337635 28.357553
104 3.045938 0.340885
105 2.827528 0.570497
318 3.300401 0.077395
1057 3.434799 -0.059264
1058 3.429858 -0.056440
1064 3.427895 -0.081629
1065 3.465434 -0.091249
1098 3.526197 -0.155724
1143 3.476659 -0.103919
343 3.794913 -0.440052
283 3.693777 -0.320810
138 2.684576 0.725763
342 3.538777 -0.164352
398 2.845528 0.553160
127 2.409489 1.034611
106 -23.249086 6.051720
107 -23.312872 6.086966
518 -23.339231 6.075590
2073 -23.225695 6.031380
1532 -24.851038 3.569244
2074 -23.213644 6.012875
109 -16.195520 13.480895
762 -17.512571 2.969395
338 -15.305139 14.784686
2199 -15.839163 13.426999
2200 -17.147232 12.969638
626 -22.467596 21.557730
1509 -29.541845 11.756453
1240 -42.338219 23.399847
1242 -42.398842 23.597013
448 -42.982586 24.223665
1442 -42.181778 23.411737
1502 -42.264984 23.456453
1670 -42.470566 23.388309
1658 -42.314892 23.316538
1156 -43.638016 23.928566
579 -41.796524 17.012215
730 -40.840408 15.808888
703 -41.058094 16.212654
1673 -40.965111 16.847775
1705 -40.874516 16.923815
1771 -40.850746 16.805397
1773 -40.952469 16.783607
1031 -41.993141 17.912994
351 -36.010803 10.484817
1032 -42.236217 17.676983
121 -17.602419 8.596652
120 -17.787128 8.301645
983 -16.957911 9.242444
2102 -11.991650 -7.807183
2079 -12.988172 -4.901920
574 -12.847990 -5.430312
2101 -12.991041 -4.907032
2106 -12.361865 -3.437209
2132 -12.980672 -4.892121
2133 -12.981592 -4.896973
1701 -33.552025 4.550209
2131 -12.977164 -4.885856
744 -14.305874 -4.379621
768 -12.345378 -2.508570
738 -14.639395 -5.431442
2115 -12.987100 -4.899953
2046 -13.260208 -4.452292
2136 -14.208980 -4.982172
2125 -13.227264 -4.570384
2118 -13.096244 -4.644861
2127 -13.282097 -4.131874
2274 -12.874069 -4.712647
2286 -12.873870 -4.710291
759 -14.755042 -6.667925
2119 -12.984081 -4.896585
2120 -12.985983 -4.898131
158 -18.620525 -8.090801
2326 -12.877058 -4.712754
2107 -12.942065 -5.044722
239 -11.914391 -3.277354
2108 -12.987890 -4.902483
761 -14.708992 -4.715909
2129 -13.090228 -4.901637
2255 -17.661955 -4.768661
2365 -12.871971 -4.709457
2135 -13.452451 -4.336387
2126 -12.994262 -4.911441
2123 -13.229042 -3.578569
117 -15.015647 15.111348
506 -15.182017 14.659153
238 -15.443839 14.897317
261 -15.137810 15.057813
1446 -15.416719 14.664444
237 -14.941985 15.242994
1081 -15.769284 14.160646
1581 -15.391246 14.680712
1749 -15.156624 14.604996
1576 -15.417860 14.645915
2268 -14.896085 14.339277
118 -19.186071 -9.608866
159 -19.091194 -9.648328
478 -19.061377 -9.688349
535 -18.971987 -9.346518
1476 -20.406233 -9.495899
2090 -17.907042 -11.055824
2164 -18.844595 -9.677402
2231 -18.631907 -10.097431
1292 12.280625 -31.217827
2251 -21.123123 -9.891212
2300 -14.515270 -4.594504
2301 -18.867792 -9.848139
2329 -18.942205 -9.761891
699 -17.471497 8.707628
892 -28.095741 6.940528
565 -20.956612 -1.451323
449 -22.089310 -1.539873
436 -17.966642 8.052410
878 -17.835712 8.239002
877 -17.877035 8.174041
987 -27.387960 1.569924
1346 -28.178726 6.894431
850 -27.477560 1.649257
1574 -27.451191 1.596374
1559 -27.411655 1.476316
122 -17.939245 24.978273
123 -17.970192 24.946243
148 -17.979580 24.933777
828 -17.980520 24.932390
124 -23.187412 -2.758037
1396 -23.162683 -2.755592
2258 -22.959648 -2.783681
866 -22.356157 -1.603543
126 1.717570 1.793450
685 -27.199112 4.602944
847 2.045211 1.435413
1834 1.707329 1.811309
1851 1.707825 1.810684
128 12.624407 -31.556471
129 13.006349 -31.986107
259 12.845217 -31.721901
384 12.725406 -31.689596
293 12.725345 -31.643456
673 12.710485 -31.649914
707 12.638254 -31.576214
314 12.444523 -31.385063
1418 12.343918 -31.285503
710 14.409798 -33.899101
605 12.295614 -31.263134
227 12.406637 -31.347954
420 14.075503 -33.434406
2081 14.070325 -33.387676
1800 13.691359 -32.925716
799 -20.526888 20.187868
131 -22.095837 -8.579354
132 -22.058863 -8.658854
2299 -21.856833 -9.232280
688 -21.850513 -8.122910
868 -22.157328 -8.837117
133 -18.769249 -8.018318
570 -18.760355 -8.036530
571 -18.794138 -8.006600
245 -36.287251 8.001009
2097 -18.770727 -8.352459
134 -18.693033 -8.154773
454 -18.809132 -8.056503
1397 -23.095943 -2.657252
1610 -23.081707 -2.601291
414 -22.734142 -2.323752
2233 -23.212208 -2.721872
526 -23.176981 19.534666
490 -23.686565 18.673223
865 -24.171213 -8.397907
1578 2.698406 0.709745
1793 2.696547 0.711596
231 -3.810020 -2.327702
731 -24.248728 18.001017
413 -39.626064 10.392667
476 -39.533051 10.263225
311 -31.476412 7.956114
700 -30.999624 9.903675
253 -38.328205 5.602026
1146 -39.668728 -0.273986
961 -33.894341 2.439330
1177 -39.539249 10.283644
1459 -40.198612 -0.248683
1176 -39.866199 10.383171
1943 -32.624592 3.601008
1956 -33.411243 2.955587
1750 -32.428265 3.538298
1695 -33.722622 2.492716
1901 -32.582043 3.755033
1301 -31.631386 2.196997
1334 -32.064568 2.682211
1562 -33.726257 2.525700
1734 -33.739414 2.446066
1259 -31.940172 1.069534
1382 -43.184711 12.326220
1359 -31.948465 2.507024
1291 -32.554268 1.260777
1315 -32.266827 1.194957
1674 -33.720226 2.464625
1694 -33.606964 2.536405
1062 -30.491690 10.378621
1061 -30.252474 10.725121
864 -30.639889 10.185264
1417 -30.633493 10.209908
1243 -30.413094 10.663811
1445 -30.171251 10.846955
654 -35.732384 0.557669
2058 -26.275597 20.272820
2061 -26.271780 20.272593
2078 -17.933014 8.088387
146 -15.625220 -6.830779
147 -15.508787 -6.784455
483 -15.445611 -6.745548
855 -15.427416 -6.736718
871 -15.597035 -6.607616
2253 -15.609658 -6.818648
160 -15.268475 -6.632966
2150 -15.550094 -6.538289
2261 -15.396077 -6.638193
853 -15.499181 -6.767025
2171 -15.323605 -6.462979
870 -26.910419 22.439640
150 -34.722736 -4.472477
600 -34.970047 -4.475090
604 -34.787598 -4.538090
1353 -34.787838 -4.372474
1335 -34.795750 -4.343310
2000 -34.488075 -4.470237
1988 -34.504860 -4.367274
1135 -34.905357 -4.495444
625 -33.597599 -4.501679
546 -32.459106 -5.489405
1355 -41.418854 22.394741
2017 -22.648670 20.615654
851 -34.159664 16.400076
1266 -33.825123 16.057909
1127 -33.845623 16.089048
1128 -33.831276 16.070229
1246 -33.808773 16.044348
1175 -33.765060 16.004622
1247 -33.817604 16.053123
1245 -33.802410 16.039743
316 -28.691017 6.608424
1151 -28.143114 6.765815
161 -14.692392 -6.918210
444 -14.887583 -6.973667
443 -14.970379 -7.055424
465 -31.462282 -4.581839
2226 -14.934207 -5.970096
846 -15.015025 -6.096591
2149 -15.458276 -6.361623
2229 -14.591925 -6.013933
2271 -15.457723 -6.394833
755 -21.414577 -12.814996
2155 -21.127188 -12.770078
333 -43.169319 23.951843
169 -40.694706 -2.173545
170 -40.259182 -1.529863
1458 -40.689823 -2.176938
1497 -40.687935 -2.176270
1549 -40.690186 -2.177007
1286 -39.512169 4.528790
1636 -40.686150 -2.175641
1654 -40.688358 -2.175167
1697 -22.402712 -1.381213
1756 -40.689873 -2.177978
1768 -40.691360 -2.177046
1777 -40.689224 -2.176652
1622 -31.887556 5.955189
1811 -40.692368 -2.178517
1818 -40.688889 -2.175838
1596 -42.165897 -2.631806
1928 -37.497414 -3.936371
536 -39.116077 -0.643407
1805 -41.169239 -0.270018
1089 -38.861004 -0.395776
172 -32.842953 -9.776827
405 -32.767632 -9.647282
381 -32.720417 -9.598045
365 -32.833199 -9.727160
434 -32.683762 -9.623928
504 -32.639175 -9.528586
708 -32.662506 -9.532657
611 -32.714645 -9.587192
229 -19.117859 0.318137
547 -21.713140 -7.321624
904 -20.216345 2.802511
907 -15.144891 -11.764791
986 -19.359295 0.526642
999 -18.437124 0.644710
968 -1.571899 -19.382563
1034 -18.746887 -0.734784
1044 -16.056629 -0.045720
415 -21.761671 -2.133407
1213 -18.635124 -0.439756
1215 -19.118286 0.313743
787 -19.884871 0.671095
915 -18.563053 -3.834866
1322 -20.013645 -1.584233
317 -24.750763 6.911260
888 14.176702 -34.555946
1200 -18.898426 0.024672
1825 -19.111856 0.314635
1855 -19.114836 0.315260
669 -45.766739 19.434095
1117 -44.574600 19.018190
1668 -44.508606 19.259256
1627 -44.417831 19.269529
1255 -38.923798 8.534667
1425 -44.417351 19.030687
431 -40.445065 15.531520
192 -46.563370 0.800817
193 -46.750057 0.614144
322 -46.404388 0.980929
1220 -46.441574 0.931675
990 -37.131554 -4.310755
1468 -46.547997 0.818664
1416 -46.544487 0.822755
530 -46.211319 1.124016
1927 -46.974434 0.389563
2014 -46.930199 0.428576
2023 -46.760151 0.586671
1118 -46.463615 0.902851
2062 -46.889961 0.466686
2063 -46.864658 0.490251
2067 -46.760723 0.586429
195 -14.021888 -5.904582
196 -13.430562 -6.250712
640 -17.897158 3.020151
757 -13.994408 -5.933406
641 -14.916494 -4.824879
1229 -13.994964 -5.927199
2109 -14.276777 -5.467599
1270 -7.613044 -8.374724
541 -31.079435 -4.063562
2163 -14.431064 -6.276421
1412 -13.248994 -6.532579
885 -37.446079 24.293980
2008 -43.146229 12.408872
199 -27.132412 -3.516751
200 -27.128597 -3.496351
214 -26.913956 -3.189630
508 -27.293369 -3.653738
901 -27.126461 -3.474696
1249 -27.201950 -3.572093
1378 -27.273121 -3.596813
201 -27.550665 -3.893955
202 -27.474598 -3.827819
486 -27.612032 -3.902170
1763 -38.208534 -0.189391
1703 -38.202335 -0.271868
1850 -27.425585 -3.749592
1707 -40.839069 16.839596
1182 -38.718994 2.939588
399 -37.814419 4.525733
644 -40.101921 9.774864
207 11.350169 -30.891445
208 11.976584 -30.924566
1158 10.662507 -30.885460
1650 12.261154 -31.199318
1139 11.703666 -29.985134
1224 -15.021738 -10.835362
228 12.241468 -31.178848
210 -24.631874 3.350365
221 -24.746166 3.393924
220 -24.700188 3.431923
992 -24.826580 3.521847
1010 -24.808517 3.509876
1888 -24.722256 3.385303
1160 -31.656828 3.446426
211 -24.544815 3.214746
475 -15.833839 -2.792808
213 -26.777966 -2.762661
1263 -37.264843 6.458131
1296 -37.502464 6.373926
706 -26.541960 -2.560005
740 -26.635572 -2.911388
993 -37.263718 6.458653
1820 -26.933990 -3.155674
2213 -26.739252 -3.132113
215 -14.645103 -12.295066
216 -38.132725 -4.601440
258 -36.880554 -4.798739
271 -37.516083 -4.262366
219 -38.300957 -3.877683
1347 -38.062420 -4.506899
1185 -18.061907 2.505121
423 -37.178844 -4.347878
1016 -37.445213 -4.414865
1030 -37.422001 -4.302734
1311 -37.766167 -4.069331
1792 -38.064568 -4.103420
1564 -37.464291 2.628145
1974 -37.046448 -3.354196
503 -37.711456 2.730075
1991 -37.732464 -4.008868
2038 -37.967640 -4.074944
417 -42.719154 1.987469
223 -37.469856 -3.822457
226 -37.801506 -3.987256
1147 -37.409222 -4.115011
635 -34.733982 10.349809
1317 -34.811829 10.416339
1149 -37.312069 -4.113456
246 -35.979198 8.493021
1192 -39.484230 4.060456
1214 -39.622169 4.093443
997 -36.984016 -4.714170
593 -36.699982 -2.809869
224 -21.483595 3.702990
225 -21.649914 3.745144
724 -21.488939 3.552555
498 -32.006413 1.240853
1119 -21.668991 3.738937
1740 -21.666023 3.737731
450 14.589352 -34.172085
1831 12.429034 -31.360512
230 -3.943001 -2.436968
1250 -3.244460 -1.982833
390 -3.372349 -2.038380
232 -27.469406 4.704234
233 -27.585358 4.786870
831 -27.587051 4.771995
1076 -27.403072 4.612281
1537 -29.845190 5.783592
2244 -22.000883 -9.724481
235 -26.302170 18.019636
236 -26.184410 18.184729
1390 -15.001664 15.143134
543 -15.283123 15.129186
950 -6.978984 -8.812922
240 -11.908449 -3.204581
248 -11.811924 -3.318605
2076 -11.915399 -3.484831
1770 -32.109241 -5.579621
1869 -18.603516 22.897379
1690 -27.250504 3.816729
1659 -27.276554 4.062004
1172 -28.094299 3.322392
881 -31.468899 4.726794
1891 -27.009386 4.288329
1999 -27.056503 4.291923
1957 -27.047821 4.290318
2215 -27.003637 4.285032
1173 -28.853148 3.121987
2214 -26.854401 4.200917
2216 -26.850836 4.199248
251 -28.315535 25.731672
722 -13.141724 -5.057114
447 -39.513233 5.219097
1248 -39.682640 4.827227
1407 -32.951981 8.501991
254 -38.634964 7.648917
1033 -39.372616 6.716281
1201 -39.706867 4.324952
1066 -37.913361 6.569427
1696 -34.498768 2.086611
1492 -36.642052 9.717136
1254 -32.565002 6.075709
1049 -32.956898 5.689912
1908 -36.018421 8.293350
596 -36.018547 8.291736
1716 -36.537319 9.895153
1186 -36.941036 9.191850
1041 -32.483925 6.238020
1587 -32.945404 6.167470
1040 -32.792408 5.917095
1027 -36.478519 3.713367
680 -36.634449 10.164189
1042 -32.730942 5.828604
1316 -42.688408 2.472131
701 -42.564850 2.715305
1953 -36.010254 8.301499
559 -42.703938 2.601844
1410 -33.067650 2.123766
472 -40.316376 4.244755
1056 -32.924892 6.056376
1288 -42.556751 2.707002
1025 -36.520645 3.532391
299 -35.266445 9.306044
1557 -11.821589 -3.308254
249 -33.439098 18.884794
827 -33.477085 18.887589
697 -33.571957 18.945938
720 -33.775692 19.014023
252 -28.313774 25.724480
805 -28.312780 25.723188
1050 -38.722038 6.272765
616 -32.366703 -4.750253
1570 -32.386215 -4.694366
1207 -40.714001 5.062188
1582 -38.890171 5.915719
2019 -39.513271 4.318088
473 -40.817020 4.908899
1264 -37.589611 6.210827
1704 -39.586609 4.504125
2013 -39.558907 4.310008
561 -34.211327 -0.070253
1256 -38.960964 8.425136
1426 -40.251789 -0.236590
1265 -39.032791 8.398863
1276 -39.131893 8.512130
919 -34.773613 0.609457
481 -39.087345 8.307320
255 -9.654733 -1.262586
256 -9.528079 -1.191379
1142 -9.847522 -1.371005
275 -9.472322 -1.156996
1604 -9.518497 -1.184692
1843 -33.839592 16.103382
1002 -36.774029 -4.933328
996 -36.693840 -5.018733
998 -36.776718 -4.893239
1000 -36.796658 -4.821308
260 -14.743281 15.560897
812 -15.158592 15.075910
1877 -15.224976 15.080354
822 -26.117897 22.958342
1374 -28.791220 17.346489
1481 -28.702915 17.257311
1621 -28.767017 17.250263
1487 -28.758963 17.345882
1488 -28.747419 17.313251
1504 -28.702753 17.278097
769 -28.604862 17.168173
1736 -28.723358 17.275927
1764 -28.746403 17.306067
1676 -32.496410 3.724650
270 -17.621664 13.244418
348 -17.396620 13.767776
1237 -17.162775 13.685123
1352 -17.144938 13.629283
400 -17.486261 13.429252
1517 -17.150749 13.651242
1721 -17.255024 13.648212
1429 -17.260452 13.615316
2027 -37.373463 -4.194855
442 -42.934097 2.454612
1067 -31.067978 7.692173
1140 -30.986879 7.534354
1326 -30.495619 6.219569
1360 -30.552977 6.138655
1036 -36.536316 13.191012
1904 -32.476620 4.032430
1902 -32.587994 3.886262
1930 -36.337555 12.606151
1618 -9.476856 -1.163520
276 -37.657040 -1.158426
277 -37.674126 -1.149471
300 -37.764912 -1.259075
1101 -37.835350 -0.752064
995 -37.084839 -1.096670
994 -37.784302 -0.969125
278 -36.929024 11.606367
279 -37.094868 11.541402
403 -36.603920 12.093195
826 -37.084332 11.514643
281 -38.203911 0.516964
282 -38.263405 0.385415
297 -38.145847 0.576882
284 3.640267 -0.268378
330 3.608015 -0.235159
1671 3.544526 -0.175938
285 -19.809113 -14.637174
286 -19.774635 -14.658895
1294 -31.074438 9.829612
829 -3.061306 -1.727027
1893 -22.020020 -9.652921
1899 -32.640800 0.920819
1976 -34.631500 0.044575
1168 -36.180901 12.050430
1345 -28.179676 6.884855
1363 -28.167366 6.872531
1275 -25.213640 4.010513
2045 -31.827133 2.596016
289 -17.540888 -5.090202
290 -17.523054 -5.182839
668 -17.530691 -5.130187
622 -18.154503 -4.284650
2254 -17.815651 -4.732568
2272 -17.543528 -5.078621
2273 -17.544706 -5.077676
686 -17.512514 -5.190284
464 -16.065804 12.843506
1385 -15.514725 12.375961
1324 -37.905567 0.922765
382 -36.324535 10.041883
1699 -42.416920 -2.801776
1518 -37.759937 -1.231265
1592 -37.759014 -1.228878
302 13.868347 -34.806419
418 14.812934 -34.314976
1004 10.075010 -30.910381
386 14.909824 -33.980721
1515 14.572601 -34.014481
1516 14.568843 -33.951107
1514 14.548809 -34.018753
369 14.140833 -34.515373
1503 14.576308 -33.965401
428 14.821617 -33.673954
451 14.493077 -33.870872
493 14.632381 -34.079468
510 14.570388 -33.914139
690 14.359270 -33.763237
332 15.250107 -34.763371
519 14.470710 -34.144440
492 14.687198 -34.205799
1648 14.577629 -34.053177
303 15.481328 -33.465321
1068 15.820400 -33.240250
1715 -11.191138 -9.790653
1808 14.629381 -34.055599
304 -39.387970 11.455888
1933 -39.649990 10.902522
1932 -39.646805 10.906612
1389 -42.443691 9.088657
352 -34.562290 10.868264
867 -16.058325 -2.740649
1336 -35.438179 5.378954
736 -22.643953 20.068476
843 -14.841579 -2.012714
790 -30.116947 -7.927402
1709 -17.645067 2.984178
2050 -31.983755 6.680612
1775 -32.337860 8.600433
1402 -37.027378 6.291280
1779 -31.923019 8.872293
1434 -32.703396 -9.524181
1181 -30.131151 5.863931
1187 -30.196688 5.889576
1552 -30.090464 5.857069
324 -30.311398 5.998927
1075 -24.771870 6.937042
1284 -22.086800 -1.458168
1051 -24.588791 7.223457
1008 -29.597553 0.893265
1043 -36.598164 -1.310723
1392 -34.910252 1.493611
1473 -24.684711 7.514352
1235 -24.674076 7.569341
1787 -24.775202 6.937371
1257 -24.220112 7.757048
1861 -24.774399 6.935365
1122 -24.992062 7.310139
1205 -24.820606 7.423666
364 -29.904621 -5.651619
824 -24.585209 8.195725
859 -30.353416 1.774691
838 -24.584772 8.199577
973 -25.752609 7.851030
1028 -24.584974 8.193841
426 -22.781040 8.460329
539 -30.134684 2.441832
1236 -24.368208 8.421751
1281 -18.805450 -0.161525
1330 -40.036861 4.405786
1338 -24.583595 8.194511
1343 -25.090900 7.918801
1377 -24.583399 8.197428
1408 -24.583727 8.194795
497 -46.310986 1.061227
1449 -24.582809 8.196795
1467 -32.748600 1.565137
1499 -22.117561 -9.576198
1079 -32.255054 -9.304122
1551 -24.584009 8.195089
1584 -24.585392 8.196701
1126 -18.537302 3.239095
1595 -24.585651 8.196568
1615 -24.534008 8.144907
395 -33.117958 8.665645
1533 -24.871046 8.491676
1660 -24.582096 8.203098
1666 -24.484333 8.071812
1778 -24.582979 8.198890
1783 -24.582569 8.196085
1853 -24.585403 8.195065
1093 -34.811104 -2.742132
1881 -24.671682 8.125302
433 -13.722101 -1.250691
1310 -14.217392 -1.281023
1624 -39.892509 18.637869
323 -46.216972 1.155565
325 -30.092556 5.766129
1890 -30.293821 5.944403
1017 -39.307102 4.400952
1018 -39.390835 4.570475
1542 -31.964191 6.075659
1609 -32.049698 6.080078
1612 -30.027258 5.680390
1990 -30.580292 5.190334
326 -25.928833 -22.195320
327 -26.074699 -22.358934
357 -26.010866 -22.293295
356 -26.012785 -22.295473
397 -25.991337 -22.273493
445 -26.009382 -22.291107
439 -11.208680 -9.908174
709 -26.002550 -22.282789
811 -26.057028 -22.348703
489 -26.018763 -22.302534
2218 16.965681 -17.000961
331 15.571237 -35.270691
823 -2.963758 -3.439476
339 -7.115188 -8.713461
340 -7.161865 -8.680648
647 -7.183053 -8.634752
2276 -7.161946 -8.680641
2277 -7.162032 -8.681100
2278 -7.161538 -8.681333
2298 -7.160678 -8.682139
2303 -7.161194 -8.681676
359 -7.127178 -8.705861
729 -29.249504 0.177855
749 -23.680813 20.897142
813 -19.289812 3.518473
567 3.736731 -0.397142
645 3.725838 -0.388641
739 3.733519 -0.394883
772 4.030471 -0.752414
848 3.729467 -0.392167
344 -13.886853 -17.070044
345 -13.824862 -17.141150
379 -13.855451 -17.108238
500 -13.900438 -17.025229
592 -13.887937 -17.072346
362 -13.891811 -17.076832
361 -13.976526 -17.011066
1091 -13.675397 -17.298124
1845 -13.833102 -17.132856
346 -10.370869 -5.666655
347 -10.378797 -5.660174
947 -10.194790 -5.654695
466 -17.224134 20.019127
683 -16.664581 19.847044
1649 -18.120998 14.757874
1638 -36.435268 11.930327
1630 -36.422421 11.915779
1602 -33.628902 11.246672
773 -31.747032 -6.421971
784 -29.398458 0.108607
764 -36.359852 -2.818084
354 -24.299616 -39.061234
355 -24.334572 -39.093483
360 -7.114176 -8.719048
1569 -13.969080 -16.967325
1895 -29.833868 5.375866
1351 -36.809128 1.390429
899 -36.579422 1.126508
502 -29.924225 -5.653042
955 -30.142090 -5.795175
978 -36.427616 3.433268
977 -36.380646 3.418655
1391 -27.038975 0.475609
1724 -35.708900 4.558190
1894 -36.447792 3.451350
1723 -35.643227 4.353117
1070 -36.560577 3.558085
856 -22.371078 21.478199
2110 -13.105823 -5.080389
2114 -13.106987 -5.085626
2116 -13.101839 -5.080616
2117 -13.476016 -4.176836
2121 -21.323639 -2.279963
2124 -13.148282 -2.920606
2128 -13.109754 -5.081287
2130 -13.108040 -5.080900
1776 -12.509042 -5.908737
1550 -14.597129 -9.658002
376 -38.845566 1.158232
377 -38.831047 1.160918
1394 -38.829185 1.159385
388 -2.584335 -4.010969
389 -2.629493 -3.957866
587 -2.612103 -3.977469
619 -2.765789 -3.774256
391 -3.465752 -2.112139
692 -3.238733 -1.943106
727 -3.371080 -2.028835
411 -3.177174 -1.876086
1541 -3.243885 -1.950528
410 -3.271943 -1.962852
1884 -3.369564 -2.028180
1251 -3.154454 -1.885414
1663 -3.369828 -2.027771
1717 -3.442525 -2.088891
1906 -38.963207 3.249568
396 -32.796700 8.487195
1589 -33.419071 8.436630
1490 -32.267368 10.655493
1992 -32.869720 8.373650
430 -35.069077 -2.341491
402 -36.309296 12.445405
1498 -36.408085 12.250059
1463 -36.418800 12.664067
1422 -36.436913 12.735586
1844 -36.590664 1.235044
1423 -36.537582 12.789563
1725 -36.575623 1.217900
820 -19.942509 -2.440881
1821 -33.641846 15.832483
407 -43.220921 2.281233
842 -43.169613 2.287355
456 -42.899380 2.478066
408 -43.134285 2.246062
566 -33.297901 5.359472
874 -30.276510 1.525016
545 -32.655853 -5.126469
1726 -32.208973 -5.507335
1475 -33.063000 12.806035
832 -3.103212 -1.806279
1617 -3.220496 -1.943347
1934 -39.741802 10.444063
2103 -21.505157 -2.373922
2257 -21.610739 -2.403130
1060 -43.029140 2.535081
1591 -42.880646 2.316807
742 -42.868267 2.358014
1616 -42.853615 2.224666
441 -43.006905 2.490696
1083 -42.373482 1.061564
1092 -42.482262 1.308995
1097 -42.441803 1.236166
1096 -42.448261 1.279545
1082 -42.514263 1.314841
814 -19.317835 3.311567
1977 -42.657753 2.076909
1522 -42.619083 2.074499
2082 14.229653 -33.585674
429 -34.737511 -2.808036
1202 -41.552559 18.536238
1273 -32.879200 11.279978
425 -22.642015 8.515184
1362 -22.538103 8.573579
1298 -19.211058 14.183899
1619 15.082674 -33.345963
1087 -34.859238 -2.769711
1094 -34.850361 -2.782188
1277 -34.813541 -3.109991
617 -32.547516 -4.554128
794 -35.047234 -2.310388
1711 -40.941616 0.376283
1739 -40.962914 0.372413
1086 -40.917908 0.379819
1022 -33.410954 -2.864837
1021 -33.385117 -2.878969
1238 -36.240116 -2.410005
1309 -36.099331 -2.137670
637 -40.719444 15.604193
432 -14.830317 -2.050199
988 -18.371195 -0.601777
2169 -14.833073 -2.058371
2170 -14.835388 -2.053797
2241 -14.371652 -1.436680
1753 -17.279585 20.023462
2206 -13.878315 -1.941177
2345 -14.835000 -2.052082
2346 -14.831553 -2.053598
2347 -14.830917 -2.055506
2348 -14.833091 -2.056230
2220 -15.202175 -1.800199
2221 -15.112817 -1.816445
2341 -14.274455 -2.784648
2349 -14.829267 -2.053839
1797 -17.346909 20.102203
2350 -14.830264 -2.054402
2225 -15.309856 -2.412480
2266 -15.110664 -2.807245
2311 -15.033549 -2.587016
2351 -14.834823 -2.058711
1020 -14.833658 -2.055652
2342 -14.292594 -2.760930
928 -14.133871 -2.208274
2222 -14.285479 -1.728877
2352 -14.833359 -2.056228
2353 -14.833054 -2.059559
1486 -13.959785 -1.382483
2281 -14.367032 -1.778816
2315 -21.572840 -9.824783
2354 -14.830153 -2.053939
1485 -13.998656 -1.344499
2355 -15.093529 -2.721086
2356 -14.832628 -2.055724
2357 -14.831331 -2.054221
2306 -14.931364 -2.542696
1171 -14.267217 -1.150561
1144 -13.839270 -1.802821
716 -14.141441 -3.244518
2204 -13.289558 -1.779232
2088 -13.106918 -0.974271
2166 -13.773418 -1.437315
2242 -14.244873 -1.366904
435 -9.887447 -5.828358
1074 -9.904661 -5.814137
1038 -10.061449 -5.729661
875 -18.015814 7.979773
437 -17.316650 20.117729
522 -17.343313 20.111389
1644 -17.318628 20.087065
1420 -11.188127 -9.797360
440 -11.167580 -9.790852
505 -11.221782 -9.667122
496 -14.931425 -7.004827
446 -40.321461 3.131535
1605 -40.246159 3.196766
1854 -40.845474 0.549110
2049 -40.027718 2.962838
1664 -37.202003 5.914937
1667 -40.848957 0.582862
898 -15.934365 8.731352
1606 -39.834690 3.447313
1912 -40.040916 4.580694
2279 -39.700729 5.256393
2153 -39.702961 5.281572
524 -22.284824 -1.473710
1148 -22.053175 -1.558585
1331 -20.907944 -1.492086
1367 -20.697264 -1.974633
1590 -22.053759 -1.558899
1813 -22.053829 -1.558387
1866 -22.053284 -1.557645
1868 -22.054390 -1.558321
2145 -22.279753 -1.501853
457 -42.631618 8.798504
458 -42.690331 8.953139
1105 -42.632923 8.944850
556 -42.677509 8.868456
1055 -41.954586 8.349096
1152 -42.535042 8.855007
1796 -41.086983 5.310101
1373 -42.578732 8.966726
2032 -42.675854 8.967362
675 -31.475267 -4.572834
770 -25.156281 12.573900
1409 -15.801888 13.639302
1942 -33.218414 -3.080631
1945 -33.232124 -3.075400
1505 -33.221771 -3.000705
1944 -33.003662 -3.166890
2012 -40.179668 4.319011
1328 -40.779446 3.681760
2059 -40.190407 4.313802
1283 -41.004536 4.998885
1909 -40.863094 5.183203
1911 -40.895237 5.231505
1914 -40.586643 5.053714
1381 -40.929989 5.006354
1628 -40.824448 4.976878
474 -16.372044 -3.285590
2188 -16.444948 -3.273423
783 -15.977970 -2.827276
2093 -15.825676 -2.806428
2154 -15.828639 -2.808483
2234 -15.826479 -2.805444
2236 -15.830330 -2.806429
2324 -15.826993 -2.804144
655 -14.937554 -4.123839
2331 -15.828300 -2.807057
2065 -35.645691 5.047901
656 -14.702815 -4.101093
479 -21.072298 -10.736382
480 -21.124525 -10.650690
552 -21.305346 -10.410860
1439 -38.959484 8.391383
886 -35.234898 18.632841
2028 -36.548191 14.380757
586 -35.176811 17.991537
1669 -46.280434 1.070047
1829 -33.582394 -2.565588
1856 -38.842361 -0.524935
1941 -33.298798 -2.901126
1967 -33.284286 -2.928434
1842 -13.922721 -17.003927
1299 -23.747023 18.393843
1282 -36.375027 0.958621
1795 -37.605946 2.641367
1917 -37.573280 2.686946
1921 -36.362396 3.391766
1892 -37.574783 2.684220
778 -31.863882 -5.117950
693 -32.062717 -5.321099
2332 -23.307476 -2.777866
1733 -23.485371 -2.632411
1684 -46.623940 21.652147
1685 -46.835384 21.697302
528 -21.913610 24.915176
614 -21.978724 24.758860
1183 -31.102852 1.644606
1184 -33.526306 5.117725
531 16.992987 -17.026510
532 16.991386 -17.025188
2252 16.990162 -17.023867
537 -39.012959 -0.577222
1090 -38.548862 -0.257799
1495 -38.446003 0.174333
1651 -32.130466 2.682386
1130 -40.225094 9.893162
1887 -36.658237 10.721051
538 -30.129707 2.428348
1500 -30.123840 2.440012
1686 -30.755617 2.271793
767 -30.329214 2.368062
775 -31.008991 -3.916090
1572 -30.620228 -2.787950
609 16.433561 -16.507418
2178 -30.958084 -3.789888
2179 -30.958447 -3.787790
2181 -30.959135 -3.789300
2367 -30.960554 -3.792813
638 -23.957535 20.061975
821 -23.956137 20.062290
577 -22.482508 8.432050
2159 -15.284445 15.102515
2344 -15.283326 15.102869
1613 -19.545000 15.747643
1682 -19.549133 15.651144
2197 -19.549463 15.652029
1114 -21.779833 -7.720455
1134 -21.687805 -7.207298
1554 -21.709723 -7.327515
548 -17.468056 -11.548356
549 -17.478348 -11.548120
603 -17.468788 -11.588316
2100 -17.472824 -11.576517
550 -18.266981 -4.248871
551 -18.275055 -4.241755
652 -18.209557 -4.266808
1710 -21.653469 -9.909265
554 16.509546 -16.566463
555 16.720314 -16.765608
796 16.502054 -16.558346
575 16.467316 -16.519306
1441 -42.200539 3.527524
560 -34.508381 -0.194658
633 -34.412384 -0.213450
1706 -34.839790 1.311554
1872 -34.991848 1.747577
1801 -41.577404 -0.696357
1971 -35.813904 0.682939
1898 -33.930870 0.121175
2189 -34.231266 -0.016673
2217 -34.235828 -0.013017
1897 -33.713100 0.205433
2264 -34.232094 -0.015803
2267 -34.236904 -0.014842
2304 -34.232449 -0.016185
2361 -34.480839 0.267866
1905 -38.944695 2.921224
763 -32.651905 7.306924
1955 -38.952797 2.964643
756 -32.407192 6.993682
2030 -38.984325 3.014689
2044 -38.872303 3.251357
810 -21.010307 -1.595486
1150 -20.896151 -1.371439
2148 -21.096956 -1.760915
1672 -32.297951 -5.255076
728 -18.773846 -8.021223
572 -18.772905 -12.961365
573 -18.063810 -13.103816
1573 -18.756514 -12.959600
1867 -19.393007 -12.918454
741 -18.036871 -13.102234
2094 -12.905806 -6.005863
2096 -12.850879 -5.413118
576 16.468594 -16.518965
676 -22.489208 8.431683
884 -22.491533 8.431100
1631 -11.806464 -7.603986
1780 -32.240929 -4.980123
580 -15.662152 19.982910
581 -15.819097 19.931091
615 -15.696032 19.967529
672 -15.729166 19.958656
653 -15.725609 19.959503
1810 -33.476212 15.741940
1812 -33.478237 15.744086
2363 -25.090069 20.119928
1398 -35.360302 6.181967
590 -41.267292 5.328526
591 -32.457897 -0.930543
594 -36.857723 -3.031875
1978 -36.853741 -3.032233
1979 -36.503811 -1.393765
1239 -35.649708 2.550819
1980 -36.656960 -2.111618
1116 -29.553329 0.503718
601 -34.224785 10.045322
602 -34.192909 10.091334
2201 -17.514099 -11.633752
2160 16.427948 -16.502625
1922 -18.638771 22.247023
704 -32.437656 -4.665032
618 -2.759931 -3.804977
2239 -2.766294 -3.767584
621 -24.041643 -4.048728
1489 -23.990959 -3.940525
1832 -24.031006 -4.040567
746 -17.880545 -4.207852
1454 -18.081888 -4.409546
624 -33.561695 -4.579127
1789 -36.826725 24.654734
629 -23.270130 -11.181883
630 -23.176086 -11.055928
632 -23.269962 -11.177917
771 -23.120808 -11.032844
780 -22.099861 -10.070835
809 -23.426733 -11.133828
2291 -34.393909 -0.193667
835 -18.253880 13.409255
1786 -34.660763 10.320086
1769 -34.663834 10.320404
711 -17.471188 12.641269
860 -14.906513 -4.813637
2192 -15.350630 -4.419620
2260 -14.461838 -5.078899
786 -7.167577 -8.657983
649 -26.085533 12.236683
1925 -25.940845 11.660062
2080 -20.657909 15.352753
1949 -35.800148 0.570454
1973 -35.734478 0.615896
2112 -14.263720 -3.802548
2105 -14.272581 -3.883313
659 -2.502049 -18.464411
660 -2.489948 -18.476557
1313 -2.606046 -18.356987
908 -2.244215 -18.726500
802 -25.582512 11.822156
714 -26.444965 -2.421427
664 -22.925699 -10.843735
665 -22.721416 -10.669894
858 -23.007542 -10.929809
747 -32.784088 7.708765
1761 -18.326094 -4.113258
721 -45.718281 19.435606
1938 -42.333389 -2.717034
1688 -27.212929 4.532000
689 -21.852480 -8.140024
726 -21.747107 -8.867986
788 -21.852331 -8.140282
1375 -21.853525 -8.064137
1863 -21.851566 -8.141315
1865 -21.852386 -8.140667
691 -40.457592 10.735697
1169 -33.593449 18.936041
836 -12.965054 -6.639251
839 -12.965901 -6.639881
754 -13.075473 -6.820331
2095 -12.271579 -7.556323
2287 -12.965400 -6.639931
705 -26.447727 -2.322119
2338 14.359044 -33.820633
1001 -17.500242 12.667944
712 -26.350384 -2.728861
713 -26.452112 -2.793141
1593 -26.448423 -2.431504
717 -14.003508 -3.267420
777 -14.057635 -3.263688
725 -21.499327 3.536057
1755 -21.500578 3.539240
1860 -24.285965 17.989759
734 -15.497281 12.580720
854 -15.212209 -6.004691
2228 -14.512340 -4.897154
745 -14.668521 -4.596170
2290 -14.344139 -4.393882
818 -14.600537 -4.189065
750 -21.086710 -12.441484
751 -21.110788 -12.615796
752 -20.160772 0.779738
753 -20.066298 0.728262
2113 -13.071389 -6.809639
2167 -13.070940 -6.811065
2275 -21.400557 -12.798645
1496 -32.038887 6.426990
1691 -32.159016 6.464540
1772 -40.153427 10.110917
1634 -19.017263 1.987720
896 -15.435732 -4.500088
1314 -17.445154 2.937278
1474 -17.511501 2.965630
1527 -17.509357 2.964837
1452 -17.442171 3.012567
1752 -17.509073 2.965500
1754 -17.509874 2.966212
1762 -17.510458 2.966387
1766 -17.511259 2.965091
1798 -17.511700 2.965497
1806 -17.509995 2.965548
1948 -36.352097 -2.066221
766 -30.346514 2.318899
1227 -12.153796 -2.285690
816 -12.274960 -2.456367
815 -12.549927 -2.627960
1225 -12.852417 -2.972983
1376 -28.664207 17.143888
1727 -25.145340 12.606282
1115 -18.341200 -10.416158
781 -21.959763 -9.930552
782 -16.152075 -2.855500
833 -29.409746 0.088013
1007 -29.691383 0.780893
2210 -29.408772 0.091010
879 -18.774141 -3.775559
791 -33.172108 11.618709
792 -33.184948 11.594572
852 -33.189350 11.526499
1179 -33.079891 11.744629
1159 -30.353378 -5.835421
817 -20.536953 20.209545
1348 -36.701584 11.054578
803 -2.332605 -18.644787
804 -2.302029 -18.672409
972 -2.274288 -18.698008
808 -23.525587 -11.219341
841 -23.462135 -11.159535
1189 -23.375751 -10.955134
2237 -21.001308 -1.602335
2077 -19.286917 3.520194
1178 -18.944452 3.281368
1815 -12.796448 -1.798455
2092 -12.060484 -2.349669
819 -14.335124 -3.870227
1368 -20.183689 -2.099781
1824 -19.940920 -2.451194
1305 -2.958443 -3.429441
2198 -3.031751 -3.479767
2235 -27.603071 4.824706
2288 -3.095326 -1.808962
2289 -3.093524 -1.806906
1679 -18.196907 13.460031
2195 -19.041691 -15.920988
2305 -19.042171 -15.919024
2307 -18.919682 -16.214630
845 -15.096872 -6.140425
1642 -27.416979 1.562609
1558 -27.528149 1.694800
991 -27.378180 1.520346
1620 -27.525562 1.690269
1585 -27.543549 1.707373
1643 -27.500401 1.671355
1946 -30.114872 1.350350
862 -47.356113 20.071611
1878 -36.516861 -0.719614
1157 -23.873522 -8.624796
872 -16.039293 -2.758080
869 -22.139406 -9.206970
1840 -31.688757 2.439831
1722 -31.069010 2.189243
876 -18.015907 7.980577
880 -18.799849 -3.752952
1952 -31.473114 4.689814
1951 -38.105114 0.991078
1954 -31.146568 4.596315
1987 -38.102966 0.972417
1985 -38.098164 0.991869
2010 -31.178255 4.651623
2246 -3.091198 -3.465100
882 -15.862857 8.645919
2366 -35.258938 18.657358
903 14.134302 -34.514904
889 -1.768147 -19.199602
890 -1.651100 -19.315464
969 -1.649565 -19.313917
1364 -1.898976 -19.071396
1005 -19.887918 2.495339
893 7.935008 22.438679
894 7.931757 22.435152
910 7.933040 22.436491
1136 7.931844 22.435295
1267 7.809264 22.317301
1746 7.933176 22.436661
895 -20.291451 2.682252
1720 -20.283401 2.676573
949 -15.418816 -4.486642
1790 -15.419701 -4.486898
897 -15.862917 8.671159
900 -36.613533 1.147838
2024 -36.573265 1.265027
2020 -36.481949 0.816579
1404 -20.207447 2.788475
1406 -20.208387 2.789534
1513 -20.208961 2.788466
1629 -20.207684 2.787068
1665 -20.208162 2.787434
905 -38.161346 -14.974814
906 -38.161057 -14.976663
971 -38.174484 -15.016728
1180 -38.161057 -14.976389
1230 -38.161037 -14.976508
1428 -38.161076 -14.976438
1430 -38.161053 -14.976398
1433 -38.161186 -14.976987
1804 -38.161057 -14.976652
1838 -38.161083 -14.976497
1511 -15.135056 -11.789555
1443 -15.582557 -12.075409
909 -2.068721 -18.902359
1023 -2.241889 -18.727810
1039 -2.241524 -18.728218
1653 -2.241485 -18.728292
1579 -2.045022 -18.925917
1078 -19.615295 -1.908069
929 -14.151588 -2.217897
930 -13.436398 -3.146117
1456 -13.452355 -3.151760
2360 -13.453307 -3.154133
944 -31.902649 9.171609
945 -31.952185 9.054234
1719 -31.810114 9.211415
946 -10.114264 -5.685218
951 -6.849398 -8.924768
1681 -6.788166 -8.976932
956 -30.149521 -5.787458
1333 -30.148937 -5.787246
1400 -30.148912 -5.787297
960 -40.599297 -5.942750
2191 -40.590889 -5.934982
1046 -33.895226 2.467071
1781 -34.683090 1.879985
1708 -1.664248 -19.300486
985 -38.172318 -15.012687
1194 -35.805416 4.883956
1221 -35.941593 4.963714
1337 -14.722556 -12.197969
1339 -14.723444 -12.196923
1538 -14.724967 -12.194510
1528 -36.263660 3.623448
1529 -36.234028 3.647614
1760 -36.489777 3.451954
1012 -36.535404 3.289756
980 -21.683933 -4.015167
981 -21.704435 -3.962093
1073 -21.713318 -3.953383
1450 -21.712894 -3.953178
1735 -21.713373 -3.952807
1841 -21.810509 -3.665417
982 -17.021387 9.170933
1767 -36.932106 24.748806
1393 -19.480150 0.628567
989 -18.490145 -0.562484
1924 -37.777836 -0.945078
1982 -36.625637 -1.035735
2018 -36.636253 -1.024735
2036 -36.590317 -1.174582
1983 -36.733387 -1.062918
1907 -36.969364 -4.745736
1054 -18.055260 0.787240
1003 9.561142 -30.717041
1141 9.564181 -30.719831
1262 9.323951 -30.592302
1540 9.564448 -30.719755
1580 9.564492 -30.720076
1828 9.563973 -30.719416
1372 10.080379 -30.910494
1632 10.080647 -30.911255
1633 10.081407 -30.911322
1864 10.080404 -30.909819
1870 -19.861607 2.465419
1047 -19.540201 2.227227
2064 -29.650383 0.827270
1063 -25.494711 7.690547
1013 -36.772270 13.516782
1014 -36.701797 13.420959
1405 -31.989820 2.507549
1019 15.340997 -32.966843
1321 -37.395630 6.310819
1680 -39.305382 6.766077
1482 -39.444984 6.777358
1166 -37.211533 9.230505
1165 -37.181072 9.205520
1174 -37.257896 9.264657
1657 -19.064671 -1.119241
1349 -18.665739 -0.826323
1849 -18.841311 -0.769322
1571 -19.050034 1.998471
1652 -33.311657 5.460888
1889 -32.165920 5.873499
1950 -32.226768 5.871445
2037 -32.481743 6.250938
2057 -32.483822 6.250985
2071 -32.481358 6.248848
1045 -16.072062 0.037157
1531 -16.072470 0.034437
1876 -16.072723 0.035168
1053 -17.951464 0.842848
1195 -18.067009 0.778887
1295 -18.064999 0.780660
1457 -18.066525 0.780019
1104 -41.936626 8.354729
1483 -41.936855 8.356020
1218 -33.018047 6.213887
2072 -43.034092 2.551502
2099 -43.033264 2.550562
1465 -30.106909 10.936042
1415 -30.136576 10.962286
1099 -29.906517 11.188363
1501 -30.145861 10.990033
2174 -2.473324 -1.554963
1069 15.793118 -33.278076
2283 -36.709148 3.524675
1077 -18.619783 -0.872870
1206 -19.792810 -1.755064
1170 -19.324038 -1.527390
1323 -19.921915 -1.868752
1080 -32.249969 -9.294099
1995 -41.764114 0.390875
2011 -41.615341 0.220991
1969 -42.357361 1.174755
1085 -32.882233 -0.750389
1712 -40.929100 0.465514
1827 -40.904343 0.459312
1997 -40.942589 0.366708
1745 -13.541906 -17.434584
1626 -29.887304 11.275699
2043 -41.478985 22.395441
1106 -31.626791 11.054867
1107 -31.645803 10.986465
1110 -31.508471 0.616578
1111 -31.449062 0.729316
1112 -31.605610 0.804308
1290 -31.441210 0.638696
1803 -31.569958 0.777738
1677 -31.503582 0.702741
1846 -31.506056 0.695965
1678 -31.795683 1.063372
1826 -29.641268 0.728900
1297 -42.224072 0.890244
1131 11.634068 -29.731802
1132 11.622141 -29.693466
1138 11.640468 -29.762314
1133 -21.670702 -7.106272
1472 -21.661518 -7.092320
1145 -13.811327 -1.537577
1354 -20.897299 -1.373874
1963 -28.272507 6.592857
1588 -23.871185 -8.616393
1880 -37.371067 5.951382
1469 10.655752 -30.887547
1164 -37.263733 9.260665
1319 -37.172768 9.236927
1190 -14.265599 -1.207930
2243 -14.283708 -1.308136
1655 -27.779324 2.055734
1303 -33.196289 11.473477
1743 -35.963303 6.265360
1512 -18.073257 2.490333
1751 -18.075630 2.487583
1833 -31.970230 2.575354
1188 -23.273329 -10.745782
1395 -38.323456 1.105907
1994 -38.171822 0.937333
2003 -43.166824 4.389590
1325 -38.327965 1.106870
1926 -35.552719 2.214544
1939 -34.997631 4.025457
1966 -35.046112 4.066275
2033 -35.083176 4.102764
2039 -35.036877 4.075723
1989 -35.270840 3.967715
2026 -45.893650 4.377842
1197 -30.316622 -2.822681
1198 -30.270739 -2.789814
1222 -30.325443 -2.759800
1199 -18.888899 -0.014645
1203 -15.964837 -12.326050
1208 7.766925 22.269587
1470 7.769938 22.271841
1210 -30.826694 4.484672
1211 -30.895250 4.620860
1216 -35.583130 6.146423
1217 -35.420177 6.009222
1219 -33.045097 6.267213
2227 -35.935669 4.946832
1464 -15.029080 -10.844972
1506 -15.028294 -10.842402
1608 -15.028580 -10.842521
1645 -15.028153 -10.843687
1687 -15.028006 -10.843633
1718 -15.028779 -10.844406
1738 -15.028655 -10.844090
1784 -15.028830 -10.844763
1809 -15.028843 -10.844045
1817 -15.028964 -10.842849
1839 -15.028539 -10.843625
1293 -15.028831 -10.843034
2180 -12.890814 -3.016271
1847 -12.176152 -2.327924
1401 -24.396248 8.414551
1737 -3.281835 -1.997949
2175 -2.817459 -1.724610
1258 -32.222382 1.521405
1271 9.152049 -30.498158
1935 -37.080658 6.766316
2025 -37.160244 6.673702
1874 -37.103504 6.749506
1962 -37.605137 6.203981
2052 -37.609299 6.207606
2069 -37.607475 6.200626
1268 7.760947 22.283064
1369 7.806448 22.312447
1358 7.787855 22.295225
1269 -7.627135 -8.343788
2172 -7.614609 -8.373137
2240 -7.614150 -8.373686
1387 9.085179 -30.460203
1910 -32.880779 11.266634
1748 -32.589199 10.976832
1757 -32.579014 10.967232
1885 -32.577641 10.964137
1730 -32.593834 10.983940
2086 -39.106228 8.511378
2098 -39.105278 8.509572
2015 -34.820107 -3.093432
1279 -37.966351 1.101177
1280 -37.941769 1.077560
1929 -35.381271 2.186585
1379 -24.855381 -39.633640
1287 -39.482315 4.506562
1289 -31.205114 0.337474
1307 -19.187731 14.163835
1883 -23.754549 18.399374
1698 -31.834461 2.464744
1965 -31.968235 2.544235
1913 -31.971006 2.546882
1852 -31.862461 2.470863
1312 -37.773293 -4.052462
1998 -37.775066 -4.054492
1858 -2.605126 -18.358294
2151 -2.672423 -18.290943
1447 -17.448248 2.944591
1327 -30.861294 5.985686
1823 -31.235054 5.874233
1329 -40.743477 3.651700
1340 -40.747673 3.650010
1356 -40.746040 3.649691
1370 -40.038902 4.379916
1986 -40.040371 4.377844
1332 -20.898178 -1.495415
1525 -35.629223 5.163160
1561 -35.659042 5.171957
1341 -13.415780 -3.086766
1342 -13.592604 -3.262313
1350 -18.667662 -0.801232
1357 7.764278 22.270466
1361 -22.439274 8.626484
1641 -22.539892 8.578815
1365 -27.186926 0.250779
1366 -38.158924 -0.277362
1728 -26.930380 0.193182
1371 7.812294 22.318914
1556 -21.851530 -8.063669
1380 -41.346928 5.123023
1383 -43.181957 12.327343
1565 -43.182228 12.327499
1384 -15.305166 12.078446
1388 9.069557 -30.452675
1639 -42.427345 9.087877
1640 -42.426674 9.087890
1625 -29.600805 11.697667
1970 -34.892990 1.483372
1972 -34.893776 1.481964
1975 -34.893177 1.485137
2211 -19.476938 0.622665
1399 -35.362995 6.181560
1403 -37.003197 6.274592
1455 -37.005150 6.273730
1484 -37.007648 6.275526
1521 -33.062416 2.143226
1996 -30.429668 10.996942
2040 -30.425074 10.993538
2041 -30.424120 10.994748
2070 -30.425837 10.993970
1510 -35.713352 5.119805
1961 -35.713608 5.119653
1421 -11.187411 -9.798082
1427 -40.231026 -0.283174
1431 -46.003185 4.389563
1432 -45.998833 4.382332
1507 -45.999142 4.382511
1435 -23.871897 -3.395700
1918 -36.557533 14.065722
1807 -42.187016 3.526773
1959 -43.246395 4.339401
2146 -42.266937 3.619467
1594 -42.187618 3.530060
2147 -42.185604 3.529978
2270 -42.189411 3.530373
2249 -30.177391 10.838520
1451 -17.372719 3.055846
1661 -18.125767 -4.400662
2256 -18.061287 -4.408476
1460 -40.217583 -0.223820
1461 -11.677739 -7.358440
1462 -11.752790 -7.062941
1508 -11.953968 -6.677975
1524 -39.425320 6.776062
2016 -28.721876 17.294132
1491 -32.292336 10.676702
2022 -32.295918 10.534085
1816 -39.980705 18.590607
2031 -32.075199 6.443504
1993 -36.954571 6.888009
1534 -21.875999 -9.753437
1535 -21.840593 -9.735058
1931 -35.287643 6.353227
1544 -41.756756 -0.791908
1545 -41.696411 -0.747128
1568 -41.706295 -0.757158
1862 -41.593369 -0.665873
1802 -41.628834 -0.691551
1547 -17.140425 -12.141032
2143 -14.513222 -9.662386
1836 -32.359318 -0.969364
1758 -32.359051 -0.969494
1765 -32.362980 -0.963774
1741 -32.322891 -1.028804
2262 -32.414036 -0.879771
1563 -33.713608 2.512507
2055 -32.202015 2.596887
1566 -11.794313 -8.139599
1567 -11.795350 -8.114650
2212 -11.893084 -7.989606
1774 -32.050461 9.024723
1597 -42.428162 -2.828571
1598 -42.367043 -2.790509
1599 -42.375141 -2.780305
1600 -42.339943 -2.758635
1601 -42.291500 -2.704494
1968 -42.176655 -2.639191
2066 -42.177853 -2.640278
2007 -42.379238 -2.793281
1603 -33.659824 11.242144
1731 -25.755018 11.556766
2310 -23.075853 -2.614312
2369 -11.781569 -7.613727
2370 -11.781765 -7.614041
2186 -11.386050 -7.879708
1635 -19.023113 1.987452
1875 -19.023170 1.988081
2122 -27.154692 4.461107
1662 -18.129978 -4.390581
2056 -37.189751 5.890954
1984 -42.399532 23.397062
2051 -42.405991 23.393934
2068 -32.498478 3.742507
1857 -6.790539 -8.974172
1683 -47.067982 21.708725
1785 -46.714909 21.695360
2021 -30.761057 2.302773
1693 -18.390205 23.026064
1747 -18.435585 22.995445
2029 -33.714836 2.476220
1788 -34.502522 2.084036
1782 -34.578270 1.986746
1960 -34.498096 2.084202
2002 -34.502487 2.081353
1700 -42.417641 -2.799115
1702 -38.180508 -0.349354
2111 -21.638899 -9.899227
2138 -21.639355 -9.898572
2312 -21.638187 -9.897904
2313 -21.635324 -9.899137
2314 -21.636526 -9.897327
2294 -21.811956 -9.810925
2316 -21.637594 -9.898260
2317 -21.635107 -9.897153
2318 -21.637989 -9.896757
2319 -21.636889 -9.899222
2320 -21.638199 -9.899132
2321 -21.637018 -9.899508
2327 -21.637411 -9.898387
2330 -19.582470 -12.688208
2333 -21.637899 -9.900385
1713 -33.342453 -0.029947
1714 -33.418957 0.135065
1729 -26.659847 -0.031249
1742 -32.284000 -1.075226
1744 -13.414463 -17.559244
2364 -32.242966 -4.962455
1791 -38.619354 -4.186024
1794 -37.650490 2.553831
1799 13.555947 -32.750248
1981 -41.157623 -0.298840
1814 -12.587997 -1.627596
2371 -21.954529 -3.278297
2209 -19.738789 -13.145440
1873 -36.943775 6.893363
1936 -37.056751 6.798027
1937 -37.061481 6.822820
2054 -37.434696 0.167028
1896 -33.199089 0.363318
2047 -33.846737 0.160984
1919 -36.563324 14.246630
1920 -36.555054 14.252590
1923 -18.441961 22.257162
2048 -18.455894 22.234171
1940 -35.022427 3.976272
1964 -30.972506 4.744619
2006 -43.195396 4.361080
2034 -43.206955 4.324466
2035 -43.207336 4.325664
2005 -43.194912 4.359470
2004 -43.197983 4.357450
2089 -40.014439 2.963993
2230 -40.014004 2.965120
2075 -11.952835 -3.644853
2362 14.227380 -33.591557
2190 -13.764047 -3.452693
2293 -13.765757 -3.452285
2302 -13.762271 -3.451914
2334 -13.764059 -3.455640
2335 -13.765438 -3.455634
2336 -13.765162 -3.453665
2337 -13.766557 -3.454282
2339 -13.762636 -3.454984
2340 -13.766391 -3.453928
2343 -13.763895 -3.452253
2372 -13.766575 -3.453110
2084 -14.156692 -7.320323
2085 -14.093834 -7.552773
2358 -14.103461 -7.550595
2087 -12.852739 -0.719012
2177 -13.080802 -0.848775
2263 -13.461616 -1.210430
2325 -13.281682 -1.046996
2091 -11.882378 -2.231572
2137 -12.288846 -7.546314
2134 -18.772840 -8.367403
2359 -18.772867 -8.366626
2328 -12.003467 -8.004633
2104 -21.515907 -2.362642
2373 -14.215343 -3.883683
2374 -14.213242 -3.875391
2208 -16.936987 -12.874453
2141 -20.033665 -13.347271
2142 -20.017775 -13.370669
2207 -20.020662 -13.375387
2144 -14.499319 -9.688743
2182 -14.508476 -9.680885
2232 -42.262657 3.623772
2152 -2.664130 -18.299507
2156 -18.779039 -16.556452
2157 -18.771341 -16.567797
2158 -18.771488 -16.567286
2176 -18.770960 -16.568468
2292 -18.770760 -16.568529
2161 -10.881970 -8.199801
2162 -10.990034 -8.143187
2187 -10.894029 -8.210196
2165 -13.535603 -1.145441
2280 -13.811056 -1.451446
2282 -13.807420 -1.449029
2285 -13.809699 -1.451937
2323 -13.812233 -1.450283
2238 -17.384907 -13.119559
2322 -13.057055 -0.803759
2223 -10.908198 -8.218454
2193 -15.452499 -3.999663
2265 -15.353797 -3.553890
2224 -17.160152 13.030763
2202 -17.504522 -11.635658
2203 -17.504486 -11.636485
2205 -13.295878 -1.819467
2219 -15.404228 -1.553884
2245 -21.980793 -9.710291
2295 -21.982201 -9.709065
2368 -21.983208 -9.710249
2248 -19.632492 -14.691865
2250 -21.007557 -9.933869
2259 -22.080437 -2.927387
2284 -36.695808 3.525764
2308 -12.015938 -8.178254
2309 -12.013994 -8.165524
