0 1244
0 2318
0 4938
1 3035
2 2084
3 237
4 2503
5 4078
6 2085
7 4080
8 2185
9 935
10 2087
11 4166
12 1097
13 2125
14 238
15 239
16 2312
17 2089
18 2166
19 1060
20 2241
21 5143
22 240
23 1097
24 241
25 3193
26 4741
27 3870
28 242
29 5041
30 2091
31 2092
32 2852
33 243
34 244
35 2093
36 2094
37 488
38 2095
39 2117
40 2096
41 2097
42 2098
43 3190
44 245
45 246
46 2099
47 2100
48 1079
49 3974
50 2116
51 1796
52 2103
53 2104
54 2105
55 1932
56 5164
57 3183
58 5190
59 1266
60 2108
61 2222
62 2110
63 2111
64 2112
65 2018
66 2393
67 4491
68 4984
69 1268
70 3524
71 1653
72 4791
73 2293
74 5195
75 247
76 2117
77 2560
78 2118
79 4074
80 248
81 2119
82 2678
83 249
84 250
85 2120
86 3156
87 2351
88 2121
89 2551
90 5088
91 251
92 2122
93 2123
94 3100
95 2124
96 2088
97 858
98 252
99 5288
100 2126
101 2127
102 2128
103 2533
104 4273
105 3695
106 2129
107 3293
108 2685
109 3366
110 1276
111 253
112 2590
113 2200
114 3199
115 3469
116 972
117 254
118 4023
119 4790
120 4157
121 4751
122 4153
123 3926
124 2132
125 255
126 4299
127 256
128 257
129 4554
130 3612
131 3385
132 4889
133 2780
134 3302
135 4292
136 2133
137 2134
138 258
139 5232
140 2135
141 4416
142 259
143 858
144 2136
145 2512
146 5231
147 4792
148 2191
149 3621
150 3926
151 2138
152 858
153 851
154 1082
155 4475
156 3472
157 260
158 5105
159 4017
160 3142
161 4905
162 3655
163 1544
164 2259
165 572
166 4127
167 261
168 2442
169 2143
170 2144
171 2145
172 3721
173 2146
174 2526
175 437
176 262
177 5082
178 3631
179 2147
180 3151
181 263
182 3290
183 264
184 2148
185 2149
186 4900
187 2317
188 3747
189 2177
190 2488
191 1432
192 3216
193 265
194 2151
195 5259
196 272
197 266
198 5249
199 1165
200 3986
201 5121
202 4792
203 2154
204 3189
205 858
206 3373
207 3373
208 2156
209 1190
210 2158
211 3537
212 3799
213 2076
214 2393
215 267
216 5177
217 3393
218 2160
219 268
220 2161
221 2157
222 2163
223 5249
224 2689
225 1107
226 4999
227 2165
228 4277
229 2166
230 2167
231 2312
232 4599
233 1060
234 1658
235 3175
236 269
237 3003
238 270
239 3189
240 4891
241 1130
242 4331
243 5241
244 4331
245 271
246 4129
247 272
248 273
249 2012
250 2173
251 2202
252 2212
253 2176
254 2177
255 2297
256 1689
257 2368
258 3489
259 2877
260 2514
261 1689
262 5163
263 1832
264 1492
265 4233
266 1346
267 1077
268 763
269 3708
270 4177
271 343
272 717
273 4675
274 2701
274 3560
275 284
275 5141
276 2706
276 2707
277 5079
277 5141
278 4793
278 4794
279 4334
279 4511
280 3281
280 4129
281 3959
281 4651
282 3969
282 3972
283 2152
283 3972
284 1958
285 4246
285 5141
286 3421
286 5055
287 2337
287 4793
288 330
288 2898
289 2722
289 3822
290 3604
290 4585
291 3599
291 4444
292 4189
292 4898
293 331
293 3526
294 296
294 3526
295 1085
295 3338
296 2354
297 2916
297 4676
298 2184
298 4872
299 3959
299 4853
300 2185
300 5259
301 4478
301 5011
302 352
302 3519
303 2809
303 3673
304 348
304 352
305 2200
305 2225
306 348
306 3901
307 3901
307 4946
308 3901
308 4947
309 759
309 4512
310 4651
310 4853
311 3959
311 5266
312 3367
312 5102
313 728
313 2207
314 2182
314 5266
315 763
315 4512
316 321
316 5059
317 2023
317 3569
318 4810
318 4941
319 3691
319 4315
320 2113
320 2425
321 5058
321 5059
322 2018
322 5286
323 3959
323 5212
324 606
324 3900
325 3234
325 4740
326 3556
326 4689
327 2090
327 2291
328 2536
328 4453
329 2342
329 5055
330 4772
331 2354
332 343
332 355
333 3797
333 4297
334 2616
334 4442
335 2830
335 5147
336 3365
336 4272
337 2536
337 4453
338 3307
338 3472
339 2582
339 4909
340 3792
340 4863
341 5224
341 5225
342 2164
342 2390
343 4453
344 3084
344 3867
345 347
345 4017
346 2131
346 4599
347 4701
348 352
349 379
349 4420
350 4017
350 4682
351 2620
351 4834
353 2963
353 4186
354 3339
354 4862
355 2539
356 3190
356 4221
357 3879
357 5204
358 1114
358 5227
359 1107
359 3190
360 2388
360 4304
361 3879
361 5223
362 3190
362 4923
363 3451
363 4863
364 368
364 5204
365 4599
365 5097
366 2620
366 5097
367 1114
367 2230
368 721
369 402
369 3295
370 3690
370 4420
371 380
371 4682
372 2390
372 4682
373 374
373 3907
374 3907
375 400
375 2878
376 4121
376 4374
377 2700
377 5280
378 3306
378 3337
379 2390
380 4926
381 3025
381 4460
382 4134
382 4416
383 392
383 3168
384 2937
384 4416
385 2189
385 2483
386 3404
386 5204
387 4272
387 4680
388 2937
388 4135
389 4304
389 5204
390 3404
390 5011
391 437
391 2137
392 2753
393 3826
393 4763
394 3569
394 4897
395 3814
395 4186
396 3340
396 4186
397 4999
397 5122
398 407
398 3268
399 3797
399 4297
400 5299
401 2395
401 5099
402 2313
403 421
403 4008
404 3954
404 4801
405 3377
405 5097
406 514
406 3626
407 4751
408 3867
408 4741
409 2548
409 4182
410 2142
410 4806
411 417
411 572
412 3366
412 4017
413 2139
413 4525
414 4478
414 5231
415 851
415 2521
416 4905
416 4906
417 2199
418 4118
418 4869
419 445
419 481
420 2507
420 4922
421 3655
422 2567
422 4291
423 3824
423 4335
424 426
424 4497
425 471
425 3746
426 428
427 487
427 4696
428 4497
428 4914
429 447
429 483
430 2794
430 4905
431 435
431 4927
432 824
432 4792
433 4082
433 4912
434 2483
434 4448
435 3366
436 824
436 3377
437 2137
437 3658
438 3690
438 4926
439 2705
439 3690
440 2190
440 2191
441 4612
441 4927
442 1531
442 4891
443 3636
443 5011
444 3376
444 5034
445 482
446 2192
446 4927
447 482
448 2986
448 4381
449 460
449 2721
450 4291
450 4525
451 1917
451 3342
452 4483
452 4792
453 2948
453 3594
454 2471
454 4961
455 3392
455 4915
456 2507
456 4221
457 2704
457 4732
458 4221
458 5277
459 2073
459 2704
460 577
461 3960
461 4474
462 2704
462 4269
463 2193
463 4867
464 2194
464 3645
465 2191
465 5012
466 4079
466 5224
467 3340
467 5246
468 488
468 5122
469 3193
469 4891
470 474
470 3377
471 4908
472 3086
472 3948
473 509
473 3553
474 4926
475 2195
475 2997
476 486
476 2662
477 2196
477 3034
478 2748
478 2828
479 2521
479 4923
480 3370
480 4405
481 483
483 2849
484 3035
484 4269
485 2187
485 2590
486 728
486 2662
487 4908
488 1473
488 5122
489 4244
489 5224
490 500
490 5263
491 4927
491 5211
492 3625
492 5121
493 5121
493 5294
494 3501
494 3523
495 4512
495 5121
496 3062
496 3085
497 3483
497 3502
498 535
498 3422
499 3452
499 5294
500 5264
501 4463
501 4956
502 4300
502 5104
503 2837
503 4956
504 3852
504 4823
505 2405
505 5248
506 2488
506 5244
507 652
507 680
508 3308
508 4269
509 3035
510 2692
510 3326
511 3138
511 5044
512 2204
512 2400
513 519
513 3937
514 5286
515 3101
515 4605
516 4358
516 4684
517 522
517 5210
518 3382
518 3507
519 3937
519 4727
520 3462
520 5120
521 524
521 4084
522 525
523 528
523 4778
524 3321
525 5211
526 3482
526 4475
527 532
527 5052
528 566
529 532
529 4875
530 2817
530 4288
531 564
531 4288
533 3721
533 4476
534 563
534 3989
535 3502
536 3095
536 5244
537 1295
537 2817
538 567
538 5250
539 3418
539 3486
540 3088
540 3860
541 2962
541 5054
542 2407
542 5100
543 3069
543 4476
544 558
544 4028
545 4351
545 4956
546 3437
546 4757
547 3836
547 4475
548 2864
548 4242
549 3927
549 5052
550 4457
550 4519
551 4515
551 5236
552 2472
552 4468
553 4273
553 4664
554 581
554 1210
555 4030
555 4823
556 3482
556 4778
557 3871
557 3884
558 4384
559 562
559 4468
560 569
560 2342
561 3695
561 4727
562 3224
563 4757
564 3341
565 2745
565 4028
566 3836
567 3715
568 640
568 4603
569 4598
570 4273
570 5120
571 1756
571 1757
572 4891
573 2213
573 4915
574 2186
574 3341
575 2320
575 4081
576 2320
576 4814
577 2200
578 2594
578 4441
579 2842
579 5102
580 2321
580 3333
581 3927
582 585
582 2940
583 587
583 2360
584 2322
584 3391
585 2324
586 588
586 4876
587 2174
588 605
589 605
589 2335
590 599
590 3344
591 829
591 3913
592 828
592 3500
593 2789
593 2790
594 2326
594 3819
595 2327
595 2776
596 3166
596 3167
597 2328
597 4917
598 3446
598 4943
599 2068
600 2341
600 3630
601 3475
601 5037
602 4077
602 4914
603 4077
603 4814
604 4077
604 4814
605 4876
606 5270
607 2201
607 3809
608 2330
608 5227
609 3598
609 3913
610 2377
610 4437
611 3459
611 4437
612 2330
612 4643
613 3459
613 4943
614 665
614 5237
615 2598
615 3520
616 2379
616 3883
617 644
617 5264
618 3335
618 4914
619 2319
619 4914
620 3598
620 5227
621 2213
621 2465
622 3598
622 4385
623 3674
623 4727
624 3859
624 4807
625 2202
625 2206
626 630
626 5122
627 641
627 3001
628 4351
628 4352
629 3001
629 4539
630 829
630 5122
631 806
631 2684
632 3341
632 4942
633 4448
633 5226
634 2840
634 3626
635 2757
635 4468
636 2610
636 4519
637 5122
637 5299
638 1972
638 5264
639 4062
639 4539
640 2347
641 4323
642 725
642 2414
643 3821
643 4885
644 650
645 4058
645 5228
646 3386
646 4699
647 2766
647 4760
648 677
648 5241
649 2816
649 3263
650 3705
651 2197
651 2491
652 4642
653 1353
653 5207
654 1632
654 4244
655 3840
655 4084
656 4084
656 4319
657 659
657 941
658 2069
658 4727
659 5183
660 2374
660 4253
661 2846
661 4253
662 2054
662 2203
663 4319
663 5248
664 4319
664 5248
665 4572
666 4058
666 4806
667 4255
667 4946
668 3346
668 3488
669 2753
669 4886
670 2846
670 4946
671 3749
671 5016
672 3335
672 4943
673 4319
673 4956
674 4319
674 4956
675 2341
675 5041
676 2729
676 3335
677 4554
678 2204
678 5211
679 2491
679 4038
680 4875
681 4038
681 4333
682 3588
682 5151
683 4253
683 4333
684 3745
684 4945
685 687
685 4100
686 689
686 727
687 2413
687 4100
688 691
688 727
689 695
690 693
690 697
691 4814
692 694
692 2381
693 703
694 3864
695 727
695 4814
696 702
696 4074
697 727
698 2386
698 5175
699 2427
699 3851
700 3671
700 5238
701 2205
701 2304
702 709
703 4814
704 2388
704 5223
705 2741
705 2942
706 2741
706 2943
707 3266
707 4447
708 712
708 2169
709 4065
709 4074
710 712
710 2313
711 755
711 2316
713 3344
713 5264
714 1060
714 4462
715 3031
715 3846
716 3156
716 4356
717 3845
717 4210
718 3719
718 4545
719 4675
719 5056
720 2404
720 4669
721 2855
722 3913
722 5226
723 2537
723 5263
724 3268
724 5204
725 5187
726 2290
726 2316
727 4100
729 755
729 1424
730 1424
730 2316
731 4107
731 5212
732 758
732 2394
733 2404
733 3671
734 4643
734 4806
735 742
735 3678
736 2944
736 2945
737 3636
737 4891
738 4175
738 5197
739 3909
739 4249
740 2583
740 3754
741 747
741 2422
742 787
743 2423
743 3071
744 1564
744 2942
745 3833
745 4720
746 2179
746 2303
747 3898
748 4891
748 5012
749 2817
749 4944
750 2415
750 4721
751 3344
751 5183
752 4676
752 4684
753 4267
753 4944
754 3887
754 4902
756 2825
756 3636
757 2210
757 2997
758 4813
759 762
759 4512
760 767
760 3071
761 4891
761 5233
762 763
762 4512
764 3636
764 4891
765 3755
765 5023
766 771
766 3898
767 5293
768 3953
768 4949
769 2231
769 3713
770 2211
770 2821
771 5286
772 3352
772 5233
773 2384
773 4356
774 4474
774 5003
775 784
775 1039
776 2384
776 4356
777 2427
777 4009
778 1067
778 3832
779 4228
779 5101
780 783
780 941
781 1343
781 2867
782 2314
782 4545
783 4674
784 1039
784 2799
785 3889
785 4075
786 790
786 4389
787 2944
788 2363
788 3610
789 799
789 3165
790 5238
791 4460
791 5229
792 1546
792 5297
793 2363
793 3525
794 4123
794 5018
795 4749
795 5134
796 2351
796 5296
797 806
797 4902
798 2816
798 4544
799 3544
800 1633
800 5297
801 1248
801 2351
802 805
802 5297
803 1045
803 4514
804 1045
804 2695
805 2175
807 4414
807 4969
808 2212
808 2305
809 2618
809 4414
810 2801
810 4969
811 4694
811 5090
812 2214
812 3289
813 3626
813 4098
814 2214
814 3289
815 2214
815 3620
816 2215
816 3289
817 3923
817 4721
818 4386
818 5070
819 4098
819 5286
820 3433
820 5029
821 2460
821 3620
822 3433
822 5108
823 837
823 855
825 2464
825 4265
826 4175
826 4997
827 843
827 848
828 4551
830 3445
830 5258
831 3911
831 4868
832 2466
832 3918
833 2371
833 5233
834 2467
834 5028
835 5020
835 5028
836 3817
836 5008
837 855
837 2155
838 2450
838 2474
839 843
839 4264
840 2371
840 3544
841 2216
841 3817
842 4298
842 5089
843 4264
844 2451
844 5089
845 925
845 3895
846 2451
846 4562
847 1377
847 1416
848 3317
849 4042
849 5032
850 2086
850 5032
851 935
852 3253
852 3549
853 3303
853 4035
854 940
854 2219
855 2155
855 2299
856 858
856 1961
857 861
857 3810
858 5141
859 2451
859 4888
860 880
860 4414
861 2482
862 3303
862 3356
863 2671
863 4142
864 2932
864 5287
865 4168
865 5287
866 873
866 2525
867 4039
867 4774
868 4039
868 5162
869 4491
869 5162
870 1191
870 5162
871 3273
871 3697
872 2502
872 5162
873 4250
874 897
874 3727
875 5013
875 5017
876 3810
876 4820
877 4423
877 4820
878 3007
878 4820
879 2412
879 3292
880 3727
881 3645
881 4168
882 3562
882 4423
883 3708
883 4882
884 4117
884 4819
885 2932
885 3645
886 4533
886 4774
887 889
887 4774
888 893
888 4053
889 936
890 3562
890 4774
891 4604
891 5238
892 905
892 5163
893 3540
894 1189
894 5163
895 4491
895 5163
896 2217
896 3971
897 904
898 2502
898 5163
899 3949
899 5232
900 2502
900 4313
901 3499
901 4569
902 948
902 2584
903 1075
903 1078
904 920
905 909
906 3914
906 5013
907 3152
907 4569
908 919
908 4819
909 1070
910 916
910 4604
911 4569
911 4819
912 982
912 4819
913 3895
913 5009
914 943
914 958
915 918
915 4669
916 4458
917 927
917 4988
918 2508
919 4569
920 5161
921 2072
921 2857
922 2220
922 3601
923 4987
923 5088
924 2217
924 3928
925 5008
926 2526
926 4227
927 3794
928 4179
928 4895
929 3549
929 4882
930 3052
930 3800
931 3438
931 4761
932 3270
932 5088
933 940
933 3270
934 2432
934 2503
935 5097
936 5163
937 4263
937 4670
938 5183
938 5184
939 1609
939 3082
942 4815
942 5088
943 3978
944 3467
944 4429
945 3263
945 4670
946 4482
946 5185
947 951
947 972
948 2584
948 5287
949 972
949 1079
950 2221
950 2644
951 1079
952 1205
952 4988
953 2528
953 3798
954 2224
954 4800
955 972
955 991
956 3878
956 5060
957 5166
957 5167
958 4545
959 1079
959 2109
960 1202
960 2346
961 1202
961 2346
962 2224
962 2346
963 991
963 1031
964 2457
964 5185
965 3978
965 4339
966 3444
966 4670
967 3756
967 4698
968 3659
968 5090
969 4482
969 5197
970 3659
970 4108
971 4389
971 4543
973 4582
973 4692
974 3701
974 4692
975 3742
975 4692
976 2376
976 5169
977 2457
977 5184
978 1027
978 4928
979 4835
979 5157
980 3777
980 3983
981 3357
981 5148
982 3794
983 2223
983 4227
984 2552
984 4677
985 3812
985 5175
986 3978
986 4227
987 3078
987 3222
988 3101
988 3631
989 2760
989 3222
990 4147
990 4425
991 1031
992 3993
992 4622
993 2970
993 3986
994 4622
994 5158
995 3222
995 3975
996 5238
996 5267
997 3818
997 4596
998 4185
998 4543
999 2565
999 4023
1000 1005
1000 4051
1001 3934
1001 5172
1002 1077
1002 4051
1003 2554
1003 4933
1004 1021
1004 3775
1005 4031
1006 2375
1006 4068
1007 3705
1007 4482
1008 3357
1008 5182
1009 4013
1009 5156
1010 3116
1010 5221
1011 2573
1011 3856
1012 2568
1012 3600
1013 2573
1013 3855
1014 2967
1014 3774
1015 2569
1015 4055
1016 4144
1016 4336
1017 3854
1017 3855
1018 4436
1018 4798
1019 2569
1019 3760
1020 1064
1020 4798
1021 5033
1022 3163
1022 4055
1023 1029
1023 1094
1024 1038
1024 5158
1025 2993
1025 4031
1026 3760
1026 5219
1027 5148
1028 3993
1028 5033
1029 1077
1030 4140
1030 5218
1031 1082
1032 1039
1032 3668
1033 3091
1033 4339
1034 1047
1034 3936
1035 3936
1035 4494
1036 4175
1036 5182
1037 2226
1037 4218
1038 3993
1040 3703
1040 3854
1041 1066
1041 2430
1042 3849
1042 5095
1043 3703
1043 3855
1044 2655
1044 5159
1046 2903
1046 2919
1047 4435
1048 3849
1048 5094
1049 2226
1049 5185
1050 4131
1050 4848
1051 3417
1051 4858
1052 3615
1052 4359
1053 2842
1053 3693
1054 4024
1054 4849
1055 1077
1055 4051
1056 2612
1056 5152
1057 2017
1057 3908
1058 4218
1058 5185
1059 2162
1059 4141
1060 4675
1061 2157
1061 4095
1062 2610
1062 4981
1063 1190
1063 5044
1064 4013
1065 4086
1065 5152
1066 5096
1067 4075
1068 5214
1068 5215
1069 3174
1069 4660
1070 5088
1071 3780
1071 4508
1072 2663
1072 3293
1073 2615
1073 4067
1074 2516
1074 3179
1075 3301
1076 2140
1076 2295
1078 3872
1080 2618
1080 4920
1081 2227
1081 2617
1082 3434
1083 3293
1083 4047
1084 2617
1084 4613
1085 2222
1086 2090
1086 4426
1087 2731
1087 4304
1088 3029
1088 4519
1089 2512
1089 2513
1090 2513
1090 2515
1091 2512
1091 2514
1092 1094
1092 1097
1093 2228
1093 2512
1095 2979
1095 5216
1096 1112
1096 2515
1097 2685
1098 2504
1098 4178
1099 3250
1099 5263
1100 5216
1100 5217
1101 3656
1101 5215
1102 2578
1102 4105
1103 3093
1103 5222
1104 3216
1104 4613
1105 1113
1105 3656
1106 3216
1106 3536
1107 2507
1108 3536
1108 3915
1109 1117
1109 1118
1110 2188
1110 4332
1111 3653
1111 4112
1112 3179
1113 4797
1115 3179
1115 4548
1116 1117
1116 1118
1118 3762
1119 4429
1119 5152
1120 4178
1120 4613
1121 3185
1121 3912
1122 3133
1122 3897
1123 3712
1123 4818
1124 1130
1124 4639
1125 4522
1125 5217
1126 2600
1126 4797
1127 3883
1127 5137
1128 1143
1128 2651
1129 1135
1129 1137
1130 3236
1131 4797
1131 5217
1132 1165
1132 3174
1133 4016
1133 4139
1134 2153
1134 2218
1135 4969
1136 1145
1136 4971
1137 4920
1138 5206
1138 5217
1139 4817
1139 5217
1140 2581
1140 4679
1141 4817
1141 5093
1142 4107
1142 4822
1143 2651
1143 3935
1144 1606
1144 1662
1145 2653
1146 1662
1146 2657
1147 2626
1147 4011
1148 1606
1148 3314
1149 4393
1149 4395
1150 4156
1150 4924
1151 1155
1151 4736
1152 4016
1152 4402
1153 1156
1153 3314
1154 2233
1154 2657
1155 1161
1156 3617
1157 4393
1157 4396
1158 3260
1158 3617
1159 3145
1159 5145
1160 1218
1160 3260
1161 3076
1161 4736
1162 4016
1162 5206
1163 1218
1163 4920
1164 3123
1164 4818
1165 2234
1166 4112
1166 4972
1167 3855
1167 3856
1168 4230
1168 4843
1169 4137
1169 5137
1170 4055
1170 5220
1171 3348
1171 4476
1172 4350
1172 5206
1173 2625
1173 4674
1174 2575
1174 4350
1175 2664
1175 5114
1176 3636
1176 4350
1177 4584
1177 5184
1178 2575
1178 5012
1179 3703
1179 3856
1180 4699
1180 5101
1181 3693
1181 5101
1182 4699
1182 5100
1183 2455
1183 4126
1184 3474
1184 4699
1185 2499
1185 4002
1186 4313
1186 5161
1187 4172
1187 4938
1188 2625
1188 3588
1189 4170
1190 2235
1191 3727
1192 2626
1192 4678
1193 4713
1193 4997
1194 2236
1194 2770
1195 4049
1195 4364
1196 3068
1196 4299
1197 2332
1197 4166
1198 2522
1198 3802
1199 3730
1199 4587
1200 2393
1200 4928
1201 2884
1201 4457
1202 2346
1202 4108
1203 2447
1203 2448
1204 1346
1204 3273
1205 3447
1206 4287
1206 4449
1207 4299
1207 5164
1208 2082
1208 3397
1209 3815
1209 4207
1210 3927
1210 5052
1211 2680
1211 3044
1212 2130
1212 2788
1213 4178
1213 4889
1214 3827
1214 4889
1215 2691
1215 4444
1216 2329
1216 4889
1217 3909
1217 4552
1219 1233
1219 3498
1220 2459
1220 4048
1221 2702
1221 3785
1222 2624
1222 4981
1223 3785
1223 4190
1224 4370
1224 5038
1225 5008
1225 5032
1226 2696
1226 3209
1227 3255
1227 3995
1228 1304
1228 2446
1229 3694
1229 4832
1230 2452
1230 3892
1231 2801
1231 4832
1232 4175
1232 5184
1233 3498
1233 4254
1234 2708
1234 4449
1235 2107
1235 3267
1236 2406
1236 4178
1237 1266
1237 4178
1238 3102
1238 4877
1239 2627
1239 3551
1240 1270
1240 1276
1241 3796
1241 5131
1242 3692
1242 4890
1243 2807
1243 5116
1244 4180
1244 4723
1245 4289
1245 4795
1246 2716
1246 4130
1247 2670
1247 3260
1248 1260
1249 1318
1249 1412
1250 1500
1250 5181
1251 3868
1251 4809
1252 1258
1252 2447
1253 3355
1253 5181
1254 3995
1254 4043
1255 3611
1255 4856
1256 3355
1256 4446
1257 2114
1257 3364
1258 2446
1259 4340
1259 4737
1260 4531
1261 3255
1261 3995
1262 3932
1262 4048
1263 3302
1263 4773
1264 3358
1264 3509
1265 3622
1265 4877
1266 1268
1267 2115
1267 4446
1268 1653
1269 2440
1269 3364
1270 4446
1271 3364
1271 5297
1272 4451
1272 5174
1273 3682
1273 4428
1274 3594
1274 5147
1275 1282
1275 5297
1276 3302
1277 2403
1277 4340
1278 1286
1278 2403
1279 1282
1279 2440
1280 2440
1280 4446
1281 1287
1281 5296
1283 2743
1283 4061
1284 2660
1284 2661
1285 1338
1285 2506
1286 4340
1287 2506
1288 3267
1288 3932
1289 1303
1289 3044
1290 3374
1290 4703
1291 2743
1291 4061
1292 4194
1292 4742
1293 3400
1293 5251
1294 3715
1294 4778
1295 3989
1296 1298
1296 3374
1297 1630
1297 5175
1298 4220
1299 3664
1299 4404
1300 5190
1300 5191
1301 3374
1301 4220
1302 2631
1302 3870
1303 2769
1304 4048
1305 2405
1305 4742
1306 1430
1306 4043
1307 4220
1307 5191
1308 4285
1308 4764
1309 3995
1309 5146
1310 4114
1310 4563
1311 2237
1311 2307
1312 1341
1312 2172
1313 1323
1313 3815
1314 3932
1314 4048
1315 4070
1315 5239
1316 3003
1316 4208
1317 2631
1317 4492
1318 3355
1319 3044
1319 4207
1320 1323
1320 4208
1321 4373
1321 5182
1322 1780
1322 3619
1324 1780
1324 2258
1325 2505
1325 4161
1326 2537
1326 4318
1327 4208
1327 4212
1328 2877
1328 3619
1329 1379
1329 4750
1330 2240
1330 4664
1331 1333
1331 2241
1332 1686
1332 4415
1333 2241
1333 3928
1334 2882
1334 3956
1335 1686
1335 5068
1336 2239
1336 3956
1337 4481
1337 5198
1338 4220
1339 2780
1339 4331
1340 2775
1340 4513
1341 2172
1341 3142
1342 2012
1342 3003
1343 4075
1344 2680
1344 4206
1345 2871
1345 5105
1346 1961
1346 3273
1347 2742
1347 4032
1348 2917
1348 4537
1349 2355
1349 4032
1350 3258
1350 3902
1351 3330
1351 3601
1352 1632
1352 5002
1353 4727
1354 2012
1354 4208
1355 3255
1355 3995
1356 1553
1356 5237
1357 2940
1357 3994
1358 4193
1358 4658
1359 1855
1359 3172
1360 1379
1360 3411
1361 2244
1361 4245
1362 1436
1362 2779
1363 3601
1363 4301
1364 4406
1364 4686
1365 2638
1365 5066
1366 3769
1366 4403
1367 4518
1367 4755
1368 2887
1368 5036
1369 3769
1369 4152
1370 2690
1370 2779
1371 3769
1371 4152
1372 3395
1372 4901
1373 2805
1373 4507
1374 2806
1374 4636
1375 4422
1375 5193
1376 2243
1376 3994
1377 5008
1378 2810
1378 4557
1380 1386
1380 2810
1381 3442
1381 3944
1382 2294
1382 2302
1383 2810
1383 4558
1384 1413
1384 4558
1385 1403
1385 4342
1386 3055
1387 1390
1387 3944
1388 1406
1388 4014
1389 2812
1389 4341
1390 2773
1390 3944
1391 4606
1391 4649
1392 1406
1392 2812
1393 2796
1393 5281
1394 1437
1394 4606
1395 1401
1395 4606
1396 3207
1396 3877
1397 4429
1397 4578
1398 3442
1398 3944
1399 4502
1399 4606
1400 1833
1400 3877
1401 4177
1402 1833
1402 1860
1403 2796
1404 4633
1404 4634
1405 1408
1405 4331
1407 2150
1407 4446
1408 2368
1409 3769
1409 4152
1410 3267
1410 3994
1411 3587
1411 5295
1412 5180
1413 4014
1414 3471
1414 4634
1415 3055
1415 4557
1416 3632
1416 5008
1417 2866
1417 4601
1418 3055
1418 3573
1419 4455
1419 4743
1420 4341
1420 4743
1421 4633
1421 4743
1422 4006
1422 5107
1423 3186
1423 5116
1424 3832
1425 2994
1425 4649
1426 1432
1426 4960
1427 3733
1427 5003
1428 2880
1428 3287
1429 3858
1429 4609
1430 5146
1431 2245
1431 2880
1432 4177
1433 1436
1433 3769
1434 2251
1434 3942
1435 1751
1435 2880
1436 3769
1437 4177
1438 1579
1438 3664
1439 2564
1439 4600
1440 3469
1440 4652
1441 1518
1441 2401
1442 2849
1442 3305
1443 3706
1443 4502
1444 1682
1444 4328
1445 3706
1445 4237
1446 2882
1446 5105
1447 1465
1447 5129
1448 2917
1448 4790
1449 2833
1449 3977
1450 3977
1450 4983
1451 4403
1451 4601
1452 4012
1452 4984
1453 3279
1453 4403
1454 2246
1454 4649
1455 2411
1455 3858
1456 1458
1456 4713
1457 1577
1457 4648
1458 3705
1458 4713
1459 2892
1459 3306
1460 1487
1460 5255
1461 3577
1461 4940
1462 3928
1462 3971
1463 2690
1463 3769
1464 2444
1464 2445
1465 2858
1466 3512
1466 5279
1467 2723
1467 4005
1468 1470
1468 5034
1469 2247
1469 4251
1470 2909
1471 1480
1471 3669
1472 2917
1472 4790
1473 4184
1474 2665
1474 2998
1475 4277
1475 5042
1476 3186
1476 4434
1477 1483
1477 4044
1478 3493
1478 4669
1479 2862
1479 5031
1480 3409
1480 3669
1481 1569
1481 3828
1482 4668
1482 5108
1483 4035
1484 3709
1484 4608
1485 2881
1485 4934
1486 2832
1486 4986
1487 4495
1488 1765
1488 3709
1489 2606
1489 3594
1490 2248
1490 3921
1491 1492
1491 2170
1492 2170
1493 1787
1493 3414
1494 1787
1494 3414
1495 1517
1495 1527
1496 4007
1496 5067
1497 4317
1497 5031
1498 2170
1498 3958
1499 1658
1499 2984
1500 4196
1501 5143
1501 5144
1502 4019
1502 4050
1503 1577
1503 4151
1504 2738
1504 5238
1505 2409
1505 4933
1506 3646
1506 5031
1507 2677
1507 4637
1508 4317
1508 4661
1509 3448
1509 4029
1510 3411
1510 4676
1511 4461
1511 4879
1512 1563
1512 2296
1513 3427
1513 4776
1514 4181
1514 4879
1515 3567
1515 5281
1516 2677
1516 4722
1517 4722
1518 3769
1519 3963
1519 3964
1520 2677
1520 4040
1521 4776
1521 5007
1522 2626
1522 4519
1523 1529
1523 4237
1524 2463
1524 4607
1525 2141
1525 4577
1526 4418
1526 5268
1527 2795
1528 3766
1528 4464
1529 4577
1530 4317
1530 5008
1531 3974
1531 4891
1532 3351
1532 3576
1533 4010
1533 4856
1534 3312
1534 3576
1535 4312
1535 5009
1536 4177
1536 4648
1537 4218
1537 4677
1538 1544
1538 5232
1539 3407
1539 5007
1540 1548
1540 2742
1541 3574
1541 4003
1542 4445
1542 5143
1543 3448
1543 4050
1544 2348
1545 2932
1545 5232
1546 2351
1547 1565
1547 3976
1548 4050
1549 2742
1549 3448
1550 3722
1550 5298
1551 2323
1551 3546
1552 2355
1552 4046
1553 4093
1554 3107
1554 3546
1555 1567
1555 3958
1556 2785
1556 5233
1557 4044
1557 4250
1558 4228
1558 5101
1559 2323
1559 2325
1560 1592
1560 1602
1561 2325
1561 4443
1562 4403
1562 4600
1563 2773
1564 2935
1564 2942
1565 3905
1566 2489
1566 3634
1567 4650
1568 3779
1568 4445
1569 4668
1570 1574
1570 4046
1571 1760
1571 2473
1572 2603
1572 3474
1573 3347
1573 3965
1574 4606
1575 1760
1575 5115
1576 2250
1576 4245
1578 4177
1578 4607
1579 5118
1580 2549
1580 4857
1581 3036
1581 4172
1582 3493
1582 5035
1583 4672
1583 4939
1584 4262
1584 4977
1585 2957
1585 5265
1586 3443
1586 3866
1587 3973
1587 4348
1588 3543
1588 4985
1589 1626
1589 1750
1590 2939
1590 4984
1591 2355
1591 4152
1592 3958
1593 1774
1593 4932
1594 4621
1594 4932
1595 3162
1595 4932
1596 4233
1596 4932
1597 3279
1597 4606
1598 3509
1598 4648
1599 3212
1599 3917
1600 1698
1600 4621
1601 3042
1601 4687
1602 3442
1603 3284
1603 4962
1604 2232
1604 2728
1605 2352
1605 4292
1606 3314
1607 2599
1607 4064
1608 1650
1608 4199
1609 4815
1610 3153
1610 3588
1611 3283
1611 4523
1612 4644
1612 5257
1613 4197
1613 4881
1614 4252
1614 4638
1615 1640
1615 4736
1616 3073
1616 3076
1617 4547
1617 5253
1618 2338
1618 4001
1619 4629
1619 4856
1620 3228
1620 3286
1621 2980
1621 5199
1622 4180
1622 5199
1623 2352
1623 3621
1624 1631
1624 2353
1625 2249
1625 2309
1626 1750
1626 1774
1627 3504
1627 4639
1628 2431
1628 4523
1629 1654
1629 3635
1630 5244
1631 4639
1633 2351
1634 2252
1634 4531
1635 3924
1635 4480
1636 2468
1636 4531
1637 2975
1637 4228
1638 2353
1638 4022
1639 4071
1639 4719
1640 1697
1641 3218
1641 4719
1642 3838
1642 4022
1643 2457
1643 4584
1644 1666
1644 3830
1645 3967
1645 4524
1646 3218
1646 5235
1647 4159
1647 5235
1648 4159
1648 5049
1649 5125
1649 5238
1650 2977
1651 2783
1651 4316
1652 4045
1652 5051
1653 2504
1654 5143
1655 2036
1655 4469
1656 1665
1656 5140
1657 2818
1657 5100
1658 5267
1659 4404
1659 5118
1660 2656
1660 3947
1661 4930
1661 4931
1663 3272
1663 5254
1664 2253
1664 5255
1665 3297
1666 4549
1667 2476
1667 4439
1668 2371
1668 3974
1669 1716
1669 4509
1670 4358
1670 4982
1671 3466
1671 4644
1672 1716
1672 3316
1673 3030
1673 5254
1674 2209
1674 3959
1675 3662
1675 5283
1676 3030
1676 4088
1677 2179
1677 2314
1678 3611
1678 5119
1679 3316
1679 5030
1680 4213
1680 5034
1681 2389
1681 3398
1682 5285
1683 3679
1683 5030
1684 1689
1684 4177
1685 4652
1685 5128
1687 3955
1687 4593
1688 1694
1688 5251
1689 4961
1690 5251
1690 5252
1691 1720
1691 5030
1692 3672
1692 5252
1693 3331
1693 5130
1694 4652
1695 1720
1695 5110
1696 3469
1696 5250
1697 3073
1697 4736
1698 3212
1699 2426
1699 4865
1700 2254
1700 4831
1701 3053
1701 4467
1702 1977
1702 4658
1703 2340
1703 3981
1704 2524
1704 5113
1705 2524
1705 5113
1706 3875
1706 5113
1707 2276
1707 4391
1708 4647
1708 5113
1709 3875
1709 4284
1710 3875
1710 4647
1711 1746
1711 3826
1712 2398
1712 4580
1713 2257
1713 3227
1714 3728
1714 4256
1715 1721
1715 4856
1716 3316
1717 3162
1717 4930
1718 1827
1718 2242
1719 4284
1719 5077
1721 5117
1722 1726
1722 4113
1723 3155
1723 5110
1724 1730
1724 5077
1725 2438
1725 5046
1726 2419
1727 2999
1727 5111
1728 3110
1728 4404
1729 2198
1729 2999
1730 4812
1731 2934
1731 4306
1732 2421
1732 4380
1733 2688
1733 4157
1734 2459
1734 4658
1735 3162
1735 4683
1736 2472
1736 5265
1737 4157
1737 4812
1738 4401
1738 4580
1739 3159
1739 5119
1740 4195
1740 4580
1741 4647
1741 5110
1742 2646
1742 2728
1743 2432
1743 4401
1744 4157
1744 5110
1745 2541
1745 5110
1746 1756
1747 3611
1747 4629
1748 3784
1748 5187
1749 2255
1749 3938
1750 4932
1751 2251
1752 2376
1752 5170
1753 3242
1753 5109
1754 4536
1754 5170
1755 3131
1755 4345
1757 3826
1758 4683
1758 5077
1759 3979
1759 4275
1761 2256
1761 4666
1762 4363
1762 5289
1763 2393
1763 4928
1764 3242
1764 4851
1765 4650
1766 2368
1766 4287
1767 3504
1767 4683
1768 4306
1768 5118
1769 4626
1769 5049
1770 1917
1770 2285
1771 4573
1771 5049
1772 2291
1772 5109
1773 4001
1773 4828
1774 2257
1775 4282
1775 4573
1776 3218
1776 5234
1777 3159
1777 3169
1778 3169
1778 4851
1779 4851
1779 5108
1781 4076
1781 4666
1782 2259
1782 3870
1783 2106
1783 4861
1784 2106
1784 4861
1785 3646
1785 5030
1786 1791
1786 3926
1787 5032
1788 2631
1788 4666
1789 2561
1789 4010
1790 2102
1790 3580
1791 1796
1791 3926
1792 3580
1792 4157
1793 1824
1793 3870
1794 3580
1794 5078
1795 4212
1795 4665
1796 3130
1797 2561
1797 4223
1798 1910
1798 4962
1799 2650
1799 3686
1800 2242
1800 3390
1801 1816
1801 4223
1802 4263
1802 5035
1803 1932
1803 1933
1804 2261
1804 5061
1805 4662
1805 5071
1806 4060
1806 4630
1807 2523
1807 4122
1808 4531
1808 5076
1809 2650
1809 5076
1810 2180
1810 5076
1811 3376
1811 4399
1812 4720
1812 4771
1813 4409
1813 4631
1814 3026
1814 4873
1815 1832
1815 5293
1816 5293
1817 2262
1817 4665
1818 3058
1818 4631
1819 2555
1819 5289
1820 4060
1820 4305
1821 3846
1821 4865
1822 4305
1822 4631
1823 2263
1823 4662
1824 2368
1825 3350
1825 3923
1826 3148
1826 3548
1827 2308
1828 2595
1828 4873
1829 3568
1829 4503
1830 3823
1830 4808
1831 2991
1831 4346
1832 2244
1834 1850
1834 4878
1835 4229
1835 5071
1836 4228
1836 5044
1837 3118
1837 4951
1838 2595
1838 4873
1839 2595
1839 3164
1840 3164
1840 4493
1841 2499
1841 5103
1842 3214
1842 4771
1843 3110
1843 3169
1844 2740
1844 2989
1845 3118
1845 3773
1846 2592
1846 2740
1847 2265
1847 4550
1848 1853
1848 2265
1849 4306
1849 5117
1850 3773
1851 1853
1851 4782
1852 2266
1852 4695
1854 2266
1854 2596
1855 4502
1856 1871
1856 5076
1857 1890
1857 4787
1858 3570
1858 4787
1859 4787
1859 4788
1860 4634
1861 3051
1861 3570
1862 3570
1862 4788
1863 2310
1863 3878
1864 4223
1864 5292
1865 1869
1865 4219
1866 4219
1866 4781
1867 3342
1867 5071
1868 1874
1868 3051
1869 3492
1870 1877
1870 1940
1871 4493
1871 5076
1872 1874
1872 4561
1873 1885
1873 1931
1875 1885
1875 1888
1876 4306
1876 4629
1877 2275
1878 3171
1878 3647
1879 1889
1879 1983
1880 4229
1880 5071
1881 1931
1881 4561
1882 2934
1882 3611
1883 4103
1883 4561
1884 4561
1884 4786
1886 3807
1886 4808
1887 2278
1887 4786
1888 1973
1889 4800
1890 2596
1890 4787
1891 3113
1891 4788
1892 2969
1892 4486
1893 3492
1893 4788
1894 2595
1894 4873
1895 2270
1895 3688
1896 1901
1896 3180
1897 2279
1897 4788
1898 2418
1898 4662
1899 4223
1899 5293
1900 2271
1900 2279
1901 3180
1901 5292
1902 3587
1902 4160
1903 2735
1903 4730
1904 4400
1904 4730
1905 2272
1905 4000
1906 3164
1906 4493
1907 3188
1907 4688
1908 3243
1908 4688
1909 4488
1909 4993
1910 4666
1911 2273
1911 3477
1912 2961
1912 4400
1913 2274
1913 3208
1914 2592
1914 4729
1915 2225
1915 4191
1916 3024
1916 3587
1917 2285
1917 3342
1918 3484
1918 4555
1919 1925
1919 2595
1920 2269
1920 4380
1921 4555
1921 4995
1922 2047
1922 4555
1923 3807
1923 4226
1924 2369
1924 4239
1925 2595
1925 4493
1926 4223
1926 4549
1927 4400
1927 4688
1928 3477
1928 5071
1929 4167
1929 4729
1930 4073
1930 4400
1931 1973
1932 3214
1933 3214
1934 3011
1934 4240
1935 3011
1935 4768
1936 3667
1936 4526
1937 2047
1937 4993
1938 1976
1938 4994
1939 2267
1939 4555
1940 3051
1941 1948
1941 4785
1942 3217
1942 4550
1943 3180
1943 4549
1944 3478
1944 4488
1945 1948
1945 3217
1946 4167
1946 4785
1947 2260
1947 4785
1948 4785
1949 3079
1949 4695
1950 2276
1950 2947
1951 4707
1951 4993
1952 4368
1952 4962
1953 2362
1953 4709
1954 2008
1954 4659
1955 4010
1955 4549
1956 3629
1956 4303
1957 2268
1957 4659
1958 1961
1959 1968
1959 4167
1960 4376
1960 4377
1962 4223
1962 5293
1963 2803
1963 4179
1964 4223
1964 5292
1965 2735
1965 4167
1966 2278
1966 2311
1967 2277
1967 2787
1968 4769
1969 2311
1969 2836
1970 2047
1970 4993
1971 4488
1971 4992
1972 1994
1972 5264
1973 1983
1974 4002
1974 4390
1975 3537
1975 4169
1976 2787
1977 3131
1977 4658
1978 3793
1978 4781
1979 2543
1979 4950
1980 3793
1980 4550
1981 3037
1981 4172
1982 2283
1982 3793
1983 4561
1984 2003
1984 2283
1985 2047
1985 4555
1986 2282
1986 4367
1987 1989
1987 3478
1988 1997
1988 3011
1989 3478
1989 4898
1990 1997
1990 4767
1991 1993
1991 4054
1992 2280
1992 4767
1993 3205
1993 4054
1994 5264
1994 5265
1995 2280
1995 2288
1996 2003
1996 2288
1998 3701
1998 5272
1999 3271
1999 5059
2000 2442
2000 3309
2001 3273
2001 4660
2002 2281
2002 3134
2004 3900
2004 5079
2005 4246
2005 4810
2006 5268
2006 5269
2007 2285
2007 4517
2008 2947
2008 4659
2009 3742
2009 5273
2010 4172
2010 4549
2011 2959
2011 4869
2013 3697
2013 5139
2014 4124
2014 5059
2015 2020
2015 2425
2016 2286
2016 2676
2017 3908
2017 4904
2018 3206
2019 3342
2019 3874
2020 2425
2020 4992
2021 3846
2021 4658
2022 2075
2022 2289
2023 4297
2024 4379
2024 4380
2025 2532
2025 4898
2026 4278
2026 4898
2027 4411
2027 5104
2028 2081
2028 4426
2029 2336
2029 4442
2030 2043
2030 4520
2031 2410
2031 2809
2032 3187
2032 5078
2033 3751
2033 4728
2034 2532
2034 4898
2035 2336
2035 4807
2036 2916
2037 2168
2037 4869
2038 3282
2038 4276
2039 2058
2039 3922
2040 3271
2040 4663
2041 4189
2041 4898
2042 2959
2042 4189
2043 4794
2044 3698
2044 5271
2045 2057
2045 3537
2046 5271
2046 5272
2048 3480
2048 4598
2049 4189
2049 4870
2050 3309
2050 5272
2051 2159
2051 5006
2052 3309
2052 5006
2053 3428
2053 5006
2054 4191
2055 2337
2055 4870
2056 2159
2056 2658
2057 5124
2058 2076
2059 3311
2059 4278
2060 5125
2060 5299
2061 3288
2061 3511
2062 3822
2062 4872
2063 3428
2063 5275
2064 3633
2064 5062
2065 2168
2065 4793
2066 4087
2066 5076
2067 2959
2067 4189
2068 5264
2069 5208
2070 4929
2070 5197
2071 3604
2071 4840
2072 5088
2073 4915
2074 2287
2074 2312
2075 2289
2075 4278
2076 4592
2077 2359
2077 3187
2078 2337
2078 4870
2079 3627
2079 4592
2080 4424
2080 5082
2081 2291
2081 4426
2082 3358
2083 4472
2083 4765
2084 2700
2084 3460
2085 2518
2085 4252
2086 5118
2087 2088
2087 2290
2088 2290
2089 3165
2089 5012
2090 2291
2090 4426
2091 3696
2091 5114
2092 4234
2092 5107
2093 2298
2093 5238
2094 2852
2094 3517
2095 3767
2095 4987
2096 3292
2096 5232
2097 2520
2097 3976
2098 3771
2098 4366
2099 2101
2099 3526
2100 2101
2100 3526
2101 3526
2102 4812
2103 4773
2103 5188
2104 2675
2104 4761
2105 2649
2105 3685
2106 3432
2107 3995
2108 3088
2108 5249
2109 2293
2110 2294
2110 4369
2111 2681
2111 4900
2112 3506
2112 4703
2113 4278
2114 4773
2115 2440
2116 2819
2116 2820
2117 3696
2117 5164
2118 2317
2118 4149
2119 4098
2119 5232
2120 3819
2120 5208
2121 2479
2121 2487
2122 3216
2122 4357
2123 3286
2123 3621
2124 3798
2124 5219
2125 3463
2125 4120
2126 2576
2126 5249
2127 2201
2127 4945
2128 2533
2128 4355
2129 3968
2129 5190
2130 5061
2131 3460
2132 2206
2132 2465
2133 2620
2133 3814
2134 2693
2134 4374
2135 2871
2135 4285
2136 2933
2136 4705
2137 3797
2138 2855
2138 4532
2139 5276
2140 2406
2141 2763
2142 5011
2143 2296
2143 2315
2144 4208
2144 4212
2145 2297
2145 4512
2146 3704
2146 5207
2147 3193
2147 3974
2148 2475
2148 4900
2149 3813
2149 4953
2150 5188
2151 2231
2151 2306
2152 2465
2153 4971
2154 2537
2154 4318
2155 4233
2156 4608
2156 4962
2157 2685
2158 4687
2158 5057
2160 3228
2160 5297
2161 2300
2161 2332
2162 4000
2163 3596
2163 4147
2164 4701
2165 2301
2165 4751
2166 3294
2166 4653
2167 2178
2167 3756
2169 2316
2170 2315
2171 4112
2171 4575
2172 4609
2173 2208
2173 5232
2174 4085
2175 4610
2176 4260
2176 4827
2177 3449
2177 4621
2178 3756
2178 5168
2180 4662
2180 5076
2181 3567
2181 5283
2182 3224
2183 3362
2183 4721
2184 5119
2185 4168
2185 5259
2186 3341
2186 4943
2187 2590
2187 5121
2188 2572
2188 4332
2189 5011
2190 5012
2192 4483
2193 3951
2194 2412
2194 3645
2195 5294
2196 4269
2197 4333
2198 4157
2199 5012
2201 4945
2202 2213
2203 4866
2205 4075
2207 5121
2208 4058
2208 5232
2209 5266
2210 5293
2211 2820
2212 3336
2215 3289
2215 3368
2216 3064
2217 3928
2218 4855
2219 5092
2220 5185
2221 3447
2222 2292
2223 2298
2225 2721
2225 4191
2227 3185
2228 2515
2229 4797
2229 5217
2230 3913
2231 2306
2232 4687
2233 3617
2234 2238
2235 3138
2235 5044
2236 2770
2236 4095
2237 4208
2238 2264
2238 3174
2239 5252
2240 5292
2241 3928
2241 3969
2242 2308
2243 3994
2243 5146
2245 2251
2246 3172
2247 2665
2248 5029
2249 2786
2250 4856
2252 3504
2253 5254
2254 4860
2255 5111
2256 3870
2258 3619
2258 4161
2259 2368
2259 3870
2260 4695
2261 2310
2262 4666
2263 3390
2263 4662
2264 3174
2264 3677
2265 4550
2267 3061
2268 4878
2269 3537
2270 5292
2271 2284
2272 4000
2272 4951
2273 3477
2273 4466
2274 3208
2274 4729
2275 4786
2277 2787
2277 4146
2279 2284
2281 5138
2282 2365
2284 3570
2285 4517
2286 3673
2287 3650
2289 4794
2290 2313
2292 3338
2292 3455
2293 3702
2294 4369
2295 4890
2296 2315
2297 4079
2298 5238
2299 3236
2300 2332
2300 4516
2301 4751
2301 5204
2302 3718
2302 4369
2303 5238
2304 4065
2305 3023
2306 3545
2307 4207
2308 5077
2309 5129
2310 5061
2312 4728
2314 5238
2317 3943
2317 4546
2318 4180
2318 4572
2318 4723
2319 2729
2319 3335
2320 4943
2321 3321
2321 5210
2322 4690
2322 4876
2323 4443
2324 3255
2324 4048
2325 3857
2326 4475
2326 5244
2327 4603
2327 4876
2328 4247
2328 5054
2329 4370
2329 4888
2330 4448
2331 3759
2331 4077
2331 4081
2332 3798
2332 4516
2333 4081
2333 4813
2333 4943
2334 3933
2334 4581
2334 4957
2335 2789
2335 2790
2336 4321
2337 4520
2337 4793
2338 4827
2338 4828
2339 3749
2339 4965
2339 4966
2340 4535
2340 4597
2341 4554
2342 3927
2343 4440
2343 5026
2343 5261
2344 3968
2344 4744
2344 5192
2345 4120
2345 4485
2345 5003
2346 4479
2347 4270
2347 4946
2348 3292
2348 5232
2348 5233
2349 3616
2349 4538
2349 4539
2350 4293
2350 4697
2350 4734
2352 3286
2353 4610
2354 3336
2354 3338
2356 4072
2356 4713
2356 5196
2357 3910
2357 4795
2357 5201
2358 3884
2358 4293
2358 4697
2359 4189
2359 4898
2360 3840
2360 4085
2360 5211
2361 4087
2361 4610
2361 4638
2362 4465
2362 4784
2363 3527
2364 4038
2364 4588
2364 4949
2365 3716
2365 4076
2366 3831
2366 3970
2366 3971
2367 4293
2367 4586
2367 4697
2369 4565
2369 4687
2370 3894
2370 4215
2370 4704
2372 3891
2372 4333
2372 4947
2373 4417
2373 4843
2373 4933
2374 4588
2374 4947
2375 4436
2375 5158
2376 4188
2377 4916
2377 4917
2378 3605
2378 4289
2378 5043
2379 3948
2379 4887
2380 3679
2380 4181
2380 5029
2381 4813
2381 4814
2382 4119
2382 4637
2382 4879
2383 4586
2383 4735
2383 4826
2384 3880
2384 4814
2385 4009
2385 4065
2385 4462
2386 4438
2386 5243
2387 4009
2387 4065
2387 4462
2388 3879
2389 2865
2389 4828
2391 3565
2391 4496
2391 4896
2392 4418
2392 4750
2392 5260
2393 3721
2393 3998
2394 3786
2394 3864
2395 3869
2395 5098
2396 3280
2396 3304
2396 3305
2397 3519
2397 3524
2397 3901
2398 2399
2398 2924
2399 2924
2399 4580
2400 5248
2400 5249
2401 2779
2401 4237
2402 3921
2402 4776
2402 5010
2403 4780
2403 4921
2404 3444
2405 3862
2406 4833
2407 4090
2407 4699
2408 2686
2408 2687
2408 3363
2409 3153
2409 3588
2410 2676
2410 5060
2411 4080
2411 5188
2412 5233
2413 3678
2413 4267
2414 3826
2414 5135
2415 2423
2415 3071
2416 2542
2416 3786
2416 4314
2417 2966
2417 3788
2417 4699
2418 3026
2418 3354
2418 4662
2419 4930
2419 4931
2420 4100
2420 4314
2420 4814
2421 4846
2421 5126
2422 5123
2422 5124
2423 3833
2423 4721
2424 3097
2424 3928
2424 3972
2425 4278
2425 4517
2426 4366
2426 4578
2427 4356
2428 3755
2428 4758
2428 4964
2429 4445
2429 5045
2429 5144
2430 3849
2430 5218
2431 3728
2431 4128
2432 2703
2433 4326
2433 4629
2433 5116
2434 4758
2434 4964
2434 4966
2435 4228
2435 5102
2435 5103
2436 3914
2436 4704
2436 4761
2437 3156
2437 4356
2437 4462
2438 2847
2438 4725
2439 4218
2439 4445
2439 5045
2440 3364
2441 2820
2441 2821
2441 4074
2442 4203
2442 5006
2443 4020
2443 4462
2443 4653
2444 2446
2444 4048
2445 2446
2445 4048
2447 4048
2448 2449
2448 4048
2449 4048
2449 4052
2450 3620
2450 4264
2452 3845
2452 4449
2453 3871
2453 4293
2453 4697
2454 3317
2454 4127
2454 4264
2455 3787
2455 4126
2455 4623
2456 4541
2456 4801
2456 4906
2458 3620
2458 4127
2458 5085
2459 4052
2460 3289
2460 4265
2461 2909
2461 3572
2461 5034
2462 3540
2462 4053
2462 4616
2463 2470
2463 4348
2464 3839
2464 4265
2464 5090
2465 4667
2466 4274
2466 4591
2467 4959
2467 5020
2468 3838
2468 4621
2469 3839
2469 4264
2469 4265
2470 3709
2470 4607
2471 3702
2471 3983
2472 5264
2473 3830
2473 4856
2474 3368
2474 4264
2475 3829
2475 4111
2476 5235
2476 5254
2477 4584
2477 4998
2477 5150
2478 3827
2478 4890
2478 5038
2479 2481
2479 2868
2480 3915
2480 4357
2480 4576
2481 2868
2481 5006
2482 2501
2482 4533
2483 4806
2484 4039
2484 4533
2484 5089
2485 3810
2485 4268
2485 5086
2486 3820
2486 4837
2486 4838
2487 3698
2487 5006
2488 3819
2488 5245
2489 4415
2489 4976
2490 3599
2490 4296
2490 4444
2491 4948
2492 4117
2492 4423
2492 4820
2493 3699
2493 4008
2493 4913
2494 4155
2494 4361
2494 4527
2495 3686
2495 3687
2495 5296
2496 3577
2496 5189
2496 5230
2497 4224
2497 4625
2497 5179
2498 4229
2498 4874
2498 5073
2499 4296
2500 4995
2500 5072
2500 5075
2501 3810
2501 4820
2503 2703
2503 5168
2504 3966
2504 4357
2505 4636
2505 5066
2506 5295
2507 4221
2508 4545
2508 4604
2509 3559
2509 4086
2509 4232
2510 4083
2510 4959
2510 5022
2511 4099
2511 4745
2511 5009
2513 2514
2514 2516
2516 4112
2517 4103
2517 4815
2517 5091
2518 3804
2518 4233
2518 4252
2519 3589
2519 5071
2519 5072
2520 4003
2520 4705
2521 4759
2522 4366
2522 4578
2523 4410
2523 5050
2524 4467
2524 4509
2525 2665
2525 2998
2526 3719
2526 4902
2527 4311
2527 5092
2527 5164
2528 5166
2528 5219
2529 3054
2529 3788
2529 4337
2530 3324
2530 4479
2530 4694
2531 4108
2531 4479
2531 4587
2532 3939
2532 5078
2533 3792
2533 4910
2534 3608
2534 4123
2534 4308
2535 3940
2535 4004
2535 4776
2536 2539
2536 3789
2537 5264
2538 2890
2538 4582
2538 5165
2539 4525
2540 3742
2540 4582
2540 5247
2541 4163
2541 5030
2542 3786
2542 4944
2543 4231
2543 4659
2544 3952
2544 4250
2544 5010
2545 3741
2545 4332
2545 5139
2546 4147
2546 4835
2546 5165
2547 3736
2547 5157
2547 5172
2548 4682
2548 5259
2549 4236
2549 4975
2550 3778
2550 3812
2550 4836
2551 3613
2551 3779
2551 5045
2552 3601
2552 3772
2553 3775
2553 4560
2553 4836
2554 3213
2554 5151
2555 4505
2555 4991
2556 3723
2556 4441
2556 4712
2557 3024
2557 4160
2557 4493
2558 4481
2558 4568
2558 4929
2559 4398
2559 4560
2559 4622
2560 2867
2560 4066
2560 4074
2561 4223
2561 4245
2562 5171
2562 5172
2562 5247
2563 4131
2563 4850
2563 5172
2564 3973
2564 4606
2565 4140
2565 4596
2566 3934
2566 4854
2566 5173
2567 2608
2567 4923
2568 4205
2568 4646
2569 5095
2570 4311
2570 5156
2570 5247
2571 3158
2571 4844
2571 4845
2572 3677
2572 4982
2573 4031
2574 4024
2574 4739
2574 5158
2575 5205
2576 3781
2576 4823
2577 3778
2577 3812
2577 4425
2578 4392
2578 4394
2579 4995
2579 4996
2579 5073
2580 4466
2580 4707
2580 4992
2581 2884
2581 4678
2582 4450
2582 4732
2583 4057
2583 4158
2584 4486
2584 5286
2585 3744
2585 4131
2585 4738
2586 4254
2586 4901
2586 4940
2587 4069
2587 4494
2587 4858
2588 4469
2588 4822
2588 4982
2589 3478
2589 4488
2589 4992
2590 3184
2590 3722
2591 3688
2591 4568
2591 4929
2592 2989
2593 3776
2593 4542
2593 5039
2594 4711
2594 4876
2595 3164
2595 4873
2596 3752
2597 3744
2597 4739
2597 4848
2598 3522
2598 3931
2599 3740
2599 5068
2600 2611
2600 5206
2601 3731
2601 4645
2601 4848
2602 3491
2602 3618
2602 3642
2603 4300
2603 5147
2604 4021
2604 4657
2604 4848
2605 3733
2605 4673
2605 5191
2606 4345
2606 4346
2607 4570
2607 4993
2607 4996
2608 4922
2608 4923
2609 2682
2609 3388
2609 3808
2610 4679
2611 4522
2611 5206
2612 4530
2612 4866
2613 3182
2613 4862
2613 4863
2614 3729
2614 4069
2614 4435
2615 3731
2615 4848
2616 5102
2616 5103
2617 4261
2618 4855
2619 4001
2619 4524
2619 4665
2621 3388
2621 3642
2621 3808
2622 2692
2622 2912
2622 4091
2623 4190
2623 4491
2623 4833
2624 4072
2624 5135
2625 4552
2627 3815
2627 4211
2628 3382
2628 3518
2628 4091
2629 4258
2629 4826
2629 4840
2630 4754
2630 5236
2630 5237
2632 3536
2632 3915
2632 4548
2633 3724
2633 3784
2633 4924
2634 4258
2634 4824
2634 4825
2635 3770
2635 4427
2635 4777
2636 4477
2636 4744
2636 5295
2637 4491
2637 4747
2637 4970
2638 3748
2638 4979
2639 4412
2639 5200
2639 5201
2640 3461
2640 4187
2640 5022
2641 4818
2641 4969
2641 4970
2642 3557
2642 3642
2642 4427
2643 3714
2643 3909
2643 4248
2644 3730
2644 4655
2645 4043
2645 4052
2645 5144
2646 3468
2646 5057
2647 4315
2647 5019
2647 5020
2648 3712
2648 4432
2648 5160
2649 4655
2649 4694
2650 3687
2651 4822
2651 5285
2652 4255
2652 4690
2652 4945
2653 4261
2653 4970
2654 3991
2654 4656
2654 4871
2655 3707
2655 4850
2655 5159
2656 4183
2656 5290
2657 4972
2658 4063
2658 4935
2659 3586
2659 4118
2659 4520
2660 3930
2660 4449
2661 3930
2661 4449
2662 3173
2662 3184
2663 3237
2663 3847
2664 3701
2664 4798
2666 3817
2666 4099
2666 5007
2667 4940
2667 5131
2667 5188
2668 2689
2668 4858
2668 5164
2669 4541
2669 4907
2669 4908
2670 4919
2670 4920
2671 4745
2671 5009
2672 4520
2672 4870
2672 4872
2673 3708
2673 4542
2673 5161
2674 2848
2674 3264
2674 3578
2675 4179
2675 4966
2676 5060
2678 4343
2678 4567
2678 5069
2679 4528
2679 4821
2679 4957
2680 2769
2680 3044
2681 4173
2681 5190
2682 3388
2682 3642
2683 3848
2683 5021
2683 5022
2684 5036
2684 5132
2685 5202
2686 3363
2686 3523
2687 3363
2687 3523
2688 2999
2688 3580
2689 4313
2689 5164
2690 4152
2691 4141
2691 4391
2692 2912
2693 4082
2693 4908
2694 3694
2694 4370
2694 4890
2695 3314
2695 4972
2696 2698
2696 3439
2697 3187
2697 4189
2697 4898
2698 3209
2698 4208
2699 3692
2699 4575
2699 4832
2700 4599
2701 3281
2701 4129
2702 4491
2702 5162
2703 5166
2705 5097
2705 5098
2706 2713
2706 3970
2707 2713
2707 3970
2708 3892
2708 4210
2709 4130
2709 4640
2709 4919
2710 4451
2710 4921
2710 5039
2711 4225
2711 4514
2711 4737
2712 3904
2712 4340
2712 4354
2713 3972
2713 4129
2714 3747
2714 4422
2714 4937
2715 4130
2715 4641
2715 4855
2716 4641
2716 5160
2717 4097
2717 4954
2717 5104
2718 4500
2718 4918
2718 4919
2719 4432
2719 4737
2719 4918
2720 4354
2720 4918
2720 4921
2721 4511
2721 4925
2722 3822
2722 4426
2722 4656
2723 2726
2723 3487
2724 4094
2724 4640
2724 4641
2725 4358
2725 4676
2725 4750
2726 3436
2726 3487
2727 3683
2727 4451
2727 4918
2728 3468
2729 3903
2730 4132
2730 4628
2730 4868
2731 2979
2731 3093
2732 2978
2732 4673
2732 5222
2733 4191
2733 4998
2733 5149
2734 3029
2734 4165
2734 5136
2735 4729
2736 4501
2736 4735
2736 4842
2737 4559
2737 4892
2737 5177
2738 4464
2738 5281
2739 4132
2739 4867
2739 5014
2740 4688
2741 2941
2743 4500
2743 4514
2744 3680
2744 4134
2744 4136
2745 3437
2745 4757
2746 3715
2746 4110
2746 5240
2747 3592
2747 4553
2747 4764
2748 3637
2748 4322
2749 4165
2749 4457
2749 5135
2750 4463
2750 5239
2750 5240
2751 3670
2751 4204
2751 5005
2752 2870
2752 2985
2752 3691
2753 4885
2754 2756
2754 3988
2754 4042
2755 2764
2755 4513
2755 4563
2756 4042
2756 5115
2757 2781
2757 5212
2758 4243
2758 4563
2758 5242
2759 4115
2759 4459
2759 4563
2760 3777
2760 3984
2761 3664
2761 4668
2761 5115
2762 3660
2762 4234
2762 5106
2763 2773
2763 3958
2764 4234
2764 4563
2765 3662
2765 4489
2765 5277
2766 3661
2766 4883
2767 3660
2767 4115
2767 4234
2768 3658
2768 4184
2768 4671
2769 3753
2770 2811
2770 3047
2771 2877
2771 3619
2771 4635
2772 3906
2772 5279
2772 5280
2774 4162
2774 4421
2774 4827
2775 4243
2775 4854
2776 2789
2776 4603
2777 2802
2777 4033
2777 4343
2778 3192
2778 3332
2778 4663
2780 3397
2780 3509
2781 5212
2781 5263
2782 4082
2782 4908
2782 4911
2783 3648
2783 4808
2784 4111
2784 4383
2784 5042
2785 3149
2785 5234
2786 4071
2786 5128
2787 5076
2788 4807
2788 5058
2790 4603
2791 3016
2791 4963
2791 5065
2792 4132
2792 4868
2792 5016
2793 4033
2793 4963
2793 5068
2794 4283
2794 4916
2795 3646
2795 5030
2796 4804
2797 4165
2797 4457
2797 5184
2798 3982
2798 4636
2798 4686
2799 4339
2799 4544
2800 3982
2800 4106
2800 5066
2801 3912
2802 4343
2802 5068
2803 4762
2803 4894
2804 3619
2804 4161
2804 4557
2805 4803
2805 5194
2806 3654
2806 4557
2807 5115
2807 5200
2808 4602
2808 4735
2808 4839
2809 2827
2811 3049
2811 4095
2812 4455
2813 3691
2813 3896
2813 4315
2814 3508
2814 3524
2814 3901
2815 3207
2815 3877
2815 4633
2816 4389
2818 3102
2818 4090
2819 2821
2819 4074
2821 2867
2822 4119
2822 4661
2822 5031
2823 4406
2823 4635
2823 5174
2824 3628
2824 4079
2824 5225
2825 3636
2825 4806
2825 4891
2826 3553
2826 4405
2826 4564
2827 3673
2827 5153
2828 3637
2828 4145
2829 4070
2829 4743
2829 5067
2830 3878
2830 4337
2831 2880
2831 3287
2831 3576
2832 4307
2832 4691
2833 4307
2833 4702
2834 4338
2834 4623
2834 4625
2835 4030
2835 4742
2835 5129
2836 3793
2836 4781
2837 4463
2837 5041
2838 2860
2838 4213
2838 4489
2839 3766
2839 4309
2839 4934
2840 2878
2840 3682
2841 3027
2841 4088
2841 4702
2842 4090
2843 3672
2843 4681
2843 5251
2844 3153
2844 3213
2844 4933
2845 4939
2845 5282
2845 5283
2846 4947
2847 2859
2847 4725
2848 3264
2848 3825
2849 2889
2849 2892
2850 4710
2850 4843
2850 4933
2851 4262
2851 4983
2851 4984
2852 3501
2852 3502
2853 3295
2853 3451
2853 3495
2854 4092
2854 4690
2854 4876
2855 4797
2856 3092
2856 3487
2856 3669
2857 3794
2857 4987
2858 4197
2858 5252
2859 4410
2859 4725
2860 4489
2860 5285
2861 4532
2861 4817
2861 5205
2862 4461
2862 4775
2863 4005
2863 4045
2863 5256
2864 3235
2864 3630
2865 3410
2865 4828
2866 4348
2866 4606
2868 4765
2869 4353
2869 4985
2869 5069
2870 2985
2870 5154
2871 5241
2872 4355
2872 4864
2872 4911
2873 2874
2873 2946
2873 3595
2874 2946
2874 3595
2875 2933
2875 2946
2875 4618
2876 3381
2876 3651
2876 4249
2877 4558
2878 3682
2879 3027
2879 3030
2879 4702
2881 3624
2881 4939
2882 4681
2883 5027
2883 5028
2883 5063
2884 4678
2885 3622
2885 4124
2885 4411
2886 4012
2886 4802
2886 4977
2887 4572
2887 5137
2888 3757
2888 3942
2888 4979
2889 2892
2889 3336
2890 3806
2890 5165
2891 4521
2891 4619
2891 4986
2892 3305
2893 3649
2893 4802
2893 4979
2894 3999
2894 4397
2894 5214
2895 3615
2895 3908
2895 4904
2896 3757
2896 3905
2896 4617
2897 2902
2897 2915
2897 4388
2898 5101
2898 5143
2899 3614
2899 3916
2899 4388
2900 4471
2900 4990
2900 5126
2901 3916
2901 4241
2901 4387
2902 2915
2902 4387
2903 3604
2903 4710
2904 3990
2904 4104
2904 4387
2905 4611
2905 4766
2905 5214
2906 3416
2906 3791
2906 4618
2907 3609
2907 4679
2907 4763
2908 3842
2908 3843
2908 4185
2909 5212
2910 3517
2910 3523
2910 3735
2911 3979
2911 4275
2911 5289
2912 3326
2912 4690
2913 4364
2913 4717
2913 5177
2914 4104
2914 4371
2914 4372
2915 3990
2916 4750
2917 4900
2918 4102
2918 4148
2918 4276
2919 3604
2919 4417
2920 3791
2920 4198
2920 4372
2921 3865
2921 4499
2921 4950
2922 3689
2922 4198
2922 4371
2923 3760
2923 4516
2923 5095
2924 3795
2924 4859
2925 4478
2925 4751
2925 5229
2926 3676
2926 4148
2926 4664
2927 2928
2927 3021
2927 3576
2928 3021
2928 3575
2929 3835
2929 4953
2929 4962
2930 3363
2930 4564
2930 4845
2931 3574
2931 3575
2931 3976
2932 5287
2933 2946
2934 4629
2935 2941
2935 2945
2936 3065
2936 4766
2936 5218
2937 3899
2937 4135
2937 4416
2938 3548
2938 4367
2938 4368
2939 3543
2939 4574
2940 3255
2941 2942
2941 2943
2943 2944
2943 2945
2945 4675
2946 4618
2947 4000
2948 4346
2948 4658
2949 4471
2949 4714
2949 4715
2950 3748
2950 4456
2950 5065
2951 3498
2951 4755
2951 4892
2952 3866
2952 4431
2952 4978
2953 4471
2953 4715
2953 4716
2954 4236
2954 4431
2954 4978
2955 4471
2955 4716
2955 4990
2956 4643
2956 4891
2956 5232
2957 3378
2957 3853
2958 3787
2958 4624
2958 4773
2959 4869
2959 4870
2960 4989
2960 4990
2960 5123
2961 4688
2961 5274
2962 4247
2962 5053
2963 3814
2963 5245
2964 3765
2964 4809
2964 5026
2965 4023
2965 4140
2965 5220
2966 3054
2966 4699
2967 5114
2967 5155
2968 3590
2968 3591
2968 4574
2969 3823
2969 5288
2970 3985
2970 4648
2971 4155
2971 4361
2971 4693
2972 3955
2972 4342
2972 4593
2973 4239
2973 4954
2973 5056
2974 4779
2974 4857
2974 4973
2975 4772
2975 5044
2976 3665
2976 4353
2976 4571
2977 4201
2977 4202
2978 3497
2978 5222
2979 3093
2980 4568
2980 4938
2981 4608
2981 4961
2981 5056
2982 3739
2982 3842
2982 3844
2983 4064
2983 4724
2983 4974
2984 5034
2984 5268
2985 3911
2986 4294
2986 4821
2987 4329
2987 4715
2987 4754
2988 4238
2988 4506
2988 4547
2989 4073
2989 4688
2990 4439
2990 4506
2990 4547
2991 4334
2991 4347
2992 4183
2992 4716
2992 5290
2993 3022
2993 3841
2994 3930
2994 4331
2995 4217
2995 4484
2995 4881
2996 4329
2996 4714
2996 5126
2997 3833
2998 4250
2998 4745
3000 3579
3000 4518
3000 4755
3001 4942
3002 4327
3002 5001
3002 5127
3003 3815
3003 4207
3004 3893
3004 5001
3004 5257
3005 3663
3005 4552
3005 4674
3006 4277
3006 5215
3006 5216
3007 4987
3007 4988
3008 4471
3008 4847
3008 4990
3009 3202
3009 3218
3009 4719
3010 3577
3010 5193
3010 5230
3012 4302
3012 4847
3012 5291
3013 3941
3013 4159
3013 4756
3014 3018
3014 3850
3014 4546
3015 3552
3015 4654
3015 4756
3016 4686
3016 4963
3017 4478
3017 5012
3017 5203
3018 3850
3018 4698
3019 3552
3019 3805
3019 4495
3020 3750
3020 4654
3020 5235
3021 3574
3022 3343
3022 3841
3023 3143
3023 3280
3024 4493
3025 5223
3025 5224
3026 3354
3026 4873
3027 4702
3028 3215
3028 4691
3028 5253
3029 5136
3031 3126
3031 3131
3032 3033
3032 3034
3032 3035
3033 3034
3033 3035
3034 3035
3036 3037
3036 4929
3037 4929
3038 3132
3038 4402
3038 5205
3039 3158
3039 4272
3039 4844
3040 3550
3040 4597
3040 4831
3041 4389
3041 4545
3041 5267
3042 3643
3042 4116
3043 3047
3043 3049
3043 4095
3045 4535
3045 4831
3045 4859
3046 4143
3046 4401
3046 4579
3047 3048
3048 3049
3048 4095
3050 3638
3050 3981
3050 4195
3052 3800
3052 4566
3052 5025
3053 4274
3053 5030
3054 4699
3056 4852
3056 4859
3056 4860
3057 4503
3057 4859
3057 4861
3058 4498
3058 5051
3059 3837
3059 4499
3059 4565
3060 3568
3060 4470
3060 5167
3061 3484
3061 4993
3062 3076
3062 4145
3063 3563
3063 4360
3063 4799
3064 3632
3064 4099
3065 5176
3065 5218
3066 3075
3066 5046
3066 5047
3067 3106
3067 4159
3067 4756
3068 3082
3068 3696
3069 3583
3069 5101
3070 4317
3070 4775
3070 5007
3071 3833
3072 3075
3072 4756
3072 5046
3073 3085
3074 3561
3074 3768
3074 4579
3075 4756
3077 3656
3077 4797
3077 5216
3078 3777
3078 3975
3079 4059
3079 4785
3080 3561
3080 4195
3080 4401
3081 3644
3081 4980
3081 5047
3082 3696
3083 3558
3083 4470
3083 5170
3084 4150
3084 4453
3085 4322
3086 3883
3086 5036
3087 4685
3087 4980
3087 5170
3088 4110
3089 3882
3089 4536
3089 4627
3090 4685
3090 5049
3090 5203
3091 4543
3091 4544
3092 3669
3092 4360
3093 5216
3094 5048
3094 5051
3094 5203
3095 4796
3095 5247
3096 4573
3096 4685
3096 5048
3097 3099
3097 3928
3098 3834
3098 4536
3098 5169
3099 3831
3099 3928
3100 3517
3100 3735
3100 4564
3101 3631
3101 5004
3102 4090
3103 4137
3103 4997
3103 5137
3104 3631
3104 3818
3104 5004
3105 3859
3105 4663
3105 5062
3106 4756
3106 5048
3107 3146
3107 3857
3108 4363
3108 4505
3108 4989
3109 3783
3109 3843
3109 3844
3110 3159
3111 4365
3111 4831
3111 4861
3112 4194
3112 5127
3112 5130
3113 3248
3113 4695
3114 3115
3114 3130
3114 4861
3115 3130
3115 4861
3116 3163
3116 3389
3117 4684
3117 5000
3117 5260
3118 4659
3119 4714
3119 4991
3119 5290
3120 3140
3120 3318
3120 3631
3121 4365
3121 4725
3121 4830
3122 3129
3122 3550
3122 4830
3123 4737
3123 4780
3124 4498
3124 4829
3124 4852
3125 3211
3125 4630
3125 4830
3126 3131
3126 4345
3127 3538
3127 4498
3127 4630
3128 3571
3128 4632
3128 5187
3129 3550
3129 4829
3130 4365
3132 4402
3132 5094
3133 4318
3133 4674
3134 4171
3134 4472
3135 3703
3135 3856
3135 4047
3136 3607
3136 4060
3136 4281
3137 4078
3137 4899
3137 5189
3138 4301
3138 4772
3138 5044
3139 3961
3139 3962
3139 3963
3140 3318
3140 3631
3140 4605
3141 4305
3141 4408
3141 4409
3142 4080
3142 4537
3143 3280
3143 3304
3144 3854
3144 3855
3144 3856
3145 4412
3145 5043
3146 3546
3146 5256
3147 3405
3147 3623
3147 4408
3148 3716
3148 4666
3149 4282
3149 5234
3150 3545
3150 3872
3150 3873
3151 3852
3151 4652
3151 5129
3152 4170
3152 5163
3153 3213
3154 4410
3154 4630
3154 4725
3155 4113
3155 4647
3156 3175
3157 4324
3157 4376
3157 4380
3158 4272
3158 4844
3160 3605
3160 4289
3160 5268
3161 4219
3161 4782
3161 4789
3163 3389
3164 4771
3165 3974
3166 4603
3166 4876
3167 4603
3167 4876
3168 3929
3168 4885
3170 3920
3170 4251
3170 5202
3171 3647
3171 3835
3171 3865
3172 4608
3173 3184
3173 5293
3174 3677
3174 3741
3175 4462
3175 4675
3176 5005
3176 5176
3176 5178
3177 3293
3177 4047
3177 4051
3178 4270
3178 4875
3178 5053
3179 4575
3180 4929
3181 3541
3181 3726
3181 4709
3182 3426
3182 4862
3182 4863
3183 4507
3183 4816
3183 4940
3184 5121
3185 4613
3186 5298
3188 3243
3188 4240
3189 4018
3189 4096
3189 4101
3191 3535
3191 3684
3191 4377
3192 3332
3192 3859
3193 3352
3194 3296
3194 3886
3194 4394
3195 3296
3195 3886
3195 4394
3196 3197
3196 3198
3196 3199
3197 3198
3197 3199
3198 4785
3199 4167
3200 3237
3200 3293
3200 4047
3201 4373
3201 5144
3201 5149
3202 4719
3202 5235
3203 3539
3203 4708
3203 4768
3204 3296
3204 3886
3204 3980
3205 3415
3205 5125
3206 4701
3206 5259
3207 3877
3207 4006
3208 4465
3208 4784
3209 3753
3210 3663
3210 4552
3210 4674
3211 3538
3211 4630
3212 5296
3214 4493
3214 4770
3215 4088
3215 5253
3217 4769
3219 3535
3219 3684
3219 4380
3220 3534
3220 4782
3220 4783
3221 3533
3221 3555
3221 4034
3223 3371
3223 4059
3223 4781
3224 4853
3225 3226
3225 4133
3225 5125
3226 4133
3226 5125
3227 3875
3227 4284
3228 3621
3229 3980
3229 4395
3229 4396
3230 4550
3230 4767
3230 4768
3231 4105
3231 4393
3231 4746
3232 4101
3232 4393
3232 4746
3233 4004
3233 4312
3233 5007
3234 4216
3234 5040
3235 3259
3235 3630
3236 4252
3237 4047
3238 3532
3238 4805
3238 5015
3239 3531
3239 3925
3239 4176
3240 3529
3240 4967
3240 5139
3241 4540
3241 4935
3241 4936
3242 4163
3242 4851
3243 5275
3244 3528
3244 5082
3244 5083
3245 4259
3245 4941
3245 5269
3246 4399
3246 5266
3246 5267
3247 3925
3247 4037
3247 5274
3248 3492
3248 4695
3249 3717
3249 3876
3249 3940
3250 3266
3250 3657
3251 3697
3251 4660
3251 5139
3252 3666
3252 4036
3252 4936
3253 5038
3253 5086
3254 4941
3254 5139
3254 5142
3256 4259
3256 4362
3256 5138
3257 4585
3257 4838
3257 4839
3258 4513
3258 5242
3259 3278
3259 3630
3261 4203
3261 4540
3261 5040
3262 4287
3262 4492
3262 4650
3263 4389
3264 3825
3264 4620
3265 4728
3265 4935
3265 5275
3266 5263
3268 5011
3269 4419
3269 4904
3269 5096
3270 4569
3271 4321
3272 4495
3272 5235
3272 5254
3274 3603
3274 4453
3274 5271
3275 3603
3275 3738
3275 5271
3276 4620
3276 4959
3276 5019
3277 3603
3277 4452
3277 5271
3278 4242
3278 5243
3279 4151
3281 3969
3282 3979
3282 5290
3283 3284
3283 4962
3284 4523
3285 4247
3285 5062
3285 5153
3287 3312
3288 3408
3288 3419
3289 3620
3290 3653
3290 4112
3290 4576
3291 4036
3291 4063
3291 5274
3292 3645
3294 3678
3294 4675
3295 3451
3295 3495
3296 4394
3297 4171
3297 4740
3298 3515
3298 4804
3298 5124
3299 3938
3299 4434
3299 5070
3300 3720
3300 3873
3300 3957
3301 3873
3301 3881
3302 3364
3303 4251
3304 3306
3307 4135
3307 4136
3308 3370
3308 4844
3310 3479
3310 3510
3310 3515
3311 4793
3311 4794
3312 3351
3313 4485
3313 5042
3313 5230
3315 3583
3315 5100
3315 5101
3316 4181
3317 4298
3318 4596
3319 4092
3319 4384
3319 4642
3320 4502
3320 4600
3320 4601
3321 3333
3322 4056
3322 4834
3322 4922
3323 4056
3323 4759
3323 4834
3324 3659
3324 4479
3325 3367
3325 5102
3325 5103
3326 4384
3327 3479
3327 3511
3327 3515
3328 4320
3328 4967
3328 5269
3329 3948
3329 4430
3329 4887
3330 4301
3330 4677
3331 4484
3331 5128
3332 4138
3333 5211
3334 4295
3334 4628
3334 5021
3335 4943
3337 3338
3337 3526
3339 3426
3339 3495
3340 4741
3341 4942
3341 4943
3343 3841
3343 4096
3344 4674
3345 4884
3345 4885
3345 5134
3346 4352
3346 5041
3347 3717
3347 4004
3348 5101
3348 5143
3349 4599
3349 5098
3349 5278
3350 4873
3350 5071
3351 3942
3351 3976
3352 4891
3353 4230
3353 5063
3353 5064
3354 4229
3354 4662
3356 4250
3356 4251
3357 4578
3358 3930
3359 3360
3359 3395
3359 5178
3360 3395
3360 5178
3361 3413
3361 4628
3361 5021
3362 4386
3362 4720
3363 4564
3365 3782
3365 4680
3366 4182
3367 4002
3368 3620
3369 3629
3369 3945
3369 4878
3370 4269
3371 4781
3371 4782
3372 3953
3372 5058
3372 5061
3373 4222
3373 4909
3373 4917
3374 4477
3375 3530
3375 3997
3375 4015
3376 3572
3378 3853
3378 4286
3379 4612
3379 4926
3379 5258
3380 4483
3380 4612
3380 5099
3381 4248
3381 4249
3382 3507
3382 3518
3382 4091
3383 4214
3383 4734
3383 4735
3384 4525
3384 5246
3384 5271
3385 4355
3385 4556
3385 4912
3386 3474
3386 4300
3387 3497
3387 3516
3387 5222
3388 3557
3389 4055
3389 5095
3389 5221
3390 5074
3391 4711
3391 4876
3392 3903
3392 4450
3393 3514
3393 3525
3393 3527
3394 3816
3394 4015
3394 4025
3395 4559
3396 4150
3396 4741
3396 4759
3397 3509
3398 3410
3398 4260
3399 3527
3399 3555
3399 5004
3400 4681
3400 5240
3401 5017
3401 5023
3401 5026
3402 4286
3402 4504
3402 5035
3403 4682
3403 4926
3403 4927
3404 4891
3405 3623
3405 4408
3405 4409
3406 3596
3406 4425
3406 5244
3407 3895
3407 4099
3408 3419
3408 3479
3409 4005
3409 5255
3410 4260
3410 4827
3411 4447
3412 3413
3412 4628
3412 5021
3413 4628
3414 3828
3414 4668
3415 4054
3415 4376
3416 3791
3416 4372
3417 4021
3417 4657
3418 4361
3418 4825
3419 3510
3419 3511
3420 3453
3420 3481
3420 4886
3421 4589
3421 4948
3422 3483
3422 3501
3423 4796
3423 5241
3423 5242
3424 3675
3424 4760
3424 4883
3425 4192
3425 4367
3425 4524
3426 3495
3426 4862
3426 4863
3427 4040
3427 4637
3427 4776
3428 4216
3429 4581
3429 4821
3429 5023
3430 3848
3430 4295
3430 5015
3431 4290
3431 4696
3431 4906
3432 3926
3432 4860
3433 5109
3434 3863
3434 3984
3435 4885
3435 5133
3435 5186
3436 3487
3436 3669
3436 4005
3437 5052
3438 3540
3438 4704
3439 3753
3439 4210
3440 4201
3440 4256
3440 4257
3441 3503
3441 3596
3441 4147
3442 4601
3443 4431
3443 4976
3444 4669
3445 3711
3445 5287
3446 3759
3446 4081
3447 4655
3449 4087
3449 4638
3450 3593
3450 4303
3450 4952
3451 3495
3451 4863
3452 4273
3452 5121
3453 3520
3453 4886
3454 3519
3454 3524
3454 3901
3455 3524
3455 5154
3456 3500
3456 3602
3456 4883
3457 4752
3457 4999
3457 5231
3458 3811
3458 4736
3458 4748
3459 3759
3460 4221
3461 4187
3461 4349
3462 3625
3462 5120
3462 5121
3463 5002
3463 5222
3464 4193
3464 4347
3464 4865
3465 3508
3465 3524
3465 3901
3466 4197
3466 5253
3467 4530
3467 5152
3468 4952
3469 4194
3470 5209
3470 5210
3470 5211
3471 4406
3471 5107
3472 4135
3472 4290
3473 3816
3473 3997
3473 5211
3475 4590
3475 4604
3476 4796
3476 4955
3476 5207
3477 3589
3477 5071
3478 4488
3479 3510
3480 4421
3480 4828
3481 3520
3481 3522
3482 5243
3483 3501
3483 3523
3484 4555
3484 4992
3485 4200
3485 4201
3485 4202
3486 4693
3486 4825
3488 4351
3488 5041
3489 4731
3489 4732
3489 4905
3490 4551
3490 5037
3490 5133
3491 3642
3491 3808
3492 4788
3493 4458
3494 3737
3494 4696
3494 4906
3495 4863
3496 3514
3496 3521
3496 3525
3497 3516
3498 4755
3499 4117
3499 5163
3500 3602
3501 3517
3501 3523
3503 3596
3503 5245
3505 3582
3505 3967
3505 4368
3506 4196
3506 4937
3507 3518
3507 4642
3508 3519
3510 3512
3511 3512
3512 3515
3513 4349
3513 5017
3513 5027
3514 3521
3515 5279
3516 4673
3516 5002
3518 4642
3518 4876
3519 3524
3519 3526
3521 3525
3521 3555
3522 5135
3524 3901
3524 5154
3526 4129
3528 4424
3528 5081
3528 5082
3529 4266
3529 5140
3530 4025
3530 4792
3531 3650
3531 4728
3532 4187
3532 4349
3532 4805
3532 5015
3533 3610
3533 3957
3534 4059
3534 4781
3535 4379
3537 4379
3538 4631
3539 4465
3539 4769
3541 4729
3541 4730
3542 4320
3542 4733
3542 4941
3542 4968
3543 4779
3544 5234
3545 3720
3546 5255
3547 4632
3547 5186
3547 5262
3547 5264
3548 3716
3549 5085
3551 4207
3551 4209
3552 4654
3553 4405
3553 4732
3554 4274
3554 4510
3554 4591
3554 5112
3556 3896
3556 3911
3556 5154
3557 3642
3557 5282
3558 4174
3558 4980
3559 4144
3559 4232
3559 4529
3560 3970
3560 3971
3561 4195
3562 4170
3562 5087
3563 5046
3563 5050
3564 3655
3564 3954
3564 4008
3564 4913
3565 4616
3565 4762
3566 4481
3566 4568
3566 5197
3566 5237
3567 4651
3567 5282
3568 4860
3569 4671
3569 5120
3571 5184
3571 5196
3572 4853
3573 4014
3573 4455
3573 4558
3575 3976
3575 4003
3578 3825
3578 4279
3578 4958
3579 4803
3579 4816
3581 4155
3581 4361
3581 4527
3581 4693
3582 3967
3582 4192
3582 4523
3583 5101
3583 5146
3584 3585
3584 4490
3584 4862
3584 4913
3585 4490
3585 4862
3585 4913
3586 4794
3586 4811
3587 4770
3588 5151
3589 5073
3590 4262
3590 4974
3591 4262
3591 4974
3592 4854
3592 5173
3593 3629
3593 3945
3595 4618
3595 4619
3595 4706
3597 4488
3597 4811
3597 4871
3597 4995
3598 5122
3599 4390
3599 4391
3600 4508
3600 5161
3602 4749
3602 4884
3603 5271
3605 5198
3606 4612
3606 5099
3606 5210
3606 5211
3607 4281
3607 4305
3607 4408
3608 4057
3608 5019
3609 4137
3609 4678
3610 4154
3611 4856
3612 4323
3612 4433
3612 4711
3612 4712
3613 4218
3613 4928
3614 3916
3614 4241
3614 4521
3615 3908
3615 5214
3616 4757
3616 5054
3618 4427
3618 5213
3619 4557
3621 4480
3621 4639
3622 4663
3623 4122
3623 4407
3624 4593
3624 5284
3625 4512
3625 5294
3626 3682
3627 5082
3627 5083
3627 5084
3628 4671
3628 5226
3629 4878
3632 5007
3633 4138
3633 4442
3633 4663
3634 4724
3634 5065
3635 4584
3635 5148
3635 5182
3636 4806
3637 4824
3637 4825
3638 4143
3638 4535
3639 3640
3639 3641
3639 4490
3639 4863
3640 3641
3640 4490
3640 4863
3641 4490
3641 4556
3643 4116
3643 4565
3643 4951
3644 4852
3644 5203
3645 5232
3646 4461
3647 3835
3647 4499
3647 4953
3648 4330
3648 4363
3649 4241
3649 4387
3650 3925
3650 4037
3651 3897
3651 4318
3652 4263
3652 4670
3652 5236
3652 5266
3653 4382
3653 4548
3654 4455
3654 4633
3655 3954
3655 4008
3655 4335
3655 4913
3656 4419
3657 4107
3657 4676
3657 5263
3658 4297
3659 4108
3660 4114
3661 4884
3661 4887
3662 4777
3663 4249
3663 4318
3665 4353
3665 4974
3665 4975
3666 3922
3666 4592
3667 4302
3667 4846
3667 4847
3668 4604
3668 4902
3669 4045
3670 4611
3670 5004
3671 4590
3672 5069
3673 4948
3673 4949
3674 5207
3674 5208
3674 5209
3675 4430
3675 5035
3676 4102
3676 5289
3677 3741
3679 4509
3680 4290
3680 4908
3681 4316
3681 4330
3681 4989
3681 5123
3682 4098
3682 4428
3683 4094
3683 4451
3683 5174
3684 4324
3684 4377
3685 4299
3685 4815
3686 3687
3686 4160
3687 4160
3688 4093
3689 4198
3689 4371
3689 4388
3689 4617
3692 4576
3693 5100
3694 4747
3695 4352
3695 4534
3695 4727
3695 4955
3697 5138
3698 5272
3699 4335
3699 4497
3700 4395
3700 4396
3700 4878
3700 4960
3702 3863
3704 4792
3704 5099
3704 5208
3705 5184
3706 4403
3706 4577
3707 4508
3707 5160
3708 5087
3710 4078
3710 4673
3710 4899
3710 4900
3711 4595
3711 5231
3712 4818
3712 4971
3712 5160
3713 3720
3713 3872
3713 4154
3714 3868
3714 4552
3717 3940
3718 4625
3718 4717
3718 4718
3719 4185
3721 5145
3722 4752
3723 4875
3723 5052
3724 4156
3724 4924
3724 4925
3725 4153
3725 4154
3725 5005
3725 5176
3726 4073
3726 4729
3727 4971
3728 4260
3729 4069
3729 4739
3729 4849
3730 4479
3731 4646
3732 4439
3732 4506
3732 4880
3732 5235
3733 5189
3734 4383
3734 4790
3734 4791
3734 5193
3735 4845
3735 4907
3735 4909
3736 4398
3736 4622
3737 4235
3737 4905
3737 4906
3738 4150
3738 4453
3739 3843
3739 4227
3740 4415
3740 4973
3741 4982
3742 5273
3743 3907
3743 4490
3743 4556
3743 4913
3744 4848
3745 4062
3745 4433
3745 4538
3746 4413
3746 4680
3746 4696
3747 5131
3747 5180
3748 5065
3749 4344
3750 4495
3750 4799
3751 4424
3751 5080
3751 5081
3752 4271
3752 4789
3754 4123
3754 5021
3755 5024
3756 4188
3756 5167
3757 4617
3758 3961
3758 3962
3758 3963
3758 3964
3759 4437
3759 4943
3760 5095
3761 3762
3761 3763
3761 3764
3761 4392
3762 3763
3762 3764
3762 4392
3763 3764
3763 4392
3763 4395
3764 4392
3764 4396
3765 5027
3765 5028
3766 4672
3767 4587
3767 4800
3767 4815
3768 4401
3768 4580
3769 4151
3770 5278
3770 5279
3771 4086
3771 4144
3771 4232
3772 4301
3772 4677
3772 5043
3773 4231
3774 4068
3774 4436
3775 5173
3776 5171
3776 5174
3777 3863
3778 4835
3779 4928
3780 4205
3780 4645
3780 4657
3781 5259
3781 5288
3782 4413
3782 4907
3783 3842
3783 4227
3784 4156
3785 4747
3787 4623
3787 4624
3788 4300
3788 4877
3789 4452
3789 4923
3790 4381
3790 4454
3790 4614
3790 4958
3791 4617
3792 4864
3793 4550
3795 4579
3795 4860
3796 4559
3796 4940
3796 5131
3796 5179
3797 4671
3797 5120
3798 5166
3799 4332
3799 5000
3799 5142
3799 5268
3800 4566
3800 4615
3800 5025
3800 5261
3801 4199
3801 4200
3801 4256
3801 4257
3802 4336
3802 4530
3803 4126
3803 4369
3803 4623
3803 4718
3804 4292
3804 4480
3805 4756
3805 4799
3806 4582
3806 4692
3806 5246
3807 3823
3807 4486
3808 4777
3809 4667
3809 4917
3809 4942
3809 4945
3811 4697
3811 5153
3813 3945
3813 4303
3813 4952
3814 5245
3815 4207
3816 4015
3817 3895
3818 4487
3820 4527
3820 4841
3821 4473
3821 4504
3821 4515
3822 4426
3822 4656
3822 4869
3822 4872
3824 4283
3824 4335
3824 4497
3824 4906
3825 4279
3825 5020
3826 5134
3827 4562
3828 4851
3828 5031
3829 4899
3829 5042
3830 4172
3831 3970
3832 4074
3834 4627
3834 5234
3836 5207
3836 5208
3837 4950
3837 4953
3838 4610
3839 4298
3840 4534
3841 4051
3841 4095
3844 4185
3845 4492
3846 4511
3846 4658
3847 4096
3847 4392
3848 4295
3848 5021
3849 5095
3850 4583
3850 4903
3851 4066
3851 4462
3852 4030
3853 4473
3853 4886
3854 4031
3857 4705
3858 5195
3859 5062
3860 4554
3860 5250
3861 3961
3861 3962
3861 3963
3861 3964
3862 4823
3862 5258
3863 3975
3864 4314
3865 4962
3866 4977
3866 4978
3867 4759
3868 4248
3868 4552
3869 4834
3869 5097
3871 4501
3874 4517
3874 4811
3874 4996
3876 3940
3876 4004
3876 4312
3877 5107
3878 4337
3879 4751
3879 5204
3879 5223
3880 4462
3880 4653
3881 3957
3881 4034
3881 4049
3882 4536
3882 4626
3882 5048
3884 4602
3885 4334
3885 4345
3885 4346
3885 4865
3886 4395
3886 4396
3887 4458
3887 4590
3887 5037
3888 3889
3888 4065
3888 4066
3888 4075
3889 4065
3889 4066
3890 4726
3890 4893
3890 4894
3890 4895
3891 4603
3891 4946
3892 4210
3892 4211
3893 4595
3893 5233
3894 4215
3894 5013
3894 5261
3896 5154
3897 4249
3898 4804
3899 4136
3899 4908
3900 4810
3900 5081
3902 4459
3902 5106
3903 4450
3904 4061
3904 4225
3905 3942
3906 4672
3906 4934
3907 4556
3907 4910
3907 4913
3908 4359
3908 5095
3910 5100
3910 5104
3911 5154
3912 4261
3912 4969
3913 5226
3914 4893
3914 5013
3915 4548
3917 4639
3917 4932
3918 4467
3918 4510
3919 4501
3919 4586
3919 4602
3919 4734
3920 4035
3920 4044
3921 4775
3922 4036
3922 4063
3923 4720
3924 4638
3924 4683
3924 4931
3926 4852
3926 4860
3926 4861
3927 5053
3929 4749
3929 4884
3931 4887
3931 5134
3932 4043
3933 4440
3933 4581
3933 5025
3934 5174
3935 4328
3935 5142
3936 5155
3936 5156
3937 4351
3937 4534
3937 4727
3937 4955
3938 4434
3938 5075
3939 4570
3939 4994
3941 4654
3941 5235
3943 5094
3943 5096
3944 4600
3946 3987
3946 4405
3946 4564
3946 4845
3947 4754
3947 4991
3949 4753
3949 5228
3949 5231
3950 4121
3950 4374
3950 4375
3950 4416
3951 4689
3951 5013
3951 5018
3952 4251
3952 5201
3953 4589
3954 4008
3954 4801
3955 5284
3955 5285
3956 4567
3957 4049
3959 4853
3960 4244
3960 4460
3960 5225
3961 4843
3962 4843
3963 4585
3964 4840
3965 4637
3965 4776
3966 4889
3966 4890
3967 4523
3968 4937
3969 3972
3969 4129
3973 4607
3975 3986
3976 4003
3977 4984
3978 4543
3980 4960
3981 4143
3982 4686
3982 5066
3983 3985
3984 3985
3984 3986
3985 4648
3987 4405
3987 4731
3987 4845
3988 4142
3988 5200
3989 4288
3989 5054
3990 4371
3991 4426
3991 5108
3992 4763
3992 5132
3992 5133
3992 5136
3993 5159
3994 3995
3995 5146
3996 4133
3996 4377
3996 4378
3996 4379
3997 4025
3998 4476
3998 5143
3999 4755
3999 4892
4002 4296
4003 4617
4003 4706
4005 5255
4006 4743
4007 4521
4007 4617
4007 4619
4008 4801
4008 4913
4010 4549
4011 4763
4011 4981
4012 4985
4013 4436
4013 5157
4015 5209
4016 5205
4018 4095
4018 4105
4019 4029
4019 4032
4019 4046
4020 4862
4020 4864
4021 4849
4022 4531
4022 4621
4023 5221
4024 4738
4025 4483
4026 4752
4026 5225
4026 5229
4026 5230
4027 4710
4027 4837
4027 4842
4027 5152
4028 4712
4029 4046
4029 4403
4033 5106
4034 4049
4034 4153
4034 4154
4037 5275
4040 4661
4041 4358
4041 4469
4041 4676
4041 4684
4042 4142
4042 5200
4044 4745
4049 4153
4050 4648
4052 4998
4053 4615
4053 4616
4053 4700
4054 4133
4054 4377
4054 4378
4056 5269
4056 5270
4057 4123
4057 5019
4058 4643
4058 5227
4060 4407
4061 4225
4061 4340
4062 4433
4062 4539
4062 4711
4064 4973
4065 4066
4065 4462
4067 5033
4067 5160
4068 5156
4069 4435
4070 5106
4070 5242
4071 5001
4071 5127
4072 5186
4073 4730
4076 4524
4076 4665
4077 4081
4077 4437
4078 5190
4079 5225
4080 5192
4082 4375
4083 4614
4083 4958
4083 5023
4084 4534
4085 4319
4085 5210
4086 4144
4087 5075
4088 5251
4089 4726
4089 4758
4089 4896
4089 4964
4089 5024
4091 4092
4093 4481
4093 4568
4094 4918
4095 4096
4095 4101
4097 4746
4097 4961
4097 5201
4098 4753
4099 5010
4102 5291
4103 4786
4103 4789
4104 4802
4106 5067
4106 5239
4107 4676
4109 4591
4109 5029
4109 5110
4109 5111
4109 5112
4110 4554
4111 4791
4112 4382
4113 4647
4113 4812
4114 4115
4114 4459
4114 5106
4116 4499
4116 4565
4116 4950
4117 4820
4118 4871
4119 4722
4119 5031
4120 5224
4121 4374
4121 4375
4121 4416
4121 4906
4121 4912
4122 4407
4124 4663
4124 5060
4125 5000
4125 5142
4125 5212
4125 5213
4125 5262
4126 4369
4127 5038
4128 4257
4128 4523
4128 4524
4130 4640
4132 4628
4132 4868
4133 4377
4133 4378
4134 4135
4134 4416
4137 4763
4138 4321
4139 4522
4139 4532
4139 5206
4140 4605
4140 5220
4141 4390
4142 5032
4144 4232
4145 4826
4146 4555
4146 4707
4146 5074
4148 4275
4149 4583
4149 5093
4151 4152
4153 4364
4155 4837
4155 4842
4156 4924
4156 5151
4156 5183
4156 5187
4157 5109
4158 4308
4158 4620
4158 5019
4162 5053
4162 5055
4162 5058
4163 5029
4163 5109
4164 4386
4164 4770
4164 4771
4164 4874
4164 5070
4166 4903
4166 5166
4166 5168
4167 4729
4167 4783
4167 4785
4168 5288
4169 4378
4169 4379
4169 5125
4170 4423
4171 5276
4172 4549
4173 4609
4173 4790
4173 5189
4174 4470
4174 4503
4174 5047
4175 5183
4176 4728
4176 4936
4176 5081
4176 5274
4179 4761
4180 5132
4180 5136
4181 4510
4182 5210
4183 4715
4184 5226
4185 5238
4186 4741
4187 4349
4187 5015
4187 5023
4188 4698
4189 4656
4189 4870
4190 4888
4191 4511
4191 4925
4192 4524
4192 4962
4193 4334
4193 4511
4194 5130
4196 4744
4196 5188
4199 4200
4199 4202
4199 4256
4200 4256
4201 4260
4202 4257
4202 4260
4202 5057
4203 5006
4203 5273
4204 5177
4204 5178
4205 4657
4206 4209
4206 4211
4209 4210
4209 4212
4211 4212
4212 4492
4212 4666
4213 5283
4213 5284
4214 4748
4214 4824
4214 4841
4215 4700
4215 5260
4215 5261
4216 4765
4217 4719
4217 4880
4217 5235
4222 4541
4222 4801
4222 4910
4224 4338
4224 4623
4224 5180
4225 4354
4226 4808
4226 5123
4226 5124
4227 4339
4228 5102
4230 5150
4230 5151
4231 4952
4232 4578
4233 4292
4233 4932
4234 4513
4235 4844
4235 4905
4235 4907
4236 4431
4236 4978
4236 4986
4238 4644
4238 4880
4238 4881
4239 4962
4240 4708
4242 4778
4242 5241
4243 5171
4244 4474
4244 5225
4245 5298
4246 4968
4246 5082
4246 5084
4250 4745
4252 4480
4253 4603
4254 4518
4255 4642
4255 4876
4255 4945
4258 4693
4259 5139
4263 4669
4265 5085
4266 4967
4266 4968
4266 5084
4267 4314
4268 4819
4268 5091
4270 4588
4271 4783
4271 4784
4271 4789
4272 4413
4272 4680
4272 4844
4273 4897
4274 4510
4275 4276
4275 5291
4276 4664
4277 5194
4277 5222
4279 4957
4279 5028
4280 4310
4280 4496
4280 4566
4280 4616
4280 4700
4281 4407
4281 4409
4282 4626
4282 4627
4282 5234
4283 4497
4284 4930
4285 4438
4285 4553
4286 4473
4288 5054
4289 5045
4290 4680
4290 4696
4291 4525
4291 5271
4291 5276
4294 4454
4294 4614
4294 4821
4294 5027
4295 4867
4296 4390
4297 5226
4298 4562
4298 5038
4300 5147
4302 4526
4302 4989
4303 4746
4303 4960
4306 5119
4307 4702
4308 4959
4309 4939
4309 5281
4310 4496
4310 4566
4310 4615
4310 4616
4310 4700
4311 5155
4312 5008
4316 4330
4317 5008
4318 4674
4319 4534
4320 4733
4320 4968
4322 4839
4323 4433
4324 4377
4324 4526
4325 4594
4325 4726
4325 4758
4325 4894
4325 4895
4326 4929
4326 4938
4326 5198
4327 5128
4327 5129
4327 5130
4328 5142
4328 5277
4328 5278
4329 4846
4330 4505
4333 4588
4335 4906
4336 4366
4336 4866
4337 5061
4337 5147
4338 4624
4338 5188
4341 4633
4341 4634
4342 4934
4343 4681
4344 4805
4344 4964
4344 5014
4344 5016
4345 4346
4347 4925
4349 5022
4349 5023
4352 4956
4353 4779
4353 4985
4354 4500
4354 4737
4354 4918
4358 4469
4358 5142
4359 5093
4359 5217
4359 5218
4360 5050
4361 4838
4362 4733
4362 4941
4362 5080
4363 4990
4364 4718
4365 4830
4366 4866
4369 4718
4372 4802
4373 4924
4373 4925
4373 5148
4374 4375
4374 4416
4374 4906
4375 4416
4375 4912
4376 4380
4376 5125
4377 4378
4377 4526
4380 4526
4381 4528
4381 4821
4381 4958
4382 4613
4382 4833
4383 4790
4384 4690
4385 4753
4385 4999
4385 5228
4386 4874
4387 4802
4388 4617
4390 5103
4392 4393
4395 4396
4397 4803
4397 5194
4397 5215
4398 4835
4398 4836
4399 4651
4400 4708
4402 4532
4402 4817
4404 5117
4405 4564
4405 4845
4406 4633
4411 5062
4412 4795
4412 5044
4413 4844
4417 4841
4418 5000
4418 5142
4418 5262
4419 4797
4419 4817
4420 5280
4421 5055
4422 5194
4422 5195
4423 4820
4424 5079
4425 5165
4427 5267
4428 4753
4428 4999
4428 5122
4429 4529
4429 4924
4429 5150
4430 5035
4431 4975
4432 4818
4432 4920
4432 5160
4433 4711
4433 4712
4433 4945
4434 4996
4435 4494
4436 5158
4437 4914
4438 4553
4438 5241
4439 5254
4439 5257
4440 4581
4440 5024
4440 5025
4441 4690
4443 4706
4443 4978
4443 4983
4444 5201
4444 5202
4446 5296
4447 4684
4448 5223
4450 4731
4451 4921
4452 4741
4454 4528
4454 4959
4456 4724
4456 4975
4456 4977
4458 4590
4459 5105
4459 5106
4460 4474
4460 5223
4461 5108
4463 4796
4463 4955
4464 5126
4466 4707
4466 5074
4467 4509
4468 5263
4469 4982
4471 5126
4472 5080
4472 5276
4473 4886
4474 5223
4474 5224
4474 5229
4477 5181
4481 5197
4482 4997
4484 4719
4485 5222
4487 4766
4487 5214
4487 5218
4488 4898
4488 4992
4489 5284
4490 4556
4490 4862
4490 4863
4490 4864
4490 4913
4491 4970
4492 5056
4494 4738
4494 5155
4496 4566
4496 4615
4496 4616
4501 4736
4504 4760
4504 4884
4504 5035
4505 5299
4507 5192
4507 5193
4507 5217
4508 4646
4508 4850
4509 4510
4512 4671
4512 5120
4515 4760
4515 4884
4516 4903
4518 4901
4518 5217
4519 4679
4522 4797
4522 4817
4522 5205
4525 5271
4527 4824
4528 4957
4528 4958
4528 5028
4529 4924
4529 5152
4532 4817
4533 5086
4534 4956
4535 4579
4536 4685
4536 5170
4537 4791
4538 4712
4539 4942
4540 5274
4542 5159
4544 4902
4546 5169
4547 4644
4550 4767
4551 5134
4551 5236
4552 5063
4553 5175
4555 4707
4559 4901
4560 5172
4563 4764
4566 4615
4566 4616
4566 4700
4567 5068
4570 5075
4570 5111
4571 4779
4571 4973
4571 4976
4573 4626
4574 4857
4577 4649
4579 4860
4581 5024
4581 5025
4582 4798
4582 5157
4583 5093
4583 5167
4584 5182
4585 4843
4586 4736
4589 5059
4589 5060
4590 4669
4591 5113
4592 4935
4592 4936
4593 5282
4594 4758
4594 4893
4594 4894
4594 4895
4594 4964
4594 4965
4595 5231
4595 5232
4596 5221
4597 4831
4598 5054
4602 4736
4604 4669
4605 5005
4606 4608
4608 4650
4609 5189
4611 5218
4611 5219
4614 4958
4614 5023
4615 4616
4616 4700
4619 5256
4623 5179
4623 5180
4624 5180
4625 4717
4625 5176
4626 4627
4628 5018
4629 5117
4630 4829
4632 5063
4632 5064
4633 4634
4634 4635
4636 5067
4637 4661
4637 4776
4640 4918
4642 4876
4643 5232
4645 4646
4647 5112
4652 5251
4653 4917
4654 5051
4660 5140
4661 5031
4662 5072
4667 4916
4667 4942
4671 5226
4672 4934
4672 5125
4674 5064
4676 5000
4677 4772
4678 4997
4678 5136
4680 4696
4685 5170
4685 5203
4687 4950
4687 4952
4689 5017
4689 5018
4691 5257
4694 5085
4695 4785
4695 4787
4696 4906
4698 4903
4702 4985
4703 4744
4703 5181
4703 5190
4703 5191
4705 4983
4706 4802
4707 4994
4707 4995
4708 4729
4709 4730
4711 4712
4715 4716
4715 4847
4716 4847
4716 5291
4717 5176
4720 4771
4722 4879
4723 4902
4723 5037
4723 5132
4723 5267
4724 4975
4724 5065
4725 4829
4726 4758
4726 4895
4726 4966
4727 5207
4731 4732
4731 4905
4731 4909
4733 5079
4733 5141
4734 4736
4738 4858
4740 5084
4740 5276
4744 5189
4746 4960
4748 4826
4748 4839
4748 4842
4748 5149
4748 5150
4749 4887
4752 5120
4754 5126
4758 4964
4758 4965
4762 4893
4762 4894
4764 5105
4765 5040
4766 5004
4766 5178
4770 5070
4771 4873
4780 5039
4780 5171
4783 4784
4784 5274
4788 4789
4791 4900
4791 5195
4793 4869
4793 4870
4793 4898
4801 4913
4805 5015
4805 5017
4807 5057
4809 5064
4810 4967
4810 5083
4811 4871
4811 4996
4812 5111
4816 5131
4816 5194
4818 4972
4819 4988
4821 5023
4829 4830
4840 4843
4841 5152
4844 4845
4848 4849
4852 4861
4853 5213
4855 4919
4857 4974
4857 4975
4859 4860
4862 4863
4866 5149
4867 5021
4868 5014
4868 5016
4869 4872
4870 4871
4870 4898
4873 4874
4873 5071
4874 5072
4880 4881
4882 5088
4882 5091
4882 5092
4893 4894
4894 4895
4895 4966
4896 5024
4897 5289
4897 5299
4901 5176
4903 5095
4904 5096
4904 5215
4905 4906
4910 4911
4916 4943
4922 4923
4924 5182
4928 5144
4930 5112
4931 5077
4931 5111
4933 5151
4936 5083
4938 5196
4940 5176
4940 5188
4941 5270
4946 4947
4949 5153
4950 4951
4950 4952
4954 4961
4954 5057
4954 5104
4963 5239
4964 4965
4965 5013
4967 5142
4967 5270
4968 5141
4978 4983
4986 5239
4987 5091
4990 5290
4990 5291
4993 4994
4998 5145
4998 5150
4999 5122
4999 5228
5000 5261
5001 5127
5002 5003
5007 5008
5010 5200
5014 5015
5017 5018
5024 5025
5026 5027
5026 5064
5026 5261
5027 5028
5029 5108
5033 5173
5035 5236
5037 5132
5040 5081
5040 5083
5040 5269
5040 5270
5040 5273
5042 5193
5044 5102
5045 5196
5047 5048
5051 5257
5074 5075
5079 5080
5084 5276
5086 5087
5087 5092
5093 5094
5095 5219
5100 5101
5116 5117
5117 5118
5126 5281
5127 5128
5132 5133
5133 5134
5138 5139
5139 5140
5144 5145
5144 5196
5157 5247
5159 5174
5172 5173
5176 5177
5185 5196
5186 5265
5188 5189
5189 5190
5192 5193
5192 5195
5194 5195
5197 5237
5198 5199
5199 5298
5205 5206
5209 5210
5213 5267
5214 5215
5218 5219
5219 5220
5220 5221
5223 5224
5225 5226
5235 5254
5248 5249
5249 5250
5260 5261
5261 5262
5262 5263
5272 5273
5277 5278
5281 5282
5287 5288
