0 1244
0 2318
0 4938
1244 4180
1244 4723
2318 4180
2318 4572
2318 4723
4938 1187
4938 2980
4938 4326
4938 5196
1 3035
3035 484
3035 509
3035 3032
3035 3033
3035 3034
2 2084
2084 2700
2084 3460
3 237
237 3003
4 2503
2503 934
2503 2703
2503 5168
5 4078
4078 3137
4078 3710
4078 5190
6 2085
2085 2518
2085 4252
7 4080
4080 2411
4080 3142
4080 5192
8 2185
2185 4168
2185 5259
9 935
935 851
935 5097
10 2087
2087 2088
2087 2290
11 4166
4166 4903
4166 5166
4166 5168
12 1097
1097 23
1097 1092
1097 2685
13 2125
2125 3463
2125 4120
14 238
238 270
15 239
239 3189
16 2312
2312 231
2312 4728
17 2089
2089 3165
2089 5012
18 2166
2166 229
2166 3294
2166 4653
19 1060
1060 233
1060 714
1060 4675
20 2241
2241 1331
2241 1333
2241 3928
2241 3969
21 5143
5143 1501
5143 1542
5143 1654
5143 3998
22 240
240 4891
24 241
241 1130
25 3193
3193 469
3193 2147
26 4741
4741 408
4741 3340
4741 3396
4741 4186
4741 4452
27 3870
3870 1302
3870 1782
3870 1793
3870 2256
3870 2259
28 242
242 4331
29 5041
5041 675
5041 2837
5041 3488
30 2091
2091 3696
2091 5114
31 2092
2092 5107
32 2852
2852 2094
2852 3501
2852 3502
33 243
243 5241
34 244
244 4331
35 2093
2093 2298
2093 5238
36 2094
37 488
488 468
488 1473
488 5122
38 2095
2095 3767
2095 4987
39 2117
2117 76
2117 3696
2117 5164
40 2096
2096 3292
2096 5232
41 2097
2097 2520
2097 3976
42 2098
2098 3771
2098 4366
43 3190
3190 356
3190 359
3190 362
44 245
245 271
45 246
246 4129
46 2099
2099 2101
2099 3526
47 2100
2100 2101
2100 3526
48 1079
1079 949
1079 951
1079 959
49 3974
3974 1531
3974 1668
3974 2147
3974 3165
50 2116
2116 2819
2116 2820
51 1796
1796 3130
52 2103
2103 4773
2103 5188
53 2104
2104 4761
54 2105
2105 2649
2105 3685
55 1932
1932 1803
1932 3214
56 5164
5164 1207
5164 2527
5164 2668
5164 2689
57 3183
3183 4507
3183 4816
3183 4940
58 5190
5190 1300
5190 2129
5190 2681
5190 4703
5190 5189
59 1266
1266 1237
60 2108
2108 3088
2108 5249
61 2222
2222 2292
62 2110
2110 2294
2110 4369
63 2111
2111 2681
64 2112
2112 3506
2112 4703
65 2018
2018 322
2018 3206
66 2393
2393 214
2393 1763
2393 3721
2393 3998
67 4491
4491 895
4491 2637
4491 2702
4491 4970
68 4984
4984 1452
4984 1590
4984 2851
4984 3977
69 1268
1268 1653
70 3524
3524 2814
3524 3454
3524 3455
3524 3465
3524 3519
3524 3901
3524 5154
71 1653
1653 2504
72 4791
4791 3734
4791 4111
4791 4537
4791 4900
4791 5195
73 2293
2293 2109
74 5195
5195 4422
5195 5192
5195 5194
75 247
247 272
77 2560
2560 2867
2560 4066
2560 4074
78 2118
2118 2317
2118 4149
79 4074
4074 696
4074 709
4074 2441
4074 2819
4074 3832
80 248
248 273
81 2119
2119 4098
2119 5232
82 2678
2678 4343
2678 4567
2678 5069
83 249
249 2012
84 250
250 2173
85 2120
2120 3819
2120 5208
86 3156
3156 716
3156 2437
3156 3175
87 2351
2351 796
2351 801
2351 1546
2351 1633
88 2121
2121 2487
89 2551
2551 3613
2551 3779
2551 5045
90 5088
5088 932
5088 942
5088 1070
5088 2072
5088 4882
91 251
251 2202
92 2122
2122 3216
2122 4357
93 2123
2123 3621
94 3100
3100 3517
3100 3735
3100 4564
95 2124
2124 5219
96 2088
2088 2290
97 858
858 143
858 152
858 205
858 856
858 5141
98 252
252 2212
99 5288
5288 2969
5288 3781
5288 4168
5288 5287
100 2126
2126 2576
2126 5249
101 2127
2127 2201
102 2128
2128 2533
2128 4355
103 2533
2533 3792
2533 4910
104 4273
4273 553
4273 570
4273 3452
4273 4897
105 3695
3695 561
3695 4534
3695 4727
3695 4955
106 2129
2129 3968
107 3293
3293 1072
3293 1083
3293 3177
108 2685
2685 2157
2685 5202
109 3366
3366 412
3366 435
3366 4182
110 1276
1276 1240
1276 3302
111 253
253 2176
112 2590
2590 3184
2590 3722
113 2200
2200 577
114 3199
3199 3196
3199 3197
3199 4167
115 3469
3469 1440
3469 1696
3469 4194
116 972
972 947
972 949
972 955
117 254
254 2177
118 4023
4023 999
4023 2965
4023 5221
119 4790
4790 1448
4790 1472
4790 3734
4790 4173
120 4157
4157 1733
4157 1744
4157 1792
4157 2198
4157 5109
121 4751
4751 407
4751 2165
4751 3879
122 4153
4153 3725
4153 4049
4153 4364
123 3926
3926 150
3926 1786
3926 1791
3926 3432
3926 4852
3926 4860
3926 4861
124 2132
2132 2206
2132 2465
125 255
255 2297
126 4299
4299 1196
4299 1207
4299 3685
127 256
256 1689
128 257
257 2368
129 4554
4554 2341
4554 3860
4554 4110
130 3612
3612 4323
3612 4433
3612 4711
3612 4712
131 3385
3385 4355
3385 4556
3385 4912
132 4889
4889 1213
4889 1214
4889 1216
4889 3966
133 2780
2780 1339
2780 3509
134 3302
3302 1263
3302 3364
135 4292
4292 1605
4292 3804
4292 4233
136 2133
2133 2620
2133 3814
137 2134
2134 2693
138 258
258 3489
139 5232
5232 899
5232 1538
5232 1545
5232 2173
5232 2208
5232 2348
5232 3645
5232 4595
5232 4643
140 2135
2135 2871
2135 4285
141 4416
4416 382
4416 384
4416 3950
4416 4121
4416 4134
4416 4374
4416 4375
142 259
259 2877
144 2136
2136 2933
2136 4705
145 2512
2512 1089
2512 1091
2512 1093
146 5231
5231 414
5231 3949
5231 4595
147 4792
4792 202
4792 452
4792 3530
4792 3704
148 2191
2191 440
2191 465
149 3621
3621 1623
3621 3228
3621 4480
3621 4639
151 2138
2138 4532
153 851
851 415
154 1082
1082 1031
1082 3434
155 4475
4475 526
4475 547
4475 2326
156 3472
3472 338
3472 4135
3472 4290
157 260
260 2514
158 5105
5105 1345
5105 1446
5105 4459
5105 4764
159 4017
4017 345
4017 350
4017 412
160 3142
3142 1341
3142 4537
161 4905
4905 416
4905 430
4905 3737
4905 4235
4905 4731
4905 4906
162 3655
3655 421
3655 3954
3655 4008
3655 4335
3655 4913
163 1544
1544 1538
1544 2348
164 2259
2259 1782
2259 2368
165 572
572 411
166 4127
4127 2454
4127 2458
4127 5038
167 261
261 1689
168 2442
2442 2000
2442 4203
2442 5006
169 2143
2143 2296
2143 2315
170 2144
2144 4208
171 2145
2145 2297
2145 4512
172 3721
3721 533
3721 5145
173 2146
2146 3704
2146 5207
174 2526
2526 926
2526 3719
2526 4902
175 437
437 391
437 2137
437 3658
176 262
262 5163
177 5082
5082 2080
5082 3244
5082 3528
5082 3627
5082 4246
178 3631
3631 988
3631 3101
3631 3104
3631 3120
3631 3140
179 2147
180 3151
3151 3852
3151 4652
3151 5129
181 263
263 1832
182 3290
3290 3653
3290 4112
3290 4576
183 264
264 1492
184 2148
2148 2475
2148 4900
185 2149
2149 3813
2149 4953
186 4900
4900 2917
4900 3710
187 2317
2317 3943
2317 4546
188 3747
3747 5131
3747 5180
189 2177
2177 3449
2177 4621
190 2488
2488 506
2488 5245
191 1432
1432 1426
1432 4177
192 3216
3216 1104
3216 1106
193 265
265 4233
194 2151
2151 2231
2151 2306
195 5259
5259 300
5259 2548
5259 3206
5259 3781
196 272
272 717
197 266
266 1346
198 5249
5249 223
5249 2400
5249 5248
199 1165
1165 1132
1165 2234
200 3986
3986 993
3986 3975
201 5121
5121 492
5121 493
5121 495
5121 2187
5121 2207
5121 3184
5121 3452
5121 3462
203 2154
2154 2537
2154 4318
204 3189
3189 4018
3189 4096
3189 4101
206 3373
3373 207
3373 4222
3373 4909
3373 4917
208 2156
2156 4608
2156 4962
209 1190
1190 1063
1190 2235
210 2158
2158 4687
2158 5057
211 3537
3537 1975
3537 2045
3537 2269
3537 4379
212 3799
3799 4332
3799 5000
3799 5142
3799 5268
213 2076
2076 2058
2076 4592
215 267
267 1077
216 5177
5177 2913
5177 5176
217 3393
3393 3514
3393 3525
3393 3527
218 2160
2160 3228
2160 5297
219 268
268 763
220 2161
2161 2300
2161 2332
221 2157
2157 1061
222 2163
2163 3596
2163 4147
224 2689
2689 2668
2689 4313
225 1107
1107 359
1107 2507
226 4999
4999 397
4999 3457
4999 4428
4999 5122
4999 5228
227 2165
2165 2301
228 4277
4277 1475
4277 3006
4277 5194
4277 5222
230 2167
2167 2178
2167 3756
232 4599
4599 365
4599 2700
234 1658
1658 1499
1658 5267
235 3175
3175 4462
3175 4675
236 269
269 3708
3003 1316
3003 1342
3003 3815
3003 4207
270 4177
4891 442
4891 737
4891 748
4891 761
4891 764
4891 2825
4891 2956
4891 3352
4891 3404
1130 1124
1130 3236
4331 1339
4331 1405
4331 2994
5241 648
5241 3423
5241 4242
5241 4438
271 343
4129 280
4129 2701
4129 2713
4129 3526
273 4675
2012 1342
2012 1354
2173 2208
2202 625
2202 2213
2212 808
2212 3336
2176 4260
2176 4827
2297 4079
1689 1684
1689 4961
2368 1408
2368 1766
2368 1824
3489 4731
3489 4732
2877 1328
2877 4558
2514 1091
2514 2513
2514 2516
5163 892
5163 894
5163 895
5163 898
5163 936
5163 3152
5163 3499
1832 1815
1832 2244
1492 1491
1492 2170
4233 1596
4233 2155
4233 2518
4233 4932
1346 1204
1346 1961
1346 3273
1077 1029
1077 1055
763 315
763 762
3708 883
3708 2673
3708 5087
4177 1437
4177 1536
4177 1578
343 332
343 4453
717 4210
4675 719
4675 2945
4675 3294
274 2701
274 3560
2701 3281
3560 3970
3560 3971
275 284
275 5141
284 1958
5141 277
5141 4733
5141 4968
276 2706
276 2707
2706 2713
2706 3970
2707 2713
2707 3970
277 5079
5079 2004
5079 4424
5079 4733
5079 5080
278 4793
278 4794
4793 2065
4793 2337
4793 3311
4793 4898
4794 2043
4794 2289
4794 3311
4794 3586
279 4511
4334 2991
4334 3885
4334 4193
4511 2721
4511 3846
4511 4191
4511 4193
280 3281
3281 3969
281 3959
281 4651
3959 299
3959 311
3959 323
3959 1674
3959 4853
4651 310
4651 3567
4651 4399
282 3969
282 3972
3969 3972
3972 283
3972 2713
283 2152
2152 2465
1958 1961
285 4246
4246 2005
4246 5084
286 3421
3421 4589
3421 4948
5055 329
5055 4162
5055 4421
287 2337
2337 2055
2337 2078
2337 4520
288 330
288 2898
330 4772
2898 5101
289 2722
289 3822
2722 3822
2722 4426
2722 4656
3822 2062
3822 4426
3822 4656
3822 4869
3822 4872
290 3604
290 4585
3604 2071
3604 2903
3604 2919
4585 3257
4585 3963
4585 4843
291 3599
291 4444
3599 2490
3599 4390
4444 1215
4444 2490
4444 5201
292 4189
292 4898
4189 2041
4189 2042
4189 2049
4189 2067
4189 2697
4189 4656
4189 4870
4898 1989
4898 2025
4898 2026
4898 2034
4898 2041
4898 2359
4898 2697
4898 4488
4898 4870
293 331
293 3526
331 2354
3526 294
3526 2101
3526 3337
3526 3519
294 296
296 2354
295 1085
295 3338
3338 2292
3338 2354
3338 3337
2354 3336
297 2916
297 4676
2916 2036
2916 4750
4676 752
4676 1510
4676 2725
4676 4041
4676 4107
4676 5000
298 2184
298 4872
2184 5119
4872 2672
4872 4869
299 4853
4853 310
4853 3224
4853 3572
4853 5213
301 4478
301 5011
4478 414
4478 2925
4478 3017
5011 390
5011 443
5011 2142
5011 2189
5011 3268
302 352
302 3519
352 304
352 348
3519 2397
3519 3454
3519 3508
303 2809
303 3673
2809 2031
2809 2827
3673 2286
3673 2827
3673 4948
3673 4949
304 348
348 306
305 2225
2225 1915
2225 4191
306 3901
3901 307
3901 308
3901 3454
3901 3465
307 4946
4946 667
4946 670
4946 2347
4946 4947
4947 2372
4947 2374
4947 2846
309 759
309 4512
759 762
759 4512
4512 315
4512 495
4512 3625
4512 4671
311 5266
5266 314
5266 2209
5266 3246
5266 3652
312 3367
3367 3325
3367 4002
5102 579
5102 2435
5102 2616
5102 3325
5102 4228
5102 5044
313 728
313 2207
728 486
314 2182
316 321
316 5059
321 5058
321 5059
5059 1999
5059 2014
5059 4589
317 2023
317 3569
2023 4297
3569 394
3569 5120
318 4810
318 4941
4810 2005
4810 5083
4941 3245
4941 3254
4941 3542
4941 4362
4941 5270
319 4315
3691 2752
4315 2813
320 2113
320 2425
2113 4278
2425 2015
2425 2020
2425 4278
5058 2788
5058 3372
5058 4162
5286 514
5286 771
5286 819
323 5212
5212 2757
5212 2781
5212 2909
5212 4125
324 606
324 3900
606 5270
3900 2004
3900 5081
325 3234
325 4740
3234 4216
3234 5040
4740 3297
4740 5084
326 3556
326 4689
3556 3896
3556 3911
3556 5154
4689 3951
4689 5017
4689 5018
327 2291
2090 1086
2090 2291
2090 4426
2291 1772
328 2536
328 4453
2536 337
2536 2539
2536 3789
4453 337
4453 3084
4453 3274
4453 3738
329 2342
2342 560
2342 3927
4772 2975
4772 3138
4772 4677
355 2539
333 3797
333 4297
3797 399
3797 2137
3797 4671
4297 399
4297 3658
4297 5226
334 2616
334 4442
2616 5103
4442 2029
4442 3633
335 2830
335 5147
2830 3878
2830 4337
5147 1274
5147 2603
5147 4300
5147 4337
336 3365
336 4272
3365 4680
4272 387
4272 3158
4272 4413
4272 4680
4272 4844
338 3307
3307 4135
3307 4136
339 2582
339 4909
2582 4450
2582 4732
4909 3735
4909 4731
340 3792
340 4863
4863 363
4863 2613
4863 3182
4863 3451
4863 3495
4863 3639
4863 3640
4863 4490
4863 4862
341 5224
341 5225
5224 466
5224 489
5224 3025
5224 4120
5224 4474
5224 5223
5225 2824
5225 4026
5225 4079
5225 4244
5225 5226
342 2164
342 2390
2164 4701
2390 379
344 3084
344 3867
3084 4150
3867 408
3867 4759
345 347
347 4701
346 2131
2131 3460
4701 3206
349 379
4420 370
4420 5280
350 4682
4682 371
4682 372
4682 2548
4682 3403
351 2620
351 4834
2620 366
4834 3322
4834 3323
4834 3869
353 2963
2963 3814
2963 5245
4186 395
4186 396
354 3339
354 4862
3339 3426
3339 3495
4862 3182
4862 3426
4862 3584
4862 3585
4862 4020
4862 4490
2539 4525
356 4221
4221 456
4221 458
4221 2507
4221 3460
357 3879
357 5204
3879 361
3879 2388
3879 5204
3879 5223
5204 389
5204 724
358 1114
1114 367
5227 608
5227 620
360 4304
2388 704
4304 389
361 5223
5223 704
5223 3025
5223 4448
5223 4460
5223 4474
362 4923
4923 479
4923 2567
4923 3789
363 3451
3451 2853
3451 3295
364 368
368 721
365 5097
5097 366
5097 405
5097 2705
5097 3869
367 2230
2230 3913
721 2855
369 402
402 2313
3295 2853
3295 3495
3690 438
3690 439
371 380
380 4926
373 374
373 3907
374 3907
3907 3743
3907 4556
3907 4910
3907 4913
375 400
375 2878
400 5299
2878 3682
376 4121
376 4374
4121 3950
4121 4374
4121 4375
4121 4906
4121 4912
4374 3950
4374 4375
4374 4906
377 2700
377 5280
5280 2772
378 3306
378 3337
3306 3304
4926 438
4926 474
4926 3379
4926 3403
381 4460
4460 791
4460 3960
4460 4474
4134 2744
4134 4135
383 3168
392 2753
3168 3929
3168 4885
2937 388
2937 3899
2937 4135
385 2189
385 2483
2483 434
2483 4806
386 3404
3404 390
4680 3746
4680 4290
4680 4696
388 4135
391 2137
2753 669
2753 4885
393 3826
393 4763
3826 1711
3826 1757
3826 2414
3826 5134
4763 2907
4763 3992
4763 4011
4763 4137
394 4897
4897 5289
4897 5299
395 3814
3814 5245
396 3340
3340 467
397 5122
5122 468
5122 626
5122 630
5122 637
5122 3598
5122 4428
398 407
398 3268
3268 724
5299 637
5299 4505
401 2395
401 5099
2395 5098
5099 3380
5099 3606
5099 3704
2313 710
2313 2290
403 421
403 4008
4008 2493
4008 3564
4008 3954
4008 4801
4008 4913
404 3954
404 4801
3954 3564
3954 4801
4801 2456
4801 4222
4801 4913
405 3377
3377 436
3377 470
406 514
406 3626
3626 634
3626 813
3626 3682
409 2548
409 4182
410 2142
410 4806
4806 666
4806 734
4806 2825
4806 3636
411 417
417 2199
413 2139
413 4525
2139 5276
4525 450
4525 3384
4525 5271
415 2521
2521 479
2521 4759
416 4906
4906 2456
4906 3431
4906 3494
4906 3737
4906 3824
4906 4335
4906 4696
2199 5012
418 4869
4118 2659
4118 4871
4869 2011
4869 2037
4869 2959
419 445
419 481
445 482
481 483
420 2507
420 4922
2507 456
422 2567
422 4291
2567 2608
4291 5271
4291 5276
423 3824
423 4335
3824 4283
3824 4335
3824 4497
4335 3699
424 426
424 4497
426 428
4497 428
4497 3699
425 471
425 3746
471 4908
3746 4413
3746 4696
428 4914
427 4696
487 4908
4696 3494
4914 602
4914 618
4914 619
4914 4437
429 447
429 483
447 482
483 2849
430 2794
2794 4283
2794 4916
431 435
431 4927
4927 441
4927 446
4927 491
4927 3403
432 824
824 436
433 4082
433 4912
4082 2693
4082 2782
4082 4375
4912 4375
434 4448
4448 633
4448 2330
3658 2768
439 2705
440 2190
2190 5012
441 4612
4612 3379
4612 3380
4612 3606
442 1531
443 3636
3636 737
3636 756
3636 764
3636 1176
3636 2825
444 3376
444 5034
3376 1811
3376 3572
5034 1680
5034 2461
5034 2984
446 2192
2192 4483
448 2986
448 4381
2986 4294
2986 4821
4381 3790
4381 4528
4381 4821
4381 4958
449 460
449 2721
460 577
2721 4925
451 1917
451 3342
1917 2285
1917 3342
3342 1867
3342 2019
452 4483
4483 4025
453 2948
453 3594
2948 4346
2948 4658
3594 1274
3594 1489
454 2471
454 4961
2471 3702
2471 3983
4961 2981
4961 4097
4961 4954
455 3392
455 4915
3392 3903
3392 4450
4915 573
4915 2073
457 2704
457 4732
2704 459
2704 462
4732 3553
4732 4731
458 5277
5277 2765
5277 4328
5277 5278
461 3960
461 4474
3960 4244
4474 774
4474 4244
4474 5229
462 4269
4269 484
4269 508
4269 2196
4269 3370
463 2193
463 4867
2193 3951
4867 2739
4867 4295
4867 5021
464 2194
464 3645
2194 2412
2194 3645
3645 881
3645 3292
465 5012
5012 1178
5012 3017
466 4079
4079 2824
467 5246
5246 3384
5246 3806
470 474
4908 2669
4908 2693
4908 2782
4908 3680
4908 3899
472 3086
472 3948
3086 3883
3086 5036
3948 2379
3948 3329
473 509
473 3553
3553 2826
3553 4405
475 2195
475 2997
2997 757
476 486
476 2662
486 2662
2662 3184
477 2196
477 3034
3034 3033
478 2748
478 2828
2748 3637
2748 4322
2828 3637
2828 4145
480 3370
480 4405
3370 3308
4405 2826
4405 3946
4405 3987
4405 4564
4405 4845
2849 1442
2849 2889
2849 2892
485 2187
1473 4184
489 4244
4244 654
490 500
490 5263
500 5264
5263 723
5263 1099
5263 2781
5263 3657
5263 4468
5263 5262
491 5211
5211 525
5211 678
5211 3333
5211 3470
5211 3473
5211 3606
492 3625
3625 3462
493 5294
5294 499
494 3501
494 3523
3501 3422
3501 3483
3501 3517
3501 3523
3523 2686
3523 2687
3523 2910
3523 3483
496 3062
496 3085
3062 3076
3062 4145
3085 3073
497 3483
497 3502
3483 3422
3502 535
498 535
498 3422
499 3452
5264 617
5264 638
5264 713
5264 1972
5264 2068
5264 2472
5264 2537
5264 3547
501 4463
501 4956
4463 2750
4463 2837
4463 4796
4463 4955
4956 503
4956 545
4956 673
4956 674
4956 4352
4956 4534
502 4300
4300 2603
5104 2027
5104 2717
5104 3910
5104 4954
503 2837
504 3852
504 4823
3852 4030
4823 555
4823 2576
4823 3862
505 2405
505 5248
2405 1305
5248 663
5248 664
5248 2400
506 5244
5244 536
5244 2326
5244 3406
507 652
507 680
652 4642
680 4875
508 3308
3308 4844
510 2692
510 3326
2692 2622
2692 2912
3326 2912
3326 4384
511 5044
3138 2235
3138 4301
3138 5044
5044 1063
5044 1836
5044 2235
5044 2975
5044 4412
512 2204
512 2400
2204 678
513 519
513 3937
519 4727
3937 4351
3937 4534
3937 4727
515 3101
515 4605
3101 988
3101 5004
4605 3140
4605 4140
4605 5005
516 4358
516 4684
4358 2725
4358 4041
4358 4469
4358 5142
4684 4041
4684 4447
517 5210
522 525
5210 2321
5210 3470
5210 3606
5210 4085
5210 5209
518 3382
3382 2628
3382 3507
3382 3518
3382 4091
3507 3518
3507 4642
4727 561
4727 623
4727 658
4727 1353
4727 5207
520 3462
520 5120
3462 5120
5120 570
5120 4752
521 524
521 4084
524 3321
4084 655
4084 656
4084 4534
523 528
528 566
4778 556
4778 1294
4778 4242
3321 2321
526 3482
3482 556
527 532
527 5052
532 529
5052 549
5052 1210
5052 3723
566 3836
529 4875
4875 3178
530 2817
2817 537
2817 749
4288 531
4288 3989
4288 5054
531 564
564 3341
533 4476
4476 543
4476 1171
4476 3998
534 563
563 4757
3989 1295
3989 5054
536 3095
3095 4796
3095 5247
537 1295
538 567
538 5250
567 3715
5250 1696
5250 3860
539 3418
539 3486
3418 4361
3418 4825
3486 4693
3486 4825
540 3088
540 3860
3088 4110
541 2962
541 5054
2962 4247
2962 5053
5054 2328
5054 3616
5054 4598
542 2407
542 5100
2407 4090
5100 1657
5100 3315
5100 3693
5100 3910
5100 5101
543 3069
3069 3583
3069 5101
544 558
544 4028
558 4384
4028 565
4028 4712
545 4351
4351 628
4351 3488
546 3437
546 4757
3437 2745
4757 2745
4757 3616
547 3836
3836 5207
3836 5208
548 2864
548 4242
2864 3235
2864 3630
4242 3278
549 3927
3927 581
3927 5053
550 4457
550 4519
4457 1201
4457 2749
4457 2797
4519 636
4519 1088
4519 1522
4519 4679
551 4515
4515 3821
4515 4760
4515 4884
5236 2630
5236 3652
5236 4551
5236 5035
552 2472
2472 1736
4468 559
553 4664
4664 1330
4664 2926
4664 4276
554 581
555 4030
4030 2835
557 3871
557 3884
3871 2453
3871 4501
3884 2358
3884 4602
4384 3319
4384 4690
559 562
562 3224
560 569
569 4598
3341 574
3341 632
3341 2186
3341 4942
3341 4943
565 2745
3715 1294
3715 2746
568 640
568 4603
640 2347
4603 2790
4603 3166
4603 3167
4603 3891
4603 4253
4598 2048
571 1756
1756 1746
573 2213
2213 621
574 2186
2186 4943
575 2320
2320 576
2320 4943
4081 2333
4081 3446
576 4814
4814 603
4814 604
4814 691
4814 695
4814 703
4814 2381
4814 2384
4814 2420
578 2594
2594 4711
2594 4876
4441 2556
4441 4690
579 2842
2842 1053
2842 4090
580 2321
582 585
585 2324
2940 3255
583 587
583 2360
587 2174
2360 3840
2360 4085
584 2322
584 3391
2322 4690
2322 4876
3391 4711
3391 4876
2324 3255
2324 4048
586 588
586 4876
588 605
4876 2327
4876 2854
4876 3166
4876 3167
4876 3518
4876 4255
2174 4085
605 589
589 2335
2335 2789
2335 2790
590 599
590 3344
599 2068
3344 751
3344 4674
591 829
591 3913
829 630
3913 609
3913 722
3913 5226
592 828
592 3500
828 4551
3500 3456
3500 3602
593 2789
593 2790
2789 2776
594 2326
594 3819
595 2327
596 3166
597 2328
2328 4247
4917 2377
4917 3809
4917 4653
598 4943
3446 3759
4943 613
4943 672
4943 2333
4943 3335
4943 3759
4943 4916
600 2341
600 3630
2341 675
3630 3235
601 3475
601 5037
3475 4590
3475 4604
5037 3490
5037 3887
5037 4723
5037 5132
602 4077
4077 603
4077 604
4077 2331
4077 4437
5270 4056
5270 4967
5270 5040
607 2201
607 3809
2201 4945
3809 4667
3809 4942
608 2330
2330 612
3598 620
3598 622
610 2377
610 4437
2377 4916
4437 611
4437 3759
611 3459
3459 613
3459 3759
4643 2956
4643 4058
614 665
614 5237
665 4572
5237 1356
5237 2630
5237 3566
5237 5197
615 3520
2598 3931
3520 3453
616 2379
616 3883
3883 1127
617 644
644 650
3335 672
3335 676
3335 2319
619 2319
2319 2729
621 2465
2465 4667
622 4385
4385 4753
4385 5228
623 3674
3674 5208
3674 5209
624 3859
624 4807
3859 3105
3859 3192
4807 2035
4807 2788
4807 5057
625 2206
626 630
627 641
627 3001
641 4323
3001 629
3001 4942
628 4352
629 4539
4539 639
4539 2349
4539 4062
4539 4942
631 806
631 2684
806 797
2684 5036
2684 5132
4942 4667
633 5226
5226 722
5226 3628
5226 4671
634 2840
2840 3682
635 2757
2757 2781
636 2610
2610 1062
2610 4679
638 1972
1972 1994
639 4062
4062 3745
4062 4433
4062 4711
2347 4270
4323 4433
642 725
642 2414
725 5187
2414 5135
643 3821
3821 4473
4885 3345
4885 3435
650 3705
645 4058
645 5228
4058 666
4058 2208
5228 3949
646 3386
646 4699
3386 3474
4699 1180
4699 1182
4699 1184
4699 2417
4699 2966
4699 3054
647 4760
2766 3661
2766 4883
4760 3424
4760 4504
648 677
649 2816
2816 798
2816 4389
3263 945
3263 4389
3705 1007
3705 1458
3705 5184
651 2491
2197 4333
2491 679
2491 4948
4642 3319
4642 3518
4642 4255
653 1353
5207 3476
654 1632
1632 1352
655 3840
3840 4534
656 4319
4319 663
4319 664
4319 673
4319 674
4319 4085
4319 4534
657 659
657 941
941 780
658 2069
2069 5208
5183 938
5183 4156
5183 4175
660 2374
660 4253
2374 4588
4253 661
4253 683
661 2846
2846 670
662 2054
662 2203
2054 4191
2203 4866
4572 2887
667 4255
4255 4945
668 3346
668 3488
669 4886
4886 3420
4886 3853
4886 4473
671 3749
671 5016
3749 2339
3749 4344
5016 4344
676 2729
2729 3903
679 4038
4038 681
4038 2364
681 4333
4333 683
4333 4588
682 3588
682 5151
3588 1188
3588 2409
3588 5151
5151 2554
5151 4156
5151 4230
5151 4933
684 3745
684 4945
3745 4433
3745 4538
4945 2652
4945 4433
685 687
685 4100
687 4100
4100 2420
686 689
686 727
689 695
727 688
727 697
2413 3678
2413 4267
688 691
690 693
690 697
693 703
692 694
692 2381
694 3864
2381 4813
3864 2394
3864 4314
696 702
702 709
698 2386
698 5175
2386 4438
2386 5243
5175 985
5175 1297
5175 4553
699 2427
2427 4356
3851 4066
3851 4462
700 3671
700 5238
3671 733
3671 4590
5238 790
5238 891
5238 996
5238 1504
5238 1649
5238 2298
5238 2303
701 2205
701 2304
2205 4075
2304 4065
709 4065
705 2942
2741 706
2741 2941
2942 744
2942 1564
2942 2941
706 2943
2943 2941
2943 2944
2943 2945
707 3266
707 4447
3266 3250
4447 3411
708 712
708 2169
712 710
4065 2385
4065 3888
4065 3889
4065 4462
711 755
711 2316
755 729
2316 726
2316 730
714 4462
4462 2437
4462 2443
4462 3880
715 3031
3031 3126
3031 3131
3846 1821
3846 2021
3846 4658
716 4356
4356 773
4356 776
3845 2452
3845 4492
4210 2708
4210 3892
4210 4209
718 3719
718 4545
3719 4185
4545 958
4545 2508
4545 3041
5056 2973
5056 2981
5056 4492
720 2404
720 4669
2404 733
2404 3444
4669 915
4669 1478
4669 4263
4669 4590
2855 4797
723 2537
5187 1748
5187 3128
5187 4156
726 2290
729 1424
1424 730
1424 3832
731 4107
4107 1142
4107 3657
732 758
732 2394
758 4813
2394 3786
735 742
735 3678
742 787
3678 3294
736 2944
736 2945
2944 787
2945 2935
738 4175
738 5197
4175 826
4175 1036
5197 2070
5197 3566
5197 4481
739 3909
739 4249
3909 1217
3909 2643
4249 2876
4249 3381
4249 3663
4249 3897
740 2583
740 3754
2583 4057
2583 4158
3754 4123
3754 5021
741 747
741 2422
747 3898
2422 5123
2422 5124
743 2423
743 3071
2423 2415
2423 3833
2423 4721
3071 760
3071 2415
3071 3833
744 1564
1564 2935
745 3833
745 4720
4720 3362
4720 3923
4720 4771
746 2179
746 2303
2179 1677
3898 766
3898 4804
749 4944
4944 753
4944 2542
750 2415
750 4721
4721 817
4721 2183
753 4267
4267 4314
754 3887
754 4902
3887 4458
3887 4590
4902 797
4902 3668
4902 4544
4902 4723
756 2825
757 2210
2210 5293
4813 2333
760 767
767 5293
761 5233
5233 772
5233 2348
5233 2412
5233 3893
765 3755
765 5023
3755 2428
3755 5024
5023 3401
5023 3429
5023 4083
5023 4187
5023 4349
5023 4614
766 771
5293 1815
5293 1899
5293 1962
5293 3173
768 3953
768 4949
3953 3372
3953 4589
4949 5153
769 2231
769 3713
2231 2306
3713 3720
3713 4154
770 2211
770 2821
2211 2820
2821 2441
2821 2819
2821 2867
772 3352
773 2384
2384 3880
5003 1427
5003 2345
5003 5002
775 784
775 1039
784 1039
784 2799
1039 1032
777 4009
4009 2385
4009 2387
778 1067
778 3832
1067 4075
779 4228
779 5101
4228 1558
4228 1637
4228 1836
4228 2435
5101 1180
5101 1181
5101 1558
5101 3315
5101 3348
5101 3583
780 783
783 4674
781 1343
781 2867
782 2314
2314 1677
4674 1173
4674 3005
4674 3133
4674 3210
4674 4318
4674 5064
2799 4339
2799 4544
785 3889
785 4075
3889 4066
4075 3888
786 790
786 4389
4389 971
4389 3041
788 2363
788 3610
2363 793
3610 3533
3610 4154
789 799
789 3165
791 5229
5229 2925
5229 4026
792 1546
792 5297
5297 800
5297 802
5297 1271
793 3525
3525 3496
3525 3521
794 4123
794 5018
4123 4057
5018 4628
795 4749
795 5134
4749 3602
4749 3929
4749 4887
5134 3345
5134 3931
5134 4551
796 5296
5296 1281
5296 2495
5296 3212
5296 4446
798 4544
4544 3091
3544 840
800 1633
801 1248
1248 1260
805 2175
803 1045
803 4514
1045 804
4514 2711
804 2695
2695 3314
2695 4972
2175 4610
807 4414
4414 809
4414 860
4969 810
4969 1135
4969 3912
808 2305
2305 3023
809 2618
2618 1080
2618 4855
810 2801
2801 1231
2801 3912
811 4694
811 5090
4694 2530
4694 2649
4694 5085
5090 968
5090 2464
812 2214
812 3289
2214 815
3289 814
3289 816
3289 2215
3289 2460
3289 3620
813 4098
4098 819
4098 3682
3620 821
3620 2450
3620 3368
816 2215
3923 1825
818 4386
818 5070
4386 3362
4386 4164
4386 4874
5070 3299
5070 4164
5070 4770
820 3433
820 5029
3433 822
3433 5109
5029 2248
5029 2380
5029 4109
5029 4163
5029 5108
821 2460
2460 4265
822 5108
5108 1482
5108 1779
5108 4461
823 855
837 855
837 2155
855 2155
855 2299
825 2464
825 4265
2464 3839
4265 2469
4265 5085
826 4997
4997 3103
4997 4482
4997 4678
827 843
827 848
843 839
843 4264
848 3317
4551 3490
830 3445
830 5258
3445 3711
3445 5287
5258 3379
5258 3862
831 4868
3911 2985
3911 5154
4868 2730
4868 2792
4868 5014
832 2466
832 3918
2466 4274
2466 4591
3918 4467
3918 4510
833 2371
2371 840
2371 1668
834 2467
834 5028
2467 4959
5028 835
5028 2883
5028 3765
5028 4528
5028 5027
835 5020
5020 2647
5020 3825
836 3817
836 5008
3817 841
3817 2666
3817 3895
5008 925
5008 1225
5008 1416
5008 1530
5008 4312
5008 4317
5008 5007
838 2450
838 2474
2450 4264
2474 3368
2474 4264
839 4264
4264 2454
4264 2469
841 2216
2216 3064
842 4298
842 5089
4298 3839
4298 5038
5089 2484
844 2451
2451 846
2451 859
845 925
3895 913
3895 3407
846 4562
4562 3827
847 1377
847 1416
1416 3632
3317 2454
849 4042
849 5032
4042 2754
4042 4142
4042 5200
5032 850
5032 1225
5032 1787
5032 4142
850 2086
2086 5118
852 3253
852 3549
3253 5038
3253 5086
3549 929
3549 5085
853 3303
853 4035
3303 862
3303 4251
4035 1483
4035 3920
854 940
854 2219
940 933
2219 5092
2299 3236
856 1961
857 861
857 3810
861 2482
3810 876
3810 2485
4888 4190
860 880
880 3727
2482 4533
862 3356
3356 4250
863 2671
863 4142
2671 5009
4142 3988
864 2932
864 5287
2932 885
2932 1545
2932 5287
5287 948
865 4168
4168 881
866 873
866 2525
873 4250
2525 2665
2525 2998
867 4039
867 4774
4774 886
4774 887
4774 890
868 5162
5162 869
5162 870
5162 872
5162 2702
870 1191
1191 3727
871 3273
871 3697
3273 1204
3273 2001
3697 2013
3697 3251
3697 5138
2502 898
2502 900
4250 2544
4250 2998
874 897
874 3727
3727 4971
875 5013
875 5017
5013 906
5013 3894
5013 3914
5013 4965
5017 3401
5017 3513
5017 4805
876 4820
4820 877
4820 878
4820 2492
4820 2501
877 4423
4423 882
4423 2492
4423 4170
878 3007
3007 4987
3007 4988
879 3292
3292 2348
3562 890
3562 4170
3562 5087
883 4882
4882 929
4882 5091
4882 5092
884 4117
884 4819
4117 2492
4117 3499
4819 908
4819 911
4819 912
4819 4268
4819 4988
886 4533
4533 2484
4533 5086
887 889
889 936
888 893
888 4053
893 3540
4053 2462
4053 4615
4053 4616
4053 4700
891 4604
4604 910
4604 2508
4604 3668
892 905
905 909
3540 2462
894 1189
1189 4170
896 2217
896 3971
2217 3928
3971 1462
3971 2366
904 920
899 3949
3949 4753
900 4313
4313 1186
901 3499
4569 907
4569 911
4569 919
4569 3270
902 948
902 2584
948 2584
2584 4486
903 1075
903 1078
1075 3301
1078 3872
920 5161
909 1070
906 3914
3914 2436
3914 4893
907 3152
3152 4170
908 919
910 916
916 4458
912 982
982 3794
913 5009
5009 1535
5009 2511
914 943
914 958
943 3978
915 918
918 2508
4458 3493
4458 4590
917 927
917 4988
927 3794
4988 952
5161 1186
5161 2673
5161 3600
921 2072
2857 3794
922 2220
922 3601
2220 5185
3601 1351
3601 1363
3601 2552
923 4987
4987 5091
924 3928
3928 1333
3928 1462
3928 2424
3928 3097
926 4227
4227 983
4227 986
4227 3739
4227 3783
4227 4339
928 4895
4179 4761
4895 3890
4895 4325
4895 4594
4895 4726
4895 4894
930 3800
3052 3800
3052 4566
3052 5025
3800 4566
3800 4615
3800 5025
3800 5261
931 3438
931 4761
3438 4704
4761 2436
932 3270
3270 933
934 2432
2432 1743
2432 2703
937 4263
937 4670
4263 1802
4263 3652
4670 966
4670 3652
938 5184
5184 977
5184 1177
5184 1232
5184 2797
5184 3571
939 1609
939 3082
1609 4815
3082 3068
3082 3696
4815 2517
4815 3685
4815 3767
3978 965
3978 986
3978 4543
944 3467
944 4429
3467 5152
4429 1119
4429 1397
4429 4529
4429 4924
4429 5150
946 5185
4482 969
4482 1007
5185 964
5185 1049
5185 1058
5185 5196
947 951
950 2221
950 2644
2221 3447
2644 3730
2644 4655
1205 3447
953 2528
953 3798
2528 5166
2528 5219
3798 2332
3798 5166
954 2224
954 4800
4800 1889
4800 3767
955 991
991 963
956 5060
3878 1863
3878 4337
5060 2410
5060 2676
5060 4124
5060 4589
957 5166
957 5167
5166 2703
5167 3060
5167 3756
959 2109
960 1202
960 2346
1202 961
1202 4108
2346 961
2346 962
2346 4479
963 1031
2457 977
2457 1643
965 4339
966 3444
967 3756
967 4698
3756 2178
3756 4188
4698 3018
4698 4188
4698 4903
3659 970
3659 3324
970 4108
4108 2531
971 4543
4543 998
4543 3091
973 4582
973 4692
4582 2538
4582 2540
4582 3806
4582 4798
4692 974
4692 975
4692 3806
3701 1998
3701 2664
975 3742
3742 2540
3742 5273
976 2376
976 5169
2376 1752
2376 4188
5169 3098
5169 4546
978 1027
978 4928
1027 5148
4928 1200
4928 1763
4928 5144
979 4835
979 5157
4835 2546
4835 3778
4835 4398
5157 2547
5157 4013
5157 5247
980 3777
980 3983
3777 2760
3777 3078
3777 3863
3983 3985
981 3357
981 5148
3357 1008
5148 3635
5148 4373
983 2223
2223 2298
984 2552
984 4677
2552 3772
4677 1537
4677 3330
4677 3772
985 3812
3812 2550
3812 2577
987 3078
987 3222
3078 3975
3222 989
3222 995
2760 3984
990 4147
990 4425
4147 2546
4147 3441
4425 2577
4425 5165
992 3993
992 4622
3993 1028
3993 1038
3993 5159
4622 994
4622 2559
4622 3736
993 2970
2970 3985
2970 4648
5158 1024
5158 2375
5158 2574
5158 4436
3975 3863
996 5267
5267 3041
5267 3246
5267 4427
5267 4723
997 3818
997 4596
3818 3104
3818 4487
4596 2565
4596 3318
4596 5221
998 4185
4185 2908
4185 3844
999 2565
2565 4140
1000 1005
1000 4051
1005 4031
4051 1002
4051 1055
4051 3177
1001 5172
3934 5174
5172 2547
5172 2562
5172 2563
5172 4560
5172 5173
1003 2554
1003 4933
2554 3213
4933 1505
4933 2373
4933 2844
4933 2850
1004 1021
1004 3775
1021 5033
3775 2553
3775 5173
4031 1025
4031 2573
4031 3854
1006 4068
2375 4436
4068 3774
4068 5156
5182 1036
5182 1321
5182 3635
5182 4584
1009 4013
1009 5156
4013 1064
5156 2570
1010 3116
1010 5221
3116 3163
3116 3389
5221 3389
5221 5220
1011 2573
1011 3856
2573 1013
3856 1167
3856 3135
3856 3144
1012 2568
1012 3600
2568 4205
3600 4508
1013 3855
3855 1167
1014 2967
1014 3774
2967 5155
3774 4436
1015 2569
1015 4055
2569 5095
4055 1022
4055 1170
4055 3389
1016 4144
1016 4336
4144 3559
4144 4086
4144 4232
4336 3802
4336 4366
4336 4866
1017 3854
3854 1040
3854 3144
1018 4436
1018 4798
4798 1020
4798 2664
1019 3760
3760 1026
3760 2923
3760 5095
1020 1064
5033 1028
5033 4067
5033 5173
1022 3163
3163 3389
1023 1029
1023 1094
1094 1092
1024 1038
1025 2993
2993 3841
1026 5219
5219 4611
5219 5095
5219 5218
5219 5220
1030 4140
1030 5218
4140 2965
4140 5220
5218 2430
5218 4359
5218 4487
5218 4611
1032 3668
1033 3091
1034 1047
1034 3936
1047 4435
3936 1035
3936 5155
1035 4494
4494 2587
4494 4435
4494 4738
4494 5155
1037 2226
1037 4218
2226 1049
4218 1537
4218 2439
4218 3613
1040 3703
3703 1043
3703 1179
3703 3135
1041 1066
1041 2430
1066 5096
2430 3849
1042 3849
1042 5095
3849 1048
3849 5095
5095 2923
5095 3908
5095 4903
1044 2655
1044 5159
2655 4850
2655 5159
5159 4542
5159 5174
1046 2903
1046 2919
2903 4710
2919 4417
4435 2614
4435 4069
1048 5094
5094 3132
5094 3943
1050 4131
4131 2563
4131 2585
4848 2597
4848 2601
4848 2604
4848 2615
4848 3744
4848 4849
1051 3417
1051 4858
3417 4021
4858 2587
4858 2668
4858 4738
1052 3615
1052 4359
3615 2895
3615 5214
4359 3908
4359 5093
4359 5217
3693 1181
1054 4849
4024 2574
4024 4738
4849 3729
4849 4021
1056 2612
1056 5152
2612 4530
2612 4866
5152 1065
5152 4027
5152 4529
5152 4841
1057 3908
2017 3908
2017 4904
3908 2895
1059 2162
1059 4141
2162 4000
4141 2691
4141 4390
1061 4095
4095 2236
4095 2811
4095 3043
4095 3048
4095 3841
4095 4018
4095 4101
1062 4981
4981 1222
4981 4011
1065 4086
4086 2509
4086 3771
5096 3269
5096 3943
5096 4904
1068 5214
1068 5215
5214 2894
5214 2905
5214 4487
5214 5215
5215 1101
5215 3006
5215 4397
5215 4904
1069 3174
1069 4660
3174 1132
3174 2238
3174 2264
3174 3677
3174 3741
4660 2001
4660 3251
4660 5140
1071 3780
1071 4508
3780 4205
3780 4657
4508 3707
4508 4646
1072 2663
2663 3237
1073 2615
1073 4067
2615 3731
4067 5160
1074 2516
1074 3179
2516 4112
3179 1112
3179 4575
3301 3873
3301 3881
1076 2140
1076 2295
2140 2406
2295 4890
3872 3150
1080 4920
4920 1137
4920 2670
4920 4432
1081 2227
1081 2617
2227 3185
2617 1084
2617 4261
3434 3863
3434 3984
1083 4047
4047 3135
4047 3177
4047 3200
4047 3237
1084 4613
4613 1104
4613 1120
4613 3185
4613 4382
1086 4426
4426 2028
4426 2081
4426 3991
1087 2731
2731 2979
1088 3029
3029 2734
3029 5136
1089 2513
2513 1090
1090 2515
2515 1096
1093 2228
1095 5216
2979 3093
5216 1100
5216 3006
5216 3077
5216 3093
1096 1112
1098 2504
2504 3966
2504 4357
4178 1120
4178 1213
4178 1236
4178 1237
1099 3250
3250 3657
1100 5217
5217 1125
5217 1131
5217 1138
5217 1139
5217 2229
5217 4507
1101 3656
3656 1105
3656 3077
3656 4419
1102 4105
2578 4392
2578 4394
4105 3231
4105 4018
1103 5222
5222 2732
5222 2978
5222 3387
5222 3463
5222 4485
1105 1113
1113 4797
1106 3536
3536 1108
3536 2632
1108 3915
3915 2480
3915 2632
3915 4548
1109 1117
1109 1118
1118 1116
1118 3762
1110 4332
2188 2572
2188 4332
4332 2545
1111 3653
1111 4112
3653 4382
3653 4548
4112 1166
4112 2171
4112 4382
4797 1126
4797 1131
4797 2229
4797 3077
4797 4419
4797 4522
1115 4548
4548 2632
3762 3761
3762 3763
3762 3764
3762 4392
1121 3185
1121 3912
3912 4261
1122 3133
1123 3712
1123 4818
3712 2648
3712 4818
3712 4971
3712 5160
4818 1164
4818 2641
4818 4432
4818 4972
1124 4639
4639 1627
4639 1631
4639 3917
1125 4522
4522 2611
4522 4139
4522 4817
4522 5205
1126 2600
2600 2611
2600 5206
1127 5137
5137 1169
5137 2887
5137 3103
1128 1143
1128 2651
1143 3935
2651 4822
2651 5285
1129 1135
1129 1137
1133 4016
1133 4139
4016 1152
4016 1162
4139 4532
4139 5206
1134 2153
1134 2218
2153 4971
1136 1145
1145 2653
1138 5206
5206 1162
5206 1172
5206 2611
5206 5205
1139 4817
4817 1141
4817 2861
4817 4402
4817 4419
4817 4532
1140 4679
2581 2884
2581 4678
4679 2907
1141 5093
5093 4149
5093 4583
1142 4822
4822 2588
3935 4328
3935 5142
1144 1606
1144 1662
1606 1148
1606 3314
1662 1146
2653 4261
2653 4970
1146 2657
2657 1154
2657 4972
1147 2626
1147 4011
2626 1192
2626 1522
1148 3314
3314 1153
1149 4393
1149 4395
4393 1157
4393 3231
4393 3232
4395 3229
4395 3700
4395 3763
4395 3886
4395 4396
1150 4924
4156 3724
4156 3784
4156 4924
4924 2633
4924 3724
4924 4373
4924 4529
1151 1155
1151 4736
1155 1161
4736 1161
4736 1615
4736 1697
4736 3458
4736 4501
4736 4586
4736 4602
4736 4734
1152 4402
4402 3038
4402 4532
1153 1156
1154 2233
2233 3617
1161 3076
3617 1158
1157 4396
4396 3229
4396 3700
4396 3764
4396 3886
1158 3260
3260 1160
3260 1247
1159 5145
3145 4412
3145 5043
5145 4998
5145 5144
1160 1218
1218 1163
3076 1616
1164 3123
3123 4737
3123 4780
2234 2238
1166 4972
1168 4230
1168 4843
4230 3353
4230 5150
4843 2373
4843 2850
4843 3961
4843 3962
4843 4840
4137 3103
4137 3609
1170 5220
1171 3348
1172 4350
4350 1174
4350 1176
1173 2625
2625 1188
2625 4552
1174 2575
2575 5205
1175 2664
4584 1643
4584 2477
4584 3635
1183 4126
2455 3787
2455 4126
4126 3803
1184 3474
3474 1572
1185 2499
1185 4002
2499 1841
2499 4296
4002 1974
4002 4296
1187 4172
4172 1581
4172 1981
4172 2010
4172 3830
4172 4549
1192 4678
4678 2884
4678 3609
4678 5136
1193 4713
4713 1456
4713 1458
4713 2356
1194 2236
1194 2770
2236 2770
2770 2811
2770 3047
1195 4049
1195 4364
4049 3881
4049 3957
4364 4718
1196 3068
3068 3696
1197 2332
2332 2300
2332 4516
1198 2522
1198 3802
2522 4366
2522 4578
3802 4530
1199 3730
4587 2531
4587 3767
1201 2884
1203 2447
1203 2448
2447 1252
2447 4048
2448 2449
2448 4048
3447 4655
1206 4287
1206 4449
4287 1766
4287 3262
4449 1234
4449 2452
4449 2660
4449 2661
1208 2082
2082 3358
3397 3509
1209 3815
1209 4207
3815 1313
3815 2627
3815 4207
4207 2307
4207 3551
1211 2680
1211 3044
2680 1344
2680 2769
2680 3044
3044 1289
3044 1319
1212 2130
1212 2788
2130 5061
1214 3827
3827 2478
1215 2691
2691 4391
2329 4370
4552 3005
4552 3714
4552 5063
1219 1233
1219 3498
1233 3498
1233 4254
3498 2951
3498 4755
1220 2459
1220 4048
2459 1734
2459 4052
4048 1262
4048 1304
4048 1314
4048 2444
4048 2445
4048 2449
1221 2702
1221 3785
3785 1223
3785 4747
1222 2624
2624 4072
2624 5135
1223 4190
4190 2623
1224 4370
1224 5038
4370 2694
5038 2478
1226 2696
2696 2698
2696 3439
3209 2698
3209 3753
1227 3255
1227 3995
3255 1261
3995 1254
3995 1261
3995 1309
3995 1355
3995 2107
3995 3994
3995 5146
1228 1304
1228 2446
2446 1258
2446 2444
2446 2445
1229 3694
1229 4832
3694 2694
3694 4747
4832 1231
4832 2699
1230 2452
3892 2708
3892 4211
4254 2586
4254 4518
1234 2708
1235 2107
3267 1288
3267 1410
1236 2406
2406 4833
1238 3102
1238 4877
3102 2818
3102 4090
4877 1265
4877 3788
1239 2627
1239 3551
2627 4211
3551 4209
1240 1270
1270 4446
1241 3796
1241 5131
3796 4940
3796 5131
5131 4816
1242 3692
1242 4890
3692 2699
4890 2478
4890 2694
4890 3966
1243 2807
1243 5116
2807 5115
2807 5200
5116 1423
5116 5117
4180 1622
4180 5132
4180 5136
4723 5132
1245 4289
1245 4795
4289 2378
4289 3160
4289 5045
4795 2357
4795 4412
1246 4130
2716 4641
2716 5160
4130 2709
4130 2715
4130 4640
1247 2670
2670 4919
1260 4531
1249 1318
1318 3355
1412 5180
1250 1500
1250 5181
1500 4196
5181 1253
5181 4477
5181 4703
1251 3868
1251 4809
3868 3714
3868 4248
4809 2964
4809 5064
1252 1258
3355 1256
1254 4043
4043 1306
4043 2645
4043 3932
1255 3611
1255 4856
3611 1678
3611 1747
3611 1882
3611 4856
4856 1533
4856 1619
4856 1715
4856 2250
1256 4446
4446 1267
4446 1280
4446 1407
1257 2114
1257 3364
2114 4773
3364 1269
3364 1271
1259 4340
1259 4737
4340 1277
4340 1286
4340 2712
4737 2711
4737 2719
4737 4354
4531 1634
4531 1808
4531 4022
1262 3932
3932 1288
3932 1314
1263 4773
4773 2958
1264 3358
1264 3509
3358 3930
3509 1598
1265 3622
3622 2885
3622 4663
1267 2115
1269 2440
2440 1279
2440 1280
1272 4451
1272 5174
4451 2710
4451 2727
4451 3683
4451 4921
5174 2823
5174 3776
1273 3682
1273 4428
3682 4428
4428 4753
1275 1282
1282 1279
1277 2403
2403 1278
2403 4780
2403 4921
1281 1287
1283 2743
1283 4061
2743 1291
2743 4500
4061 1291
4061 3904
1284 2661
2660 3930
2661 3930
1285 1338
1285 2506
1338 4220
2506 5295
1289 1303
1303 2769
1290 3374
1290 4703
3374 1296
3374 1301
3374 4477
4703 4744
1292 4194
1292 4742
4194 3112
4194 5130
4742 1305
4742 2835
1293 3400
1293 5251
3400 4681
3400 5240
5251 1688
5251 1690
5251 2843
5251 4088
1296 1298
1298 4220
1297 1630
4220 1301
4220 1307
1299 3664
1299 4404
3664 1438
4404 1659
4404 1728
4404 5117
1300 5191
5191 1307
5191 2605
1302 2631
2631 1317
2631 1788
1306 1430
1430 5146
1308 4285
1308 4764
4285 4438
4764 2747
4764 4563
1309 5146
5146 2243
5146 3583
1310 4114
1310 4563
4114 3660
4114 4115
4114 4459
4114 5106
4563 2755
4563 2758
4563 2759
4563 2764
1311 2237
1311 2307
1312 1341
1312 2172
1341 2172
2172 4609
1313 1323
1323 1320
1315 4070
1315 5239
4070 2829
4070 5106
5239 2750
5239 4106
5239 4963
5239 4986
1316 4208
4208 1320
4208 1327
4208 1354
4208 2698
4492 3262
4492 4212
1321 4373
4373 3201
4373 4925
1322 1780
1322 3619
1780 1324
3619 1328
3619 2258
3619 2771
3619 2804
3619 4557
1324 2258
2258 4161
1325 2505
1325 4161
2505 4636
4161 2804
1326 4318
4318 3651
4318 3663
1327 4212
4212 4209
4212 4211
4212 4666
1329 1379
1329 4750
1379 1360
4750 2392
4750 2725
1330 2240
2240 5292
1331 1333
1332 1686
1332 4415
1686 1335
4415 2489
4415 3740
1334 2882
2882 1446
2882 4681
3956 1336
3956 4567
5068 2599
5068 2793
5068 2802
5068 4567
1336 2239
2239 5252
1337 5198
4481 2558
4481 3566
4481 4093
5198 3605
5198 5199
1340 2775
1340 4513
2775 4243
2775 4854
4513 2755
4513 3258
4513 4234
1344 4206
4206 4209
4206 4211
1345 2871
1347 2742
1347 4032
2742 1540
2742 1549
4032 1349
4032 4019
1348 4537
2917 1448
2917 1472
1349 2355
2355 1552
1350 3258
1350 3902
3258 5242
3902 4459
3902 5106
1351 3330
3330 4301
1352 5002
5002 3463
5002 3516
1356 1553
1553 4093
1357 3994
3994 1376
3994 1410
3994 2243
1358 4193
1358 4658
4193 3464
4658 1702
4658 1977
1359 1855
1359 3172
1855 4502
3172 2246
3172 4608
1360 3411
3411 1510
1361 2244
1361 4245
4245 1576
4245 2561
4245 5298
1362 1436
1362 2779
1436 1433
1436 3769
2779 1370
2779 2401
1363 4301
1364 4406
1364 4686
4406 2823
4406 3471
4406 4633
4686 2798
4686 3016
4686 3982
1365 2638
1365 5066
2638 3748
2638 4979
5066 2800
5066 3982
1366 4403
3769 1369
3769 1371
3769 1409
3769 1463
3769 1518
3769 4151
4403 1451
4403 1453
4403 1562
4403 3706
4403 4029
1367 4518
1367 4755
4518 3000
4518 4901
4755 2951
4755 3000
4755 3999
1368 2887
1368 5036
1369 4152
4152 1371
4152 1591
4152 2690
4152 4151
1370 2690
2690 1463
1372 3395
1372 4901
3395 3360
3395 4559
4901 2586
4901 4559
4901 5176
1373 2805
1373 4507
2805 4803
2805 5194
4507 5192
4507 5193
1374 2806
2806 3654
2806 4557
4636 2798
4636 5067
1375 4422
1375 5193
4422 2714
4422 5194
5193 3010
5193 3734
5193 5042
1376 2243
1378 2810
1378 4557
2810 1380
4557 1415
4557 2804
1380 1386
1386 3055
1381 3442
1381 3944
3442 1398
3442 1602
3442 4601
3944 1387
3944 1390
3944 1398
3944 4600
1382 2294
1382 2302
2294 4369
2302 3718
2302 4369
1383 4558
4558 1384
4558 3573
1384 1413
1413 4014
1385 1403
1385 4342
1403 2796
4342 2972
4342 4934
3055 1418
1387 1390
1390 2773
1388 1406
1388 4014
1406 1392
4014 3573
1389 2812
1389 4341
2812 1392
4341 1420
4341 4633
4341 4634
2773 1563
2773 2763
1391 4606
1391 4649
4606 1394
4606 1395
4606 1399
4606 1574
4606 1597
4606 2564
4606 2866
4606 4608
4649 1425
4649 1454
4649 4577
1393 2796
1393 5281
2796 4804
5281 2738
5281 4309
5281 5126
5281 5282
1395 1401
1396 3207
1396 3877
3207 2815
3207 3877
3207 4006
3877 1400
3877 5107
1397 4578
4578 2426
4578 4232
1399 4502
4502 1443
1400 1833
1402 1860
1860 4634
1404 4633
1404 4634
4633 1421
4633 3654
4633 4634
4634 1414
4634 4635
1405 1408
2150 5188
1411 3587
3587 1902
3587 1916
3587 4770
5295 2636
5180 4224
5180 4623
5180 4624
3471 5107
3632 3064
3632 5007
1417 2866
1417 4601
2866 4348
4601 1451
4601 3320
1418 3573
3573 4455
1419 4455
4455 3654
4743 1420
4743 1421
4743 2829
1422 4006
1422 5107
1423 3186
3186 1476
1425 2994
2994 3930
1426 4960
4960 3700
4960 3980
4960 4303
4960 4746
3733 2605
3733 5189
1428 2880
1428 3287
2880 1431
2880 1435
2880 2831
3287 2831
3287 3312
1429 3858
1429 4609
3858 1455
4609 4173
4609 5189
2245 2251
1434 2251
1434 3942
2251 1751
3942 2888
3942 3351
3942 3905
1438 1579
1439 2564
1439 4600
2564 3973
4600 1562
4600 3320
1440 4652
4652 1685
4652 1694
1441 1518
1441 2401
2401 4237
1442 3305
3305 2396
3305 2892
1443 3706
3706 1445
3706 4577
1444 1682
1444 4328
1682 5285
4328 5142
1445 4237
4237 1523
1447 1465
1465 2858
5129 2309
5129 2835
5129 4327
1449 2833
1449 3977
2833 4307
3977 1450
1450 4983
4983 2851
4983 4443
4983 4705
4983 4978
1452 4012
4012 2886
4012 4985
1453 3279
3279 1597
3279 4151
1454 2246
1455 2411
2411 5188
1456 1458
1457 1577
1457 4648
1577 1503
4648 1536
4648 4050
1459 2892
2892 2889
1460 1487
1487 4495
5255 1664
5255 3409
5255 3546
5255 4005
1461 3577
1461 4940
3577 2496
3577 3010
4940 2586
4940 2667
4940 5176
4940 5188
1464 2444
1464 2445
2858 4197
2858 5252
1466 3512
3512 3510
3512 3511
3512 3515
5279 2772
5279 3770
1467 2723
2723 2726
2723 3487
4005 2863
4005 3436
1468 1470
1470 2909
1469 2247
1469 4251
2247 2665
4251 3170
4251 3952
2909 2461
1471 1480
1471 3669
1480 3669
3669 2856
3669 3092
3669 3436
4184 2768
1474 2665
1474 2998
1475 5042
5042 2784
5042 3313
5042 3829
1476 4434
4434 3299
4434 3938
4434 4996
1477 1483
1477 4044
4044 1557
4044 3920
4044 4745
1478 3493
3493 1582
1479 5031
2862 4461
2862 4775
5031 1497
5031 1506
5031 2822
5031 3828
5031 4119
1481 1569
1481 3828
1569 4668
3828 3414
3828 4851
1482 4668
4668 2761
4668 3414
1484 3709
1484 4608
3709 1488
3709 2470
4608 2981
4608 4650
1485 2881
2881 3624
2881 4939
4934 2839
4934 3906
4934 4672
1486 2832
1486 4986
2832 4307
2832 4691
4986 2891
4986 4236
4495 3019
4495 3272
1488 1765
1765 4650
1489 2606
2606 4345
2606 4346
1490 2248
1490 3921
3921 2402
3921 4775
1491 2170
2170 1498
2170 2315
1493 3414
1787 1494
3414 1494
1495 1517
1495 1527
1517 4722
1527 2795
1496 4007
4007 4521
4007 4617
4007 4619
5067 2829
5067 4106
1497 4317
4317 1508
4317 1530
4317 3070
1498 3958
3958 1555
3958 1592
3958 2763
1499 2984
2984 5268
4196 3506
4196 4744
4196 5188
1501 5144
5144 3201
5144 5196
1502 4019
1502 4050
4019 4029
4019 4046
4050 1543
4050 1548
1503 4151
1504 2738
2738 4464
1505 2409
2409 3153
1506 3646
3646 1785
3646 2795
3646 4461
1507 4637
2677 1516
2677 1520
4637 3427
4637 3965
4637 4661
4637 4776
1508 4661
4661 2822
4661 4040
1509 3448
1509 4029
3448 1549
4029 4046
1511 4461
1511 4879
4879 1514
4879 2382
4879 4722
1512 1563
2296 2315
1513 3427
1513 4776
3427 4040
3427 4776
4776 1521
4776 2402
4776 3965
1514 4181
4181 2380
4181 3316
4181 4510
1515 3567
3567 2181
3567 5282
1516 4722
4722 4119
1519 3963
1519 3964
3963 3139
3963 3758
3963 3861
3964 3758
3964 3861
1520 4040
1521 5007
5007 1539
5007 2666
5007 3070
5007 3233
1523 1529
1529 4577
1524 2463
1524 4607
2463 2470
2463 4348
4607 1578
1525 2141
1525 4577
2141 2763
1526 4418
1526 5268
4418 2392
4418 5000
4418 5142
4418 5262
5268 2006
5268 3160
2795 5030
1528 3766
1528 4464
3766 2839
3766 4672
1532 3576
3351 3312
3351 3976
3576 1534
3576 2831
3576 2927
1533 4010
4010 1789
1535 4312
4312 3233
4312 3876
1539 3407
3407 4099
1540 1548
1541 3574
1541 4003
3574 2931
3574 3021
4003 2520
4003 3575
4003 3976
4003 4617
4003 4706
1542 4445
4445 1568
4445 2429
4445 2439
1547 1565
1565 3905
3976 2931
3976 3575
1550 3722
1550 5298
5298 5199
1551 2323
1551 3546
2323 1559
2323 4443
3546 1554
3546 3146
1552 4046
4046 1570
4093 3688
4093 4568
1554 3107
3107 3146
3107 3857
1555 1567
1567 4650
1556 2785
2785 3149
2785 5234
2325 1561
2325 3857
1560 1592
1560 1602
1561 4443
4443 4706
4443 4978
2935 2941
3905 2896
1566 2489
1566 3634
2489 4976
3634 5065
4650 3262
1568 3779
1571 1760
1571 2473
2473 3830
1572 2603
1573 3347
1573 3965
3347 3717
3347 4004
1575 5115
5115 2756
5115 2761
1576 2250
5118 1659
5118 1768
5118 5117
1580 2549
1580 4857
2549 4236
2549 4975
4857 2974
4857 4574
4857 4974
4857 4975
1581 3036
3036 3037
3036 4929
1582 5035
5035 1802
5035 3402
5035 3675
5035 4430
5035 4504
1583 4672
1583 4939
4672 3906
4672 5125
4939 2845
1584 4262
1584 4977
4262 2851
4262 3590
4262 3591
4977 4456
1585 2957
1585 5265
2957 3378
2957 3853
5265 1736
5265 1994
5265 5186
1586 3443
1586 3866
3443 4976
3866 2952
3866 4978
1587 3973
1587 4348
1588 3543
1588 4985
3543 2939
3543 4779
4985 2869
4985 4702
1589 1626
1589 1750
1626 1750
1750 4932
1590 2939
2939 4574
1593 1774
1593 4932
1774 2257
4932 1594
4932 1595
4932 1596
4932 3917
1594 4621
4621 1600
4621 2468
4621 4022
1595 3162
3162 1717
3162 1735
1599 3212
1599 3917
3212 1698
1600 1698
1601 3042
1601 4687
3042 3643
3042 4116
4687 2232
4687 2369
4687 4950
4687 4952
1603 3284
1603 4962
3284 3283
3284 4523
4962 1798
4962 1952
4962 2929
4962 3865
4962 4192
4962 4239
1604 2232
1604 2728
2728 1742
2728 3468
1605 2352
2352 1623
2352 3286
1607 2599
2599 3740
4064 2983
4064 4973
1608 1650
1608 4199
1650 2977
4199 3801
4199 4200
4199 4202
4199 4256
1610 3153
3153 2844
3153 3213
1611 3283
1611 4523
4523 1628
4523 3967
4523 4128
1612 4644
1612 5257
4644 1671
4644 4238
4644 4547
5257 3004
5257 4691
5257 5051
1613 4197
1613 4881
4197 3466
4881 2995
4881 4238
4881 4880
1614 4252
1614 4638
4252 2518
4252 4480
4638 2361
4638 3449
4638 3924
1615 1640
1640 1697
1616 3073
3073 1697
1617 4547
1617 5253
4547 2988
4547 2990
5253 3028
5253 3215
5253 3466
1618 2338
1618 4001
2338 4827
2338 4828
4001 1773
4001 2619
1619 4629
4629 1747
4629 1876
4629 2934
4629 5117
1620 3228
1620 3286
1621 2980
2980 4568
5199 1622
1624 1631
1624 2353
2353 1638
2353 4610
1625 2249
1625 2309
2249 2786
3504 1767
3504 2252
1628 2431
2431 3728
2431 4128
1629 1654
1629 3635
1634 2252
1635 3924
1635 4480
3924 4683
4480 3804
1636 2468
2468 3838
1637 2975
1638 4022
4022 1642
1639 4071
4071 2786
4071 5001
4071 5127
4719 1641
4719 3009
4719 3202
4719 4217
1641 3218
3218 1646
3218 1776
3838 4610
1644 1666
1644 3830
1666 4549
1645 3967
3967 3505
3967 3582
4524 2619
4524 3425
4524 4076
4524 4128
4524 4192
1646 5235
5235 1647
5235 2476
5235 3020
5235 3202
5235 3272
5235 3732
5235 3941
5235 4217
5235 5254
4159 3013
4159 3067
1648 5049
5049 1769
5049 1771
5049 3090
1649 5125
5125 2060
5125 3205
5125 3225
5125 4376
2977 4201
2977 4202
1651 2783
1651 4316
2783 3648
2783 4808
4316 3681
4316 4330
1652 4045
4045 2863
5051 3058
5051 4654
1655 2036
1655 4469
4469 2588
4469 4041
4469 4982
1656 1665
1656 5140
1665 3297
5140 3529
5140 5139
1657 2818
2818 4090
1660 2656
1660 3947
2656 4183
2656 5290
3947 4754
3947 4991
1661 4930
1661 4931
4930 1717
4930 2419
4930 4284
4930 5112
4931 2419
4931 5077
4931 5111
1663 3272
1663 5254
3272 5254
5254 1673
5254 2253
5254 2476
5254 4439
1664 2253
3297 4171
4549 1926
4549 1943
4549 1955
4549 2010
1667 2476
1667 4439
4439 2990
4439 3732
1669 1716
1669 4509
1716 1672
1716 3316
4509 2524
4509 3679
4509 4467
4509 4510
1670 4982
4982 2572
4982 2588
1671 3466
1672 3316
3316 1679
1673 3030
3030 1676
1674 2209
1675 3662
1675 5283
3662 2765
3662 4777
5283 2181
5283 2845
5283 4213
1676 4088
4088 2841
4088 3215
5119 1739
5119 4306
1679 5030
5030 1683
5030 1691
5030 1785
5030 2541
5030 3053
1680 4213
1681 2389
1681 3398
2389 2865
2389 4828
5285 2860
1683 3679
3679 2380
1685 5128
5128 2786
5128 3331
5128 4327
5128 5127
1687 3955
1687 4593
3955 2972
3955 5284
4593 2972
4593 3624
4593 5282
1688 1694
1690 5252
5252 1692
1691 1720
1720 1695
1692 3672
3672 2843
3672 5069
1693 3331
1693 5130
5130 3112
5130 4327
1695 5110
5110 1723
5110 1741
5110 1744
5110 1745
5110 4109
1699 4865
2426 4366
4865 1821
4865 3464
4865 3885
1700 2254
1700 4831
2254 4860
4831 3040
4831 3045
4831 3111
4831 4597
1701 4467
3053 4274
4467 2524
1702 1977
1977 3131
1703 2340
1703 3981
2340 4535
2340 4597
3981 3050
3981 4143
1704 2524
1704 5113
2524 1705
5113 1705
5113 1706
5113 1708
5113 4591
1706 3875
3875 1709
3875 1710
3875 3227
1707 2276
1707 4391
2276 1950
1708 4647
4647 1710
4647 1741
4647 3155
4647 4113
4647 5112
1709 4284
4284 3227
1711 1746
1712 2398
1712 4580
2398 2924
4580 1738
4580 1740
4580 2399
4580 3768
1713 2257
1714 3728
1714 4256
3728 4260
4256 3440
4256 3801
4256 4200
1715 1721
1718 1827
1718 2242
2242 1800
2242 2308
1719 5077
5077 1724
5077 1758
5077 2308
1722 1726
1722 4113
4113 3155
4113 4812
1723 3155
1724 1730
1730 4812
1725 2438
1725 5046
2438 2847
2438 4725
5046 3066
5046 3072
5046 3563
1727 2999
1727 5111
2999 1729
2999 2688
5111 2255
5111 4109
5111 4570
5111 4812
3110 1843
3110 3159
1729 2198
4812 1737
4812 2102
1731 2934
1731 4306
2934 1882
4306 1768
4306 1849
4306 1876
1732 2421
1732 4380
2421 4846
2421 5126
4380 1920
4380 2024
4380 3157
4380 3219
4380 4376
4380 4526
1733 2688
2688 3580
1735 4683
4683 1758
1738 4401
4401 1743
4401 3046
4401 3080
1739 3159
3159 1777
1740 4195
4195 3050
4195 3080
4195 3561
2646 3468
2646 5057
1745 2541
2541 4163
1748 3784
3784 2633
1749 2255
3938 3299
3938 5075
1752 5170
5170 1754
5170 3083
5170 3087
5170 4536
5170 4685
1753 3242
1753 5109
3242 1764
3242 4163
3242 4851
5109 1772
5109 4163
1754 4536
4536 3089
4536 3098
4536 3882
4536 4685
1755 3131
1755 4345
3131 3126
4345 3126
4345 3885
4345 4346
1759 3979
1759 4275
3979 2911
3979 3282
4275 2911
4275 4276
4275 5291
1761 2256
1761 4666
4666 1781
4666 1788
4666 1910
4666 2262
4666 3148
1762 5289
4363 3108
4363 3648
4363 4990
5289 1819
5289 2911
5289 3676
1764 4851
4851 1778
4851 1779
1769 4626
4626 3882
4626 4573
4626 4627
1770 2285
2285 2007
2285 4517
1771 4573
4573 1775
4573 3096
1773 4828
4828 2865
4828 3480
1775 4282
4282 3149
4282 4627
4282 5234
1776 5234
5234 3149
5234 3834
1777 3169
3169 1778
3169 1843
1781 4076
4076 2365
1783 2106
1783 4861
2106 1784
2106 3432
4861 1784
4861 3057
4861 3111
4861 3115
4861 4852
1786 1791
1789 2561
2561 1797
2561 4223
1790 2102
1790 3580
3580 1792
3580 1794
1793 1824
1794 5078
5078 2032
5078 2532
1795 4665
4665 1817
4665 2619
3130 3115
3130 4365
1797 4223
4223 1801
4223 1864
4223 1899
4223 1926
4223 1962
4223 1964
1799 2650
1799 3686
2650 1809
2650 3687
3686 2495
3686 3687
1800 3390
3390 2263
3390 5074
1801 1816
1803 1933
1933 3214
1804 2261
1804 5061
2261 2310
5061 2310
5061 3372
5061 4337
1805 4662
1805 5071
4662 1823
4662 1898
4662 2180
4662 2418
4662 3354
4662 5072
5071 1835
5071 1928
5071 2519
5071 3350
1806 4060
1806 4630
4060 1820
4060 3136
4060 4407
4630 3125
4630 3127
4630 3211
4630 4829
1807 2523
1807 4122
2523 4410
2523 5050
4122 4407
1808 5076
5076 1809
5076 1810
5076 1871
5076 2066
5076 2180
5076 2787
1811 4399
4399 3246
1812 4771
4771 1842
4771 3164
4771 4164
4771 4873
1813 4409
4409 3141
4409 3405
4409 4281
4631 1818
4631 3538
1814 3026
3026 2418
3026 3354
3026 4873
4873 1828
4873 1838
4873 2595
4873 4874
1817 2262
1818 3058
1819 2555
2555 4505
4305 1822
4305 3141
4305 3607
1823 2263
1825 3350
1826 3148
1826 3548
3148 3716
3548 2938
3548 3716
1828 2595
2595 1838
2595 1839
2595 1894
2595 1919
2595 1925
2595 3164
1829 3568
1829 4503
3568 3060
3568 4860
4503 3057
4503 4174
1830 3823
1830 4808
3823 2969
4808 1886
1831 2991
1831 4346
2991 4347
4346 3885
1834 1850
1834 4878
1850 3773
4878 2268
4878 3629
4878 3700
1835 4229
4229 1880
4229 2498
1837 3118
1837 4951
3118 1845
3118 4659
4951 3643
4951 4950
1839 3164
3164 1840
3164 1906
1840 4493
4493 1871
4493 1906
4493 1925
4493 2557
4493 3024
4493 3214
1841 5103
5103 2435
5103 3325
5103 4390
1842 3214
3214 4770
1844 2740
1844 2989
2740 1846
2740 4688
2989 4073
2989 4688
1845 3773
3773 4231
1846 2592
2592 1914
1847 2265
1847 4550
2265 1848
2265 4550
4550 1942
4550 1980
4550 3793
4550 4767
1848 1853
1853 1851
1851 4782
4782 3161
4782 3220
4782 3371
1852 2266
1852 4695
2266 1854
4695 1949
4695 3248
4695 4785
4695 4787
1854 2596
2596 1890
2596 3752
1856 1871
1857 1890
1857 4787
1890 4787
4787 1858
4787 1859
1858 3570
3570 1861
3570 1862
3570 2284
4788 1862
4788 1891
4788 1893
4788 1897
4788 3492
4788 4789
1861 3051
3051 1868
3051 1940
1863 2310
1864 5292
5292 1901
5292 1964
5292 2270
1865 4219
1869 3492
4219 1866
4219 3161
1866 4781
4781 1978
4781 2836
4781 3223
4781 3371
4781 3534
1868 1874
1874 1872
3492 1893
3492 3248
1870 1877
1870 1940
1877 2275
1872 4561
4561 1881
4561 1883
4561 1884
4561 1983
1873 1885
1873 1931
1931 1881
1931 1973
1875 1888
1888 1973
1878 3171
1878 3647
3171 3647
3171 3835
3171 3865
3647 3835
3647 4499
3647 4953
1879 1889
1879 1983
1983 1973
1883 4103
4103 2517
4103 4786
1884 4786
4786 1887
1886 3807
3807 1923
3807 4486
1887 2278
2278 1966
1891 3113
3113 3248
1892 2969
1892 4486
1895 3688
3688 2591
1896 1901
1896 3180
1901 3180
3180 1943
3180 4929
1897 2279
2279 1900
2279 2284
1898 2418
1900 2271
2271 2284
1902 4160
4160 2557
4160 3687
1903 2735
1903 4730
2735 1965
4730 1904
4730 4073
4730 4709
1904 4400
4400 1912
4400 1927
4400 4708
1905 4000
2272 4000
4000 2947
1907 3188
1907 4688
3188 3243
3188 4240
4688 1927
4688 2961
1908 3243
3243 5275
1909 4488
1909 4993
4488 1944
4488 1971
4488 2589
4488 3478
4488 3597
4488 4992
4993 1937
4993 1951
4993 1970
4993 2607
4993 3061
4993 4994
1911 2273
1911 3477
2273 3477
2273 4466
3477 1928
3477 3589
1912 2961
2961 5274
1913 2274
1913 3208
2274 3208
2274 4729
3208 4465
3208 4784
1914 4729
4729 1929
4729 3541
4729 3726
4729 4167
4729 4708
1915 4191
4191 2733
4191 4925
1916 3024
3024 2557
1918 3484
1918 4555
3484 4555
3484 4992
4555 1921
4555 1922
4555 1939
4555 4146
4555 4707
1919 1925
1921 4995
4995 2579
4995 3597
4995 4707
1922 2047
2047 1937
2047 1970
2047 1985
1923 4226
4226 5123
4226 5124
1924 2369
2369 4565
4239 2973
1929 4167
4167 1946
4167 1959
4167 1965
4167 4783
4167 4785
1930 4073
4073 3726
1934 3011
3011 1988
4240 4708
1935 4768
4768 3203
4768 3230
1936 3667
1936 4526
3667 4302
3667 4846
3667 4847
4526 4302
4526 4324
4526 4377
1938 1976
1938 4994
1976 2787
4994 3939
4994 4707
2267 3061
1941 1948
1941 4785
1948 4785
4785 1946
4785 1947
4785 3079
4785 3198
1942 3217
3217 1945
3217 4769
1944 3478
3478 1987
3478 1989
3478 2589
1947 2260
3079 4059
1950 2947
2947 2008
1951 4707
4707 2580
4707 4466
1952 4368
4368 2938
4368 3505
1953 2362
2362 4465
2362 4784
1954 4659
2008 4659
4659 1957
4659 2543
1956 3629
1956 4303
3629 3369
3629 3593
4303 3450
4303 3813
4303 4746
1957 2268
1959 1968
1968 4769
1960 4376
1960 4377
4376 3157
4376 3415
4377 3191
4377 3996
4377 4054
4377 4378
1963 2803
2803 4762
2803 4894
1966 2311
2311 1969
1967 2277
2277 4146
4769 3539
1969 2836
2836 3793
1971 4992
4992 2020
4992 2580
4992 2589
1974 4390
4390 4296
1975 4169
4169 4378
4169 4379
1978 3793
3793 1980
3793 1982
1979 2543
2543 4231
4950 2921
4950 3837
4950 4116
4950 4952
1981 3037
3037 4929
1982 2283
2283 1984
1984 2003
2003 1996
1986 2282
1986 4367
2282 2365
4367 2938
4367 3425
1987 1989
1988 1997
1997 1990
1990 4767
4767 1992
4767 3230
1991 1993
1991 4054
1993 3205
1993 4054
4054 3415
4054 4133
4054 4378
2280 1995
3205 3415
1995 2288
2288 1996
5272 2046
5272 2050
5272 3698
1999 3271
3271 2040
3271 4321
2000 3309
3309 2050
3309 2052
2002 2281
2002 3134
2281 5138
3134 4171
3134 4472
2006 5269
5269 3245
5269 3328
5269 4056
5269 5040
2007 4517
4517 3874
2009 5273
5273 4203
5273 5040
2011 2959
2959 2042
2959 2067
2959 4870
2013 5139
5139 2545
5139 3240
5139 3251
5139 3254
5139 4259
5139 5138
2014 4124
4124 2885
2015 2020
2016 2286
2016 2676
2676 2410
4904 2895
4904 3269
2019 3874
3874 4811
3874 4996
2022 2289
2075 4278
2024 4379
4379 3535
4379 3996
2025 2532
2532 2034
2026 4278
4278 2059
2027 4411
4411 2885
4411 5062
2029 2336
2336 2035
2336 4321
2030 2043
2030 4520
4520 2659
2031 2410
2032 3187
3187 2697
2033 3751
2033 4728
3751 4424
3751 5080
3751 5081
4728 3265
4728 3531
4728 4176
2037 2168
2038 3282
2038 4276
3282 5290
4276 2918
2039 2058
2039 3922
3922 3666
3922 4036
2040 4663
4663 2778
4663 3105
4663 3633
2044 3698
3698 2487
5271 2046
5271 3274
5271 3275
5271 3384
5271 3603
2045 2057
2057 5124
2048 3480
3480 4421
2049 4870
4870 2055
4870 2078
4870 2672
4870 4871
2051 5006
2159 2056
5006 2052
5006 2481
5006 2487
5006 4203
2053 3428
3428 2063
3428 4216
2056 2658
2658 4935
5124 3298
2059 3311
2061 3288
2061 3511
3288 3408
3288 3419
3511 3327
3511 3419
5275 3265
2064 3633
2064 5062
3633 4138
5062 3105
5062 3285
2066 4087
4087 3449
4087 5075
5208 3704
2070 4929
4929 2558
4929 2591
4929 4326
2071 4840
4840 2629
2074 2287
2287 3650
4592 2079
4592 3666
4592 4935
4592 4936
2077 2359
2079 3627
3627 5083
3627 5084
2080 4424
4424 3528
2083 4472
2083 4765
4472 5080
4472 5276
4765 2868
4765 4216
4765 5040
4234 2762
4234 2764
4234 2767
3517 2910
2520 4705
3771 4232
4366 4866
5188 2667
5188 4338
5188 5189
2675 4966
2649 4655
3432 4860
4369 3803
4369 4718
2681 4173
3506 4937
2820 2441
4149 4583
2479 2481
2479 2868
4357 2480
4120 2345
2576 3781
4355 2872
3968 2344
3968 4937
2933 2875
4705 3857
4532 2861
5276 4171
5276 5084
2475 3829
2475 4111
3813 3945
3813 4952
4953 2929
4953 3837
2306 3545
5057 4202
5057 4954
2300 4516
3596 3406
3596 3441
3596 3503
4653 2443
4653 3880
2178 5168
2171 4575
4575 2699
4610 2361
4260 3410
4260 4201
4260 4202
4827 2774
4827 3410
2183 3362
2572 3677
4866 5149
3336 2889
4855 4919
5092 2527
5092 5087
2292 3455
2238 2264
2264 3677
4860 3056
4860 3795
4860 4579
4860 4859
3677 3741
4466 2580
4146 5074
2365 3716
3650 3531
3650 3925
3650 4037
3455 5154
3702 3863
4516 4903
3718 4625
3718 4717
3718 4718
3023 3143
3023 3280
3545 3150
3545 3720
4546 3014
4690 2652
4690 2854
4690 2912
4247 3285
2331 3759
2334 3933
2334 4957
3933 4440
3933 4581
3933 5025
4581 3429
4581 4440
4581 5024
4581 5025
4957 2679
4957 4279
4957 4528
4321 4138
2339 4966
4965 4594
4965 4758
4965 4964
4966 2434
4966 4726
4535 3045
4535 3638
4535 4579
4597 3040
2343 4440
2343 5026
2343 5261
4440 5024
4440 5025
5026 2964
5026 3401
5026 5027
5026 5064
5261 3894
5261 4215
5261 5260
5261 5262
2344 5192
4744 2636
4744 5189
2345 4485
4479 2530
4479 2531
4479 3324
4270 3178
4270 4588
2349 3616
2349 4538
4538 4712
2350 4293
2350 4697
2350 4734
4293 2358
4293 2367
4293 2453
4697 2358
4697 2367
4697 2453
4697 3811
4734 3383
2356 4072
2356 5196
4072 5186
5196 3571
5196 5045
2357 3910
5201 2639
5201 3952
5201 4097
4465 3539
4784 4271
4784 4783
4784 5274
3527 3399
2366 3970
3831 3099
3831 3970
2367 4586
4586 3919
4565 3059
4565 3643
4565 4116
2370 4215
3894 4215
4215 4700
4215 5260
4704 2436
2372 3891
2373 4417
4417 4841
4916 4667
2378 3605
2378 5043
5043 3772
4887 3329
4887 3661
4887 3931
2382 4119
4119 2822
2383 4735
2383 4826
4735 2808
4735 3383
4826 2629
4826 4145
4826 4748
4438 4553
5243 3278
2865 3410
2391 3565
2391 4496
2391 4896
3565 4616
3565 4762
4496 4280
4496 4310
4496 4566
4496 4615
4896 5024
2392 5260
5260 3117
3786 2416
3786 2542
5098 3349
2396 3280
2396 3304
3280 3143
3304 3143
2399 2924
2924 3795
2924 4859
2402 5010
5010 2544
5010 4099
5010 5200
4780 5039
4780 5171
4921 2710
4921 2720
4833 2623
4833 4382
2408 2687
2408 3363
2686 3363
2687 3363
3363 2930
3363 4564
5135 2749
5135 3522
2416 2542
2416 4314
4314 2420
2417 2966
2417 3788
2966 3054
3788 2529
4846 4329
5126 2900
5126 2996
5126 4471
5126 4754
5123 2960
5123 3681
2424 3097
3097 3099
2428 4758
2428 4964
4758 2434
4758 4089
4758 4325
4758 4594
4758 4726
4758 4964
4964 2434
4964 4089
4964 4344
4964 4594
2429 5045
5045 2439
4128 4257
2433 4326
2847 2859
2847 4725
4725 2859
4725 3121
4725 3154
4725 4829
4203 3261
2443 4020
4020 4864
2449 4052
4052 2645
4052 4998
3787 2958
3787 4623
3787 4624
4623 2834
4623 3803
4623 4224
4623 5179
2456 4541
4541 2669
4541 4222
2458 5085
2461 3572
2462 4616
4616 4280
3839 2469
4274 3554
4274 4510
4591 3554
4591 4109
4959 2510
4959 3276
4959 4308
4959 4454
3829 4899
4111 2784
2477 4998
2477 5150
4998 2733
4998 5150
5150 4748
2481 2868
2480 4576
2485 4268
4268 5091
5086 5087
2486 3820
2486 4837
2486 4838
3820 4527
3820 4841
4837 4027
4838 4361
5245 3503
4976 4571
2490 4296
2493 4913
4913 3564
4913 3584
4913 3585
4913 3743
4913 4490
2494 4155
2494 4361
2494 4527
4155 2971
4155 3581
4155 4842
4361 2971
4361 3581
4527 4824
2495 3687
2496 5189
2496 5230
5189 3137
5189 4173
5230 3010
5230 3313
5230 4026
2497 4625
2497 5179
4224 4338
4625 2834
4625 4717
4625 5176
2498 4874
2498 5073
4874 4164
4874 5072
5073 2579
2500 5072
2500 5075
5072 2519
5075 4570
5075 5074
2509 3559
2509 4232
3559 4232
3559 4529
2510 4083
4083 4614
4083 4958
5022 2640
5022 2683
5022 4349
2511 4099
2511 4745
2517 5091
2519 3589
4759 3323
4759 3396
4410 2859
4410 3154
5050 3563
5050 4360
2527 4311
4311 2570
2529 3054
2529 4337
2530 3324
3939 4570
4910 4222
4910 4911
2534 3608
3608 4057
3608 5019
4308 4158
2535 3940
2535 4004
3940 3249
3940 3717
4004 3233
4004 3876
3789 4452
2538 2890
2538 5165
2890 3806
2890 5165
5165 2546
2540 5247
5247 2562
5247 2570
4231 4952
2544 3952
2545 3741
2547 3736
3736 4398
4236 2954
4236 4431
4236 4978
4975 3665
4975 4431
4975 4456
4975 4724
2550 3778
2550 4836
3778 2577
4836 2553
4836 4398
4560 2559
4505 3108
4505 4330
2556 3723
2556 4712
4712 4433
2558 4568
4568 2591
4568 3566
2559 4398
4066 3888
2562 5171
5171 3776
2563 4850
2566 4854
2566 5173
4854 3592
5173 3592
4205 4657
4646 3731
2571 4844
2571 4845
3158 3039
4844 3039
4844 4235
4844 4413
4844 4845
4845 2930
4845 3735
4845 3946
4845 3987
4739 2597
4739 3729
5205 2861
5205 3038
4392 3761
4392 3763
4392 3764
4394 3194
4394 3195
4394 3296
2579 4996
4996 2607
4996 4811
4450 3903
4450 4731
4057 5019
4158 5019
2585 3744
2585 4738
3744 2597
4069 2614
4069 3729
3184 3173
2593 5039
5039 2710
4711 4433
3752 4271
3752 4789
3522 3481
3740 4973
2601 3731
2601 4645
2602 3491
2602 3618
2602 3642
3491 3642
3491 3808
3618 4427
3642 2621
3642 2642
3642 2682
3642 3557
2604 4021
2605 4673
4673 2732
4673 3710
2607 4570
2609 2682
2609 3388
2609 3808
2682 3388
3388 2621
3388 3557
3808 2621
3808 4777
2613 3182
3182 3426
2622 2912
4091 2628
4091 4092
2628 3518
2629 4258
4258 2634
4258 4693
2630 4754
4754 2987
2633 3724
3724 4925
2634 4824
2634 4825
4824 3637
4824 4214
2635 3770
2635 4427
2635 4777
3770 5278
4427 2642
2636 4477
2637 4747
2637 4970
4970 2641
3748 2950
3748 5065
4979 2888
2639 4412
2639 5200
5200 3988
2640 3461
2640 4187
3461 4187
3461 4349
4187 3532
4187 4349
4187 5015
2642 3557
3557 5282
4248 3381
3468 4952
2647 5019
2648 4432
2648 5160
4432 5160
5160 3707
2654 3991
2654 4656
2654 4871
4871 3597
4871 4811
4183 2992
4183 4715
5290 2992
5290 3119
5290 4990
4063 3291
4935 3241
4935 3265
2659 3586
3586 4811
3237 3200
3847 4096
2669 4907
4907 3735
4907 3782
4907 4235
4919 2718
2674 2848
2674 3264
2674 3578
2848 3264
2848 3825
3264 3825
3264 4620
3578 3825
3578 4279
3578 4958
4343 2777
4343 2802
4343 4681
5069 2869
2679 4528
2679 4821
4528 4454
4528 4958
4821 3429
4821 4294
2683 3848
2683 5021
3848 3430
3848 4295
3848 5021
5021 3334
5021 3361
5021 3412
5132 3992
5132 5133
5202 3170
3439 3753
2709 4640
4640 2724
4640 4918
4225 3904
4225 4354
2712 3904
2712 4354
4354 2720
4354 4500
4354 4918
2714 4937
2715 4641
4641 2724
2717 4097
4097 4746
4954 2973
2718 4500
4918 2719
4918 2720
4918 2727
4918 4094
4925 4347
2726 3436
2726 3487
3487 2856
3487 3436
2724 4094
4094 3683
2727 3683
2730 4132
2730 4628
4132 2739
4132 2792
4132 4628
4628 3334
4628 3361
4628 3412
2732 2978
2978 3497
2733 5149
5149 3201
5149 4748
2734 4165
2734 5136
4165 2749
4165 2797
5136 3992
2736 4501
2736 4842
4842 4027
4842 4748
2737 4892
4892 2951
4892 3999
2739 5014
5014 4344
5014 5015
2744 3680
2744 4136
4136 3899
2746 4110
2746 5240
2747 3592
2747 4553
2751 3670
2751 4204
2751 5005
3670 4611
3670 5004
4204 5178
5005 3176
5005 3725
2752 2870
2752 2985
2870 2985
2870 5154
2754 2756
2754 3988
2755 2764
2758 4243
2758 5242
5242 3423
2759 4115
2759 4459
4115 2767
4459 5106
3984 3985
2762 3660
3660 2767
5106 4033
2765 4489
4489 2838
4489 2860
4489 5284
3661 4884
4883 3424
4883 3456
2768 4671
4671 3628
3047 3043
3047 3048
2771 4635
2772 3906
2774 4162
2774 4421
4162 5053
2777 2802
4033 2793
2778 3192
2778 3332
3192 3332
3332 4138
4911 2872
3648 4330
2784 4383
4383 3734
2791 3016
2791 4963
2791 5065
3016 4963
4963 2793
5065 2950
5065 4724
4804 3298
2798 3982
2800 4106
4762 4893
4762 4894
4894 4325
4894 4594
4894 4893
4803 3579
5194 4397
2808 4839
4602 3919
4839 3257
4839 4748
3049 3043
3049 3048
2813 3896
3896 5154
2814 3508
3508 3465
2824 3628
2826 4564
4564 2930
4564 3946
5153 3285
5153 3811
4307 4702
4691 3028
4702 2841
4702 2879
4702 3027
4338 4624
2838 2860
2839 4309
2841 3027
3027 2879
2843 4681
2845 5282
3825 4279
2850 4710
4710 4027
2853 3495
3495 3426
2854 4092
4092 3319
3092 4360
4775 3070
2863 5256
5256 3146
5256 4619
3235 3259
4353 2976
4353 3665
4353 4779
2872 4864
2873 2946
2873 3595
2874 2946
2874 3595
2946 2875
2946 4618
3595 4619
3595 4706
2875 4618
4618 2906
2876 3381
2876 3651
3624 5284
2883 5027
2883 5063
5027 3513
5027 3765
5063 3353
5063 4632
2886 4802
4802 2893
4802 4104
4802 4372
4802 4387
4802 4706
2888 3757
3757 2896
3757 4617
2891 4521
4521 3614
2893 3649
3649 4241
3649 4387
2894 3999
2894 4397
2896 4617
4617 3689
2897 2902
2897 2915
2897 4388
2902 2915
2902 4387
2915 3990
4388 3689
2899 3614
2899 3916
3614 3916
3916 2901
2900 4471
2900 4990
4471 2949
4471 2953
4471 2955
4471 3008
4990 2960
4990 5291
2901 4241
2901 4387
2904 3990
2904 4104
4104 2914
2905 4611
2905 4766
4766 2936
4766 4487
4766 5004
4766 5178
2906 3416
2906 3791
3791 2920
2907 3609
2908 3842
2908 3843
3842 2982
3842 3783
3843 3109
3843 3739
2910 3735
2913 4717
4717 5176
2914 4371
2914 4372
4371 2922
4371 3689
4372 2920
2918 4102
2918 4148
4102 3676
4102 5291
4148 2926
2920 4198
4198 2922
4198 3689
2921 3865
2921 4499
4499 3059
3795 4579
4859 3045
4859 3056
4859 3057
2926 3676
2927 2928
2928 3021
2928 3575
3575 2931
2929 3835
3065 5176
2949 4714
2949 4715
4714 2996
4714 3119
4715 2953
4715 2987
4715 4716
2950 4456
4456 4724
2952 4431
2952 4978
4978 2954
2953 4716
4716 2955
4716 2992
4716 4847
4716 5291
3378 3853
3853 4473
4989 3108
4989 3681
5274 3247
5274 4176
5274 4540
5053 3178
2964 3765
2968 3590
2968 3591
3591 4974
2971 4693
4693 3581
2974 4779
2974 4973
4779 4571
4973 4571
2976 3665
2976 4571
3665 4974
4201 3440
4201 3485
3497 3387
3497 3516
2982 3739
2982 3844
3844 3109
2983 4724
2983 4974
4294 4454
4294 4614
2987 4329
4329 2996
2988 4238
4238 4880
4506 2990
4506 3732
4347 3464
3022 3841
3841 3343
2995 4484
4217 4880
3000 3579
3579 4816
3002 4327
3002 5001
3002 5127
5001 3004
5001 5127
5127 3112
3004 3893
3893 4595
3005 3663
3663 3210
3008 4847
4847 3012
3012 4302
3012 5291
3013 3941
3013 4756
3941 4654
4756 3067
4756 3072
4756 3075
4756 3106
4756 3805
3014 3018
3014 3850
3018 3850
3850 4583
3850 4903
3015 4654
3552 3019
3552 4654
3017 5203
5203 3090
5203 3094
5203 3644
5203 4685
3019 3805
3805 4799
3020 3750
3750 4799
3343 4096
3028 3215
3032 3033
3038 3132
3040 3550
3550 3122
3550 3129
3643 4116
3046 4143
4579 3074
3050 3638
4566 4280
4566 4310
4566 4615
5025 5024
4852 3124
4852 3644
4498 3124
4498 3127
3059 3837
3060 4470
4470 3083
4470 4174
3063 3563
3063 4360
3063 4799
5176 3725
3066 3075
3066 5047
3075 3072
5047 3081
5047 4174
5047 5048
3067 3106
3583 3315
3074 3561
3074 3768
3561 3080
4059 3223
4059 3534
3081 3644
3081 4980
4980 3087
3083 3558
3558 4174
4150 3396
4150 3738
3087 4685
4685 3096
3089 3882
3089 4627
3882 5048
4627 3834
3094 5048
5048 3096
4796 3423
4796 3476
3098 3834
5004 3399
3109 3783
3111 4365
4365 4830
3114 3115
3117 5000
5000 4125
3120 3140
3120 3318
3140 3318
4830 3122
4830 3125
4830 4829
3122 3129
3129 4829
3124 4829
3125 3211
3211 3538
3127 3538
3128 3571
3128 4632
4632 3547
4632 5064
3136 3607
3136 4281
3607 4281
3607 4408
3137 4899
4899 3710
3139 3961
3139 3962
3961 3758
3961 3861
3962 3758
3962 3861
3141 4408
4408 3147
4408 3405
3147 3405
3147 3623
3405 3623
3623 4407
3150 3873
3873 3300
3157 4324
4324 3684
3161 4789
4789 4271
3929 4884
3170 3920
5178 3359
5178 3360
3181 3541
3181 3726
4101 3232
3191 3535
3191 3684
3535 3219
3684 3219
3194 3296
3194 3886
3296 3195
3296 3204
3886 3195
3886 3204
3196 3197
3196 3198
3197 3198
3203 3539
3203 4708
3204 3980
3980 3229
4770 4164
3220 3534
3220 4783
4783 4271
3221 3533
3221 3555
3221 4034
3533 3957
3555 3399
3555 3521
4034 3881
4034 4154
3223 3371
3225 3226
3225 4133
3226 4133
4133 3996
4133 4378
3231 4746
4746 3232
5040 3261
5040 5081
5040 5083
3259 3278
3238 3532
3238 4805
3238 5015
3532 4349
3532 4805
3532 5015
4805 4344
4805 5015
5015 3430
3239 3531
3239 3925
3239 4176
3925 3247
4176 5081
3240 4967
3529 4266
4967 3328
4967 4266
4967 5142
3241 4540
3241 4936
4540 3261
4936 3252
4936 5083
3244 3528
3244 5083
3528 5081
3245 4259
4259 3256
3247 4037
3249 3717
3249 3876
3252 3666
3252 4036
4036 3291
3254 5142
5142 4125
3256 4362
4362 5080
4620 3276
3269 4419
3274 3603
3603 3275
3603 3277
3275 3738
3277 4452
3408 3419
3408 3479
3298 3515
3515 3310
3515 3327
3300 3720
3300 3957
3957 3881
3310 3479
3310 3510
3479 3327
3479 3510
3322 4056
4056 3323
3328 4320
4320 3542
4320 4733
4320 4968
3329 4430
4430 3675
3334 4295
3345 4884
4884 3602
4884 4504
3349 5278
3353 5064
3359 3360
3361 3413
3413 3412
3782 4413
3369 3945
3945 3593
3375 3530
3375 4015
3530 4025
3997 3473
3997 4025
4015 3394
4015 3816
4015 5209
4286 3402
4286 4473
3383 4214
4214 4748
4214 4841
4556 3641
4556 3743
4556 4490
3387 3516
3514 3496
3514 3521
3394 3816
3816 3473
3402 4504
3420 3453
3420 3481
3424 3675
3425 4192
4192 3582
3431 4290
3435 5133
3435 5186
5133 3490
5133 3992
5186 3547
3440 4257
3441 3503
3711 4595
3450 3593
3456 3602
3457 4752
4752 4026
3458 3811
3458 4748
4349 3513
3470 5209
3476 4955
3485 4200
4200 3801
4731 3987
3494 3737
3496 3521
3505 3582
4266 4968
4266 5084
3542 4733
3542 4968
3547 5262
5262 4125
3554 4510
3554 5112
4958 3790
4958 4614
3584 3585
3584 4490
3585 4490
4490 3639
4490 3640
4490 3641
4490 3743
4811 3597
4154 3725
5213 4125
3639 3641
3640 3641
4330 3681
3732 4880
5024 4089
3761 3763
3761 3764
3763 3764
3790 4454
3790 4614
3890 4726
3890 4893
4726 4325
4893 4594
3946 3987
4700 4280
4700 4310
4280 4310
4325 4594
