#C:\Anaconda3\lib\site-packages\ipykernel_launcher.py -f C:\Users\CRM\AppData\Roaming\jupyter\runtime\kernel-c928d1b2-22d6-4b12-84cc-8c5e05def514.json
# GMT Fri Apr 12 11:47:11 2019
# 
0 1244 2318 4938
1244 4180 4723
2318 4180 4572 4723
4938 1187 2980 4326 5196
1 3035
3035 484 509 3032 3033 3034
2 2084
2084 2700 3460
3 237
237 3003
4 2503
2503 934 2703 5168
5 4078
4078 3137 3710 5190
6 2085
2085 2518 4252
7 4080
4080 2411 3142 5192
8 2185
2185 4168 5259
9 935
935 851 5097
10 2087
2087 2088 2290
11 4166
4166 4903 5166 5168
12 1097
1097 23 1092 2685
13 2125
2125 3463 4120
14 238
238 270
15 239
239 3189
16 2312
2312 231 4728
17 2089
2089 3165 5012
18 2166
2166 229 3294 4653
19 1060
1060 233 714 4675
20 2241
2241 1331 1333 3928 3969
21 5143
5143 1501 1542 1654 3998
22 240
240 4891
23
24 241
241 1130
25 3193
3193 469 2147
26 4741
4741 408 3340 3396 4186 4452
27 3870
3870 1302 1782 1793 2256 2259
28 242
242 4331
29 5041
5041 675 2837 3488
30 2091
2091 3696 5114
31 2092
2092 5107
32 2852
2852 2094 3501 3502
33 243
243 5241
34 244
244 4331
35 2093
2093 2298 5238
36 2094
2094
37 488
488 468 1473 5122
38 2095
2095 3767 4987
39 2117
2117 76 3696 5164
40 2096
2096 3292 5232
41 2097
2097 2520 3976
42 2098
2098 3771 4366
43 3190
3190 356 359 362
44 245
245 271
45 246
246 4129
46 2099
2099 2101 3526
47 2100
2100 2101 3526
48 1079
1079 949 951 959
49 3974
3974 1531 1668 2147 3165
50 2116
2116 2819 2820
51 1796
1796 3130
52 2103
2103 4773 5188
53 2104
2104 4761
54 2105
2105 2649 3685
55 1932
1932 1803 3214
56 5164
5164 1207 2527 2668 2689
57 3183
3183 4507 4816 4940
58 5190
5190 1300 2129 2681 4703 5189
59 1266
1266 1237
60 2108
2108 3088 5249
61 2222
2222 2292
62 2110
2110 2294 4369
63 2111
2111 2681
64 2112
2112 3506 4703
65 2018
2018 322 3206
66 2393
2393 214 1763 3721 3998
67 4491
4491 895 2637 2702 4970
68 4984
4984 1452 1590 2851 3977
69 1268
1268 1653
70 3524
3524 2814 3454 3455 3465 3519 3901 5154
71 1653
1653 2504
72 4791
4791 3734 4111 4537 4900 5195
73 2293
2293 2109
74 5195
5195 4422 5192 5194
75 247
247 272
76
77 2560
2560 2867 4066 4074
78 2118
2118 2317 4149
79 4074
4074 696 709 2441 2819 3832
80 248
248 273
81 2119
2119 4098 5232
82 2678
2678 4343 4567 5069
83 249
249 2012
84 250
250 2173
85 2120
2120 3819 5208
86 3156
3156 716 2437 3175
87 2351
2351 796 801 1546 1633
88 2121
2121 2487
89 2551
2551 3613 3779 5045
90 5088
5088 932 942 1070 2072 4882
91 251
251 2202
92 2122
2122 3216 4357
93 2123
2123 3621
94 3100
3100 3517 3735 4564
95 2124
2124 5219
96 2088
2088 2290
97 858
858 143 152 205 856 5141
98 252
252 2212
99 5288
5288 2969 3781 4168 5287
100 2126
2126 2576 5249
101 2127
2127 2201
102 2128
2128 2533 4355
103 2533
2533 3792 4910
104 4273
4273 553 570 3452 4897
105 3695
3695 561 4534 4727 4955
106 2129
2129 3968
107 3293
3293 1072 1083 3177
108 2685
2685 2157 5202
109 3366
3366 412 435 4182
110 1276
1276 1240 3302
111 253
253 2176
112 2590
2590 3184 3722
113 2200
2200 577
114 3199
3199 3196 3197 4167
115 3469
3469 1440 1696 4194
116 972
972 947 949 955
117 254
254 2177
118 4023
4023 999 2965 5221
119 4790
4790 1448 1472 3734 4173
120 4157
4157 1733 1744 1792 2198 5109
121 4751
4751 407 2165 3879
122 4153
4153 3725 4049 4364
123 3926
3926 150 1786 1791 3432 4852 4860 4861
124 2132
2132 2206 2465
125 255
255 2297
126 4299
4299 1196 1207 3685
127 256
256 1689
128 257
257 2368
129 4554
4554 2341 3860 4110
130 3612
3612 4323 4433 4711 4712
131 3385
3385 4355 4556 4912
132 4889
4889 1213 1214 1216 3966
133 2780
2780 1339 3509
134 3302
3302 1263 3364
135 4292
4292 1605 3804 4233
136 2133
2133 2620 3814
137 2134
2134 2693
138 258
258 3489
139 5232
5232 899 1538 1545 2173 2208 2348 3645 4595 4643
140 2135
2135 2871 4285
141 4416
4416 382 384 3950 4121 4134 4374 4375
142 259
259 2877
143
144 2136
2136 2933 4705
145 2512
2512 1089 1091 1093
146 5231
5231 414 3949 4595
147 4792
4792 202 452 3530 3704
148 2191
2191 440 465
149 3621
3621 1623 3228 4480 4639
150
151 2138
2138 4532
152
153 851
851 415
154 1082
1082 1031 3434
155 4475
4475 526 547 2326
156 3472
3472 338 4135 4290
157 260
260 2514
158 5105
5105 1345 1446 4459 4764
159 4017
4017 345 350 412
160 3142
3142 1341 4537
161 4905
4905 416 430 3737 4235 4731 4906
162 3655
3655 421 3954 4008 4335 4913
163 1544
1544 1538 2348
164 2259
2259 1782 2368
165 572
572 411
166 4127
4127 2454 2458 5038
167 261
261 1689
168 2442
2442 2000 4203 5006
169 2143
2143 2296 2315
170 2144
2144 4208
171 2145
2145 2297 4512
172 3721
3721 533 5145
173 2146
2146 3704 5207
174 2526
2526 926 3719 4902
175 437
437 391 2137 3658
176 262
262 5163
177 5082
5082 2080 3244 3528 3627 4246
178 3631
3631 988 3101 3104 3120 3140
179 2147
2147
180 3151
3151 3852 4652 5129
181 263
263 1832
182 3290
3290 3653 4112 4576
183 264
264 1492
184 2148
2148 2475 4900
185 2149
2149 3813 4953
186 4900
4900 2917 3710
187 2317
2317 3943 4546
188 3747
3747 5131 5180
189 2177
2177 3449 4621
190 2488
2488 506 5245
191 1432
1432 1426 4177
192 3216
3216 1104 1106
193 265
265 4233
194 2151
2151 2231 2306
195 5259
5259 300 2548 3206 3781
196 272
272 717
197 266
266 1346
198 5249
5249 223 2400 5248
199 1165
1165 1132 2234
200 3986
3986 993 3975
201 5121
5121 492 493 495 2187 2207 3184 3452 3462
202
203 2154
2154 2537 4318
204 3189
3189 4018 4096 4101
205
206 3373
3373 207 4222 4909 4917
207
208 2156
2156 4608 4962
209 1190
1190 1063 2235
210 2158
2158 4687 5057
211 3537
3537 1975 2045 2269 4379
212 3799
3799 4332 5000 5142 5268
213 2076
2076 2058 4592
214
215 267
267 1077
216 5177
5177 2913 5176
217 3393
3393 3514 3525 3527
218 2160
2160 3228 5297
219 268
268 763
220 2161
2161 2300 2332
221 2157
2157 1061
222 2163
2163 3596 4147
223
224 2689
2689 2668 4313
225 1107
1107 359 2507
226 4999
4999 397 3457 4428 5122 5228
227 2165
2165 2301
228 4277
4277 1475 3006 5194 5222
229
230 2167
2167 2178 3756
231
232 4599
4599 365 2700
233
234 1658
1658 1499 5267
235 3175
3175 4462 4675
236 269
269 3708
3003 1316 1342 3815 4207
270 4177
4891 442 737 748 761 764 2825 2956 3352 3404
1130 1124 3236
4331 1339 1405 2994
5241 648 3423 4242 4438
271 343
4129 280 2701 2713 3526
273 4675
2012 1342 1354
2173 2208
2202 625 2213
2212 808 3336
2176 4260 4827
2297 4079
1689 1684 4961
2368 1408 1766 1824
3489 4731 4732
2877 1328 4558
2514 1091 2513 2516
5163 892 894 895 898 936 3152 3499
1832 1815 2244
1492 1491 2170
4233 1596 2155 2518 4932
1346 1204 1961 3273
1077 1029 1055
763 315 762
3708 883 2673 5087
4177 1437 1536 1578
343 332 4453
717 4210
4675 719 2945 3294
274 2701 3560
2701 3281
3560 3970 3971
275 284 5141
284 1958
5141 277 4733 4968
276 2706 2707
2706 2713 3970
2707 2713 3970
277 5079
5079 2004 4424 4733 5080
278 4793 4794
4793 2065 2337 3311 4898
4794 2043 2289 3311 3586
279 4511
4334 2991 3885 4193
4511 2721 3846 4191 4193
280 3281
3281 3969
281 3959 4651
3959 299 311 323 1674 4853
4651 310 3567 4399
282 3969 3972
3969 3972
3972 283 2713
283 2152
2152 2465
1958 1961
285 4246
4246 2005 5084
286 3421
3421 4589 4948
5055 329 4162 4421
287 2337
2337 2055 2078 4520
288 330 2898
330 4772
2898 5101
289 2722 3822
2722 3822 4426 4656
3822 2062 4426 4656 4869 4872
290 3604 4585
3604 2071 2903 2919
4585 3257 3963 4843
291 3599 4444
3599 2490 4390
4444 1215 2490 5201
292 4189 4898
4189 2041 2042 2049 2067 2697 4656 4870
4898 1989 2025 2026 2034 2041 2359 2697 4488 4870
293 331 3526
331 2354
3526 294 2101 3337 3519
294 296
296 2354
295 1085 3338
1085
3338 2292 2354 3337
2354 3336
297 2916 4676
2916 2036 4750
4676 752 1510 2725 4041 4107 5000
298 2184 4872
2184 5119
4872 2672 4869
299 4853
4853 310 3224 3572 5213
300
301 4478 5011
4478 414 2925 3017
5011 390 443 2142 2189 3268
302 352 3519
352 304 348
3519 2397 3454 3508
303 2809 3673
2809 2031 2827
3673 2286 2827 4948 4949
304 348
348 306
305 2225
2225 1915 4191
306 3901
3901 307 308 3454 3465
307 4946
4946 667 670 2347 4947
308
4947 2372 2374 2846
309 759 4512
759 762 4512
4512 315 495 3625 4671
310
311 5266
5266 314 2209 3246 3652
312 3367
3367 3325 4002
5102 579 2435 2616 3325 4228 5044
313 728 2207
728 486
2207
314 2182
2182
315
316 321 5059
321 5058 5059
5059 1999 2014 4589
317 2023 3569
2023 4297
3569 394 5120
318 4810 4941
4810 2005 5083
4941 3245 3254 3542 4362 5270
319 4315
3691 2752
4315 2813
320 2113 2425
2113 4278
2425 2015 2020 4278
5058 2788 3372 4162
322
5286 514 771 819
323 5212
5212 2757 2781 2909 4125
324 606 3900
606 5270
3900 2004 5081
325 3234 4740
3234 4216 5040
4740 3297 5084
326 3556 4689
3556 3896 3911 5154
4689 3951 5017 5018
327 2291
2090 1086 2291 4426
2291 1772
328 2536 4453
2536 337 2539 3789
4453 337 3084 3274 3738
329 2342
2342 560 3927
4772 2975 3138 4677
332
355 2539
333 3797 4297
3797 399 2137 4671
4297 399 3658 5226
334 2616 4442
2616 5103
4442 2029 3633
335 2830 5147
2830 3878 4337
5147 1274 2603 4300 4337
336 3365 4272
3365 4680
4272 387 3158 4413 4680 4844
337
338 3307
3307 4135 4136
339 2582 4909
2582 4450 4732
4909 3735 4731
340 3792 4863
3792
4863 363 2613 3182 3451 3495 3639 3640 4490 4862
341 5224 5225
5224 466 489 3025 4120 4474 5223
5225 2824 4026 4079 4244 5226
342 2164 2390
2164 4701
2390 379
344 3084 3867
3084 4150
3867 408 4759
345 347
347 4701
346 2131
2131 3460
4701 3206
349 379
379
4420 370 5280
350 4682
4682 371 372 2548 3403
351 2620 4834
2620 366
4834 3322 3323 3869
353 2963
2963 3814 5245
4186 395 396
354 3339 4862
3339 3426 3495
4862 3182 3426 3584 3585 4020 4490
2539 4525
356 4221
4221 456 458 2507 3460
357 3879 5204
3879 361 2388 5204 5223
5204 389 724
358 1114
1114 367
5227 608 620
359
360 4304
2388 704
4304 389
361 5223
5223 704 3025 4448 4460 4474
362 4923
4923 479 2567 3789
363 3451
3451 2853 3295
364 368
368 721
365 5097
5097 366 405 2705 3869
366
367 2230
2230 3913
721 2855
369 402
402 2313
3295 2853 3495
370
3690 438 439
371 380
380 4926
372
373 374 3907
374 3907
3907 3743 4556 4910 4913
375 400 2878
400 5299
2878 3682
376 4121 4374
4121 3950 4374 4375 4906 4912
4374 3950 4375 4906
377 2700 5280
2700
5280 2772
378 3306 3337
3306 3304
3337
4926 438 474 3379 3403
381 4460
3025
4460 791 3960 4474
382
4134 2744 4135
383 3168
392 2753
3168 3929 4885
384
2937 388 3899 4135
385 2189 2483
2189
2483 434 4806
386 3404
3404 390
387
4680 3746 4290 4696
388 4135
4135
389
390
391 2137
2137
2753 669 4885
393 3826 4763
3826 1711 1757 2414 5134
4763 2907 3992 4011 4137
394 4897
4897 5289 5299
395 3814
3814 5245
396 3340
3340 467
397 5122
5122 468 626 630 637 3598 4428
398 407 3268
407
3268 724
399
5299 637 4505
401 2395 5099
2395 5098
5099 3380 3606 3704
2313 710 2290
403 421 4008
421
4008 2493 3564 3954 4801 4913
404 3954 4801
3954 3564 4801
4801 2456 4222 4913
405 3377
3377 436 470
406 514 3626
514
3626 634 813 3682
408
409 2548 4182
2548
4182
410 2142 4806
2142
4806 666 734 2825 3636
411 417
417 2199
412
413 2139 4525
2139 5276
4525 450 3384 5271
414
415 2521
2521 479 4759
416 4906
4906 2456 3431 3494 3737 3824 4335 4696
2199 5012
418 4869
4118 2659 4871
4869 2011 2037 2959
419 445 481
445 482
481 483
420 2507 4922
2507 456
4922
422 2567 4291
2567 2608
4291 5271 5276
423 3824 4335
3824 4283 4335 4497
4335 3699
424 426 4497
426 428
4497 428 3699
425 471 3746
471 4908
3746 4413 4696
428 4914
427 4696
487 4908
4696 3494
4914 602 618 619 4437
429 447 483
447 482
483 2849
430 2794
2794 4283 4916
431 435 4927
435
4927 441 446 491 3403
432 824
824 436
433 4082 4912
4082 2693 2782 4375
4912 4375
434 4448
4448 633 2330
436
3658 2768
438
439 2705
2705
440 2190
2190 5012
441 4612
4612 3379 3380 3606
442 1531
1531
443 3636
3636 737 756 764 1176 2825
444 3376 5034
3376 1811 3572
5034 1680 2461 2984
482
446 2192
2192 4483
448 2986 4381
2986 4294 4821
4381 3790 4528 4821 4958
449 460 2721
460 577
2721 4925
450
451 1917 3342
1917 2285 3342
3342 1867 2019
452 4483
4483 4025
453 2948 3594
2948 4346 4658
3594 1274 1489
454 2471 4961
2471 3702 3983
4961 2981 4097 4954
455 3392 4915
3392 3903 4450
4915 573 2073
456
457 2704 4732
2704 459 462
4732 3553 4731
458 5277
5277 2765 4328 5278
459
2073
577
461 3960 4474
3960 4244
4474 774 4244 5229
462 4269
4269 484 508 2196 3370
463 2193 4867
2193 3951
4867 2739 4295 5021
464 2194 3645
2194 2412 3645
3645 881 3292
465 5012
5012 1178 3017
466 4079
4079 2824
467 5246
5246 3384 3806
468
469
470 474
474
4908 2669 2693 2782 3680 3899
472 3086 3948
3086 3883 5036
3948 2379 3329
473 509 3553
509
3553 2826 4405
475 2195 2997
2195
2997 757
476 486 2662
486 2662
2662 3184
477 2196 3034
2196
3034 3033
478 2748 2828
2748 3637 4322
2828 3637 4145
479
480 3370 4405
3370 3308
4405 2826 3946 3987 4564 4845
2849 1442 2889 2892
484
485 2187
2187
1473 4184
489 4244
4244 654
490 500 5263
500 5264
5263 723 1099 2781 3657 4468 5262
491 5211
5211 525 678 3333 3470 3473 3606
492 3625
3625 3462
493 5294
5294 499
494 3501 3523
3501 3422 3483 3517 3523
3523 2686 2687 2910 3483
495
496 3062 3085
3062 3076 4145
3085 3073
497 3483 3502
3483 3422
3502 535
498 535 3422
535
3422
499 3452
3452
5264 617 638 713 1972 2068 2472 2537 3547
501 4463 4956
4463 2750 2837 4796 4955
4956 503 545 673 674 4352 4534
502 4300
4300 2603
5104 2027 2717 3910 4954
503 2837
2837
504 3852 4823
3852 4030
4823 555 2576 3862
505 2405 5248
2405 1305
5248 663 664 2400
506 5244
5244 536 2326 3406
507 652 680
652 4642
680 4875
508 3308
3308 4844
510 2692 3326
2692 2622 2912
3326 2912 4384
511 5044
3138 2235 4301 5044
5044 1063 1836 2235 2975 4412
512 2204 2400
2204 678
2400
513 519 3937
519 4727
3937 4351 4534 4727
515 3101 4605
3101 988 5004
4605 3140 4140 5005
516 4358 4684
4358 2725 4041 4469 5142
4684 4041 4447
517 5210
522 525
5210 2321 3470 3606 4085 5209
518 3382
3382 2628 3507 3518 4091
3507 3518 4642
4727 561 623 658 1353 5207
520 3462 5120
3462 5120
5120 570 4752
521 524 4084
524 3321
4084 655 656 4534
525
523 528
528 566
4778 556 1294 4242
3321 2321
526 3482
3482 556
527 532 5052
532 529
5052 549 1210 3723
566 3836
529 4875
4875 3178
530 2817
2817 537 749
4288 531 3989 5054
531 564
564 3341
533 4476
4476 543 1171 3998
534 563
563 4757
3989 1295 5054
536 3095
3095 4796 5247
537 1295
1295
538 567 5250
567 3715
5250 1696 3860
539 3418 3486
3418 4361 4825
3486 4693 4825
540 3088 3860
3088 4110
3860
541 2962 5054
2962 4247 5053
5054 2328 3616 4598
542 2407 5100
2407 4090
5100 1657 3315 3693 3910 5101
543 3069
3069 3583 5101
544 558 4028
558 4384
4028 565 4712
545 4351
4351 628 3488
546 3437 4757
3437 2745
4757 2745 3616
547 3836
3836 5207 5208
548 2864 4242
2864 3235 3630
4242 3278
549 3927
3927 581 5053
550 4457 4519
4457 1201 2749 2797
4519 636 1088 1522 4679
551 4515
4515 3821 4760 4884
5236 2630 3652 4551 5035
552 2472
2472 1736
4468 559
553 4664
4664 1330 2926 4276
554 581
581
1210
555 4030
4030 2835
556
557 3871 3884
3871 2453 4501
3884 2358 4602
4384 3319 4690
559 562
562 3224
560 569
569 4598
561
3224
3341 574 632 2186 4942 4943
565 2745
2745
3715 1294 2746
568 640 4603
640 2347
4603 2790 3166 3167 3891 4253
4598 2048
570
571 1756
1756 1746
1757
573 2213
2213 621
574 2186
2186 4943
575 2320
2320 576 4943
4081 2333 3446
576 4814
4814 603 604 691 695 703 2381 2384 2420
578 2594
2594 4711 4876
4441 2556 4690
579 2842
2842 1053 4090
580 2321
2321
3333
582 585
585 2324
2940 3255
583 587 2360
587 2174
2360 3840 4085
584 2322 3391
2322 4690 4876
3391 4711 4876
2324 3255 4048
586 588 4876
588 605
4876 2327 2854 3166 3167 3518 4255
2174 4085
605 589
589 2335
2335 2789 2790
590 599 3344
599 2068
3344 751 4674
591 829 3913
829 630
3913 609 722 5226
592 828 3500
828 4551
3500 3456 3602
593 2789 2790
2789 2776
2790
594 2326 3819
2326
3819
595 2327
2327
2776
596 3166
3166
3167
597 2328
2328 4247
4917 2377 3809 4653
598 4943
3446 3759
4943 613 672 2333 3335 3759 4916
2068
600 2341 3630
2341 675
3630 3235
601 3475 5037
3475 4590 4604
5037 3490 3887 4723 5132
602 4077
4077 603 604 2331 4437
603
604
5270 4056 4967 5040
607 2201 3809
2201 4945
3809 4667 4942
608 2330
2330 612
609
3598 620 622
610 2377 4437
2377 4916
4437 611 3759
611 3459
3459 613 3759
612
4643 2956 4058
613
614 665 5237
665 4572
5237 1356 2630 3566 5197
615 3520
2598 3931
3520 3453
616 2379 3883
2379
3883 1127
617 644
644 650
618
3335 672 676 2319
619 2319
2319 2729
620
621 2465
2465 4667
622 4385
4385 4753 5228
623 3674
3674 5208 5209
624 3859 4807
3859 3105 3192
4807 2035 2788 5057
625 2206
2206
626 630
630
627 641 3001
641 4323
3001 629 4942
628 4352
4352
629 4539
4539 639 2349 4062 4942
631 806 2684
806 797
2684 5036 5132
632
4942 4667
633 5226
5226 722 3628 4671
634 2840
2840 3682
635 2757
2757 2781
636 2610
2610 1062 4679
637
638 1972
1972 1994
639 4062
4062 3745 4433 4711
2347 4270
4323 4433
642 725 2414
725 5187
2414 5135
643 3821
3821 4473
4885 3345 3435
650 3705
645 4058 5228
4058 666 2208
5228 3949
646 3386 4699
3386 3474
4699 1180 1182 1184 2417 2966 3054
647 4760
2766 3661 4883
4760 3424 4504
648 677
677
649 2816
2816 798 4389
3263 945 4389
3705 1007 1458 5184
651 2491
2197 4333
2491 679 4948
4642 3319 3518 4255
653 1353
1353
5207 3476
654 1632
1632 1352
655 3840
3840 4534
656 4319
4319 663 664 673 674 4085 4534
657 659 941
659
941 780
658 2069
2069 5208
5183 938 4156 4175
660 2374 4253
2374 4588
4253 661 683
661 2846
2846 670
662 2054 2203
2054 4191
2203 4866
663
664
4572 2887
666
667 4255
4255 4945
668 3346 3488
3346
3488
669 4886
4886 3420 3853 4473
670
671 3749 5016
3749 2339 4344
5016 4344
672
673
674
675
676 2729
2729 3903
678
679 4038
4038 681 2364
681 4333
4333 683 4588
682 3588 5151
3588 1188 2409 5151
5151 2554 4156 4230 4933
683
684 3745 4945
3745 4433 4538
4945 2652 4433
685 687 4100
687 4100
4100 2420
686 689 727
689 695
727 688 697
2413 3678 4267
688 691
691
695
690 693 697
693 703
697
692 694 2381
694 3864
2381 4813
703
3864 2394 4314
696 702
702 709
698 2386 5175
2386 4438 5243
5175 985 1297 4553
699 2427
2427 4356
3851 4066 4462
700 3671 5238
3671 733 4590
5238 790 891 996 1504 1649 2298 2303
701 2205 2304
2205 4075
2304 4065
709 4065
704
705 2942
2741 706 2941
2942 744 1564 2941
706 2943
2943 2941 2944 2945
707 3266 4447
3266 3250
4447 3411
708 712 2169
712 710
2169
4065 2385 3888 3889 4462
710
711 755 2316
755 729
2316 726 730
713
714 4462
4462 2437 2443 3880
715 3031
3031 3126 3131
3846 1821 2021 4658
716 4356
4356 773 776
3845 2452 4492
4210 2708 3892 4209
718 3719 4545
3719 4185
4545 958 2508 3041
719
5056 2973 2981 4492
720 2404 4669
2404 733 3444
4669 915 1478 4263 4590
2855 4797
722
723 2537
2537
724
5187 1748 3128 4156
726 2290
2290
729 1424
1424 730 3832
730
731 4107
4107 1142 3657
732 758 2394
758 4813
2394 3786
733
734
735 742 3678
742 787
3678 3294
736 2944 2945
2944 787
2945 2935
737
738 4175 5197
4175 826 1036
5197 2070 3566 4481
739 3909 4249
3909 1217 2643
4249 2876 3381 3663 3897
740 2583 3754
2583 4057 4158
3754 4123 5021
741 747 2422
747 3898
2422 5123 5124
787
743 2423 3071
2423 2415 3833 4721
3071 760 2415 3833
744 1564
1564 2935
745 3833 4720
3833
4720 3362 3923 4771
746 2179 2303
2179 1677
2303
3898 766 4804
748
749 4944
4944 753 2542
750 2415 4721
2415
4721 817 2183
751
752
753 4267
4267 4314
754 3887 4902
3887 4458 4590
4902 797 3668 4544 4723
756 2825
2825
757 2210
2210 5293
4813 2333
762
760 767
767 5293
761 5233
5233 772 2348 2412 3893
764
765 3755 5023
3755 2428 5024
5023 3401 3429 4083 4187 4349 4614
766 771
771
5293 1815 1899 1962 3173
768 3953 4949
3953 3372 4589
4949 5153
769 2231 3713
2231 2306
3713 3720 4154
770 2211 2821
2211 2820
2821 2441 2819 2867
772 3352
3352
773 2384
2384 3880
774
5003 1427 2345 5002
775 784 1039
784 1039 2799
1039 1032
776
777 4009
4009 2385 2387
778 1067 3832
1067 4075
3832
779 4228 5101
4228 1558 1637 1836 2435
5101 1180 1181 1558 3315 3348 3583
780 783
783 4674
781 1343 2867
1343
2867
782 2314
2314 1677
4674 1173 3005 3133 3210 4318 5064
2799 4339 4544
785 3889 4075
3889 4066
4075 3888
786 790 4389
790
4389 971 3041
788 2363 3610
2363 793
3610 3533 4154
789 799 3165
799
3165
791 5229
5229 2925 4026
792 1546 5297
1546
5297 800 802 1271
793 3525
3525 3496 3521
794 4123 5018
4123 4057
5018 4628
795 4749 5134
4749 3602 3929 4887
5134 3345 3931 4551
796 5296
5296 1281 2495 3212 4446
797
798 4544
4544 3091
3544 840
800 1633
1633
801 1248
1248 1260
802
805 2175
803 1045 4514
1045 804
4514 2711
804 2695
2695 3314 4972
2175 4610
807 4414
4414 809 860
4969 810 1135 3912
808 2305
2305 3023
809 2618
2618 1080 4855
810 2801
2801 1231 3912
811 4694 5090
4694 2530 2649 5085
5090 968 2464
812 2214 3289
2214 815
3289 814 816 2215 2460 3620
813 4098
4098 819 3682
814
815
3620 821 2450 3368
816 2215
2215
817
3923 1825
818 4386 5070
4386 3362 4164 4874
5070 3299 4164 4770
819
820 3433 5029
3433 822 5109
5029 2248 2380 4109 4163 5108
821 2460
2460 4265
822 5108
5108 1482 1779 4461
823 855
837 855 2155
855 2155 2299
825 2464 4265
2464 3839
4265 2469 5085
826 4997
4997 3103 4482 4678
827 843 848
843 839 4264
848 3317
4551 3490
830 3445 5258
3445 3711 5287
5258 3379 3862
831 4868
3911 2985 5154
4868 2730 2792 5014
832 2466 3918
2466 4274 4591
3918 4467 4510
833 2371
2371 840 1668
834 2467 5028
2467 4959
5028 835 2883 3765 4528 5027
835 5020
5020 2647 3825
836 3817 5008
3817 841 2666 3895
5008 925 1225 1416 1530 4312 4317 5007
2155
838 2450 2474
2450 4264
2474 3368 4264
839 4264
4264 2454 2469
840
841 2216
2216 3064
842 4298 5089
4298 3839 5038
5089 2484
844 2451
2451 846 859
845 925
925
3895 913 3407
846 4562
4562 3827
847 1377 1416
1377
1416 3632
3317 2454
849 4042 5032
4042 2754 4142 5200
5032 850 1225 1787 4142
850 2086
2086 5118
852 3253 3549
3253 5038 5086
3549 929 5085
853 3303 4035
3303 862 4251
4035 1483 3920
854 940 2219
940 933
2219 5092
2299 3236
856 1961
1961
857 861 3810
861 2482
3810 876 2485
859
4888 4190
860 880
880 3727
2482 4533
862 3356
3356 4250
863 2671 4142
2671 5009
4142 3988
864 2932 5287
2932 885 1545 5287
5287 948
865 4168
4168 881
866 873 2525
873 4250
2525 2665 2998
867 4039 4774
4039
4774 886 887 890
868 5162
5162 869 870 872 2702
869
870 1191
1191 3727
871 3273 3697
3273 1204 2001
3697 2013 3251 5138
872
2502 898 900
4250 2544 2998
874 897 3727
897
3727 4971
875 5013 5017
5013 906 3894 3914 4965
5017 3401 3513 4805
876 4820
4820 877 878 2492 2501
877 4423
4423 882 2492 4170
878 3007
3007 4987 4988
879 3292
2412
3292 2348
881
882
3562 890 4170 5087
883 4882
4882 929 5091 5092
884 4117 4819
4117 2492 3499
4819 908 911 912 4268 4988
885
886 4533
4533 2484 5086
887 889
889 936
888 893 4053
893 3540
4053 2462 4615 4616 4700
936
890
891 4604
4604 910 2508 3668
892 905
905 909
3540 2462
894 1189
1189 4170
895
896 2217 3971
2217 3928
3971 1462 2366
904 920
898
899 3949
3949 4753
900 4313
4313 1186
901 3499
3499
4569 907 911 919 3270
902 948 2584
948 2584
2584 4486
903 1075 1078
1075 3301
1078 3872
920 5161
909 1070
906 3914
3914 2436 4893
907 3152
3152 4170
908 919
919
1070
910 916
916 4458
911
912 982
982 3794
913 5009
5009 1535 2511
914 943 958
943 3978
958
915 918
918 2508
4458 3493 4590
917 927 4988
927 3794
4988 952
2508
5161 1186 2673 3600
921 2072
2072
2857 3794
922 2220 3601
2220 5185
3601 1351 1363 2552
923 4987
4987 5091
924 3928
3928 1333 1462 2424 3097
926 4227
4227 983 986 3739 3783 4339
3794
928 4895
4179 4761
4895 3890 4325 4594 4726 4894
929
930 3800
3052 3800 4566 5025
3800 4566 4615 5025 5261
931 3438 4761
3438 4704
4761 2436
932 3270
3270 933
933
934 2432
2432 1743 2703
937 4263 4670
4263 1802 3652
4670 966 3652
938 5184
5184 977 1177 1232 2797 3571
939 1609 3082
1609 4815
3082 3068 3696
942
4815 2517 3685 3767
3978 965 986 4543
944 3467 4429
3467 5152
4429 1119 1397 4529 4924 5150
945
946 5185
4482 969 1007
5185 964 1049 1058 5196
947 951
951
949
950 2221 2644
2221 3447
2644 3730 4655
952
1205 3447
953 2528 3798
2528 5166 5219
3798 2332 5166
954 2224 4800
2224
4800 1889 3767
955 991
991 963
956 5060
3878 1863 4337
5060 2410 2676 4124 4589
957 5166 5167
5166 2703
5167 3060 3756
959 2109
2109
960 1202 2346
1202 961 4108
2346 961 962 4479
961
962
963 1031
1031
964
2457 977 1643
965 4339
4339
966 3444
3444
967 3756 4698
3756 2178 4188
4698 3018 4188 4903
968
3659 970 3324
969
970 4108
4108 2531
971 4543
4543 998 3091
973 4582 4692
4582 2538 2540 3806 4798
4692 974 975 3806
974
3701 1998 2664
975 3742
3742 2540 5273
976 2376 5169
2376 1752 4188
5169 3098 4546
977
978 1027 4928
1027 5148
4928 1200 1763 5144
979 4835 5157
4835 2546 3778 4398
5157 2547 4013 5247
980 3777 3983
3777 2760 3078 3863
3983 3985
981 3357 5148
3357 1008
5148 3635 4373
983 2223
2223 2298
984 2552 4677
2552 3772
4677 1537 3330 3772
985 3812
3812 2550 2577
986
987 3078 3222
3078 3975
3222 989 995
988
989
2760 3984
990 4147 4425
4147 2546 3441
4425 2577 5165
992 3993 4622
3993 1028 1038 5159
4622 994 2559 3736
993 2970
2970 3985 4648
994
5158 1024 2375 2574 4436
995
3975 3863
996 5267
5267 3041 3246 4427 4723
997 3818 4596
3818 3104 4487
4596 2565 3318 5221
998 4185
4185 2908 3844
999 2565
2565 4140
1000 1005 4051
1005 4031
4051 1002 1055 3177
1001 5172
3934 5174
5172 2547 2562 2563 4560 5173
1002
1003 2554 4933
2554 3213
4933 1505 2373 2844 2850
1004 1021 3775
1021 5033
3775 2553 5173
4031 1025 2573 3854
1006 4068
2375 4436
4068 3774 5156
1007
1008
5182 1036 1321 3635 4584
1009 4013 5156
4013 1064
5156 2570
1010 3116 5221
3116 3163 3389
5221 3389 5220
1011 2573 3856
2573 1013
3856 1167 3135 3144
1012 2568 3600
2568 4205
3600 4508
1013 3855
3855 1167
1014 2967 3774
2967 5155
3774 4436
1015 2569 4055
2569 5095
4055 1022 1170 3389
1016 4144 4336
4144 3559 4086 4232
4336 3802 4366 4866
1017 3854
3854 1040 3144
1018 4436 4798
4436
4798 1020 2664
1019 3760
3760 1026 2923 5095
1020 1064
1064
5033 1028 4067 5173
1022 3163
3163 3389
1023 1029 1094
1029
1094 1092
1024 1038
1038
1025 2993
2993 3841
1026 5219
5219 4611 5095 5218 5220
1028
1030 4140 5218
4140 2965 5220
5218 2430 4359 4487 4611
1032 3668
3668
1033 3091
3091
1034 1047 3936
1047 4435
3936 1035 5155
1035 4494
4494 2587 4435 4738 5155
1036
1037 2226 4218
2226 1049
4218 1537 2439 3613
1040 3703
3703 1043 1179 3135
1041 1066 2430
1066 5096
2430 3849
1042 3849 5095
3849 1048 5095
5095 2923 3908 4903
1043
1044 2655 5159
2655 4850 5159
5159 4542 5174
1046 2903 2919
2903 4710
2919 4417
4435 2614 4069
1048 5094
5094 3132 3943
1049
1050 4131
4131 2563 2585
4848 2597 2601 2604 2615 3744 4849
1051 3417 4858
3417 4021
4858 2587 2668 4738
1052 3615 4359
3615 2895 5214
4359 3908 5093 5217
1053
3693 1181
1054 4849
4024 2574 4738
4849 3729 4021
1055
1056 2612 5152
2612 4530 4866
5152 1065 4027 4529 4841
1057 3908
2017 3908 4904
3908 2895
1058
1059 2162 4141
2162 4000
4141 2691 4390
1061 4095
4095 2236 2811 3043 3048 3841 4018 4101
1062 4981
4981 1222 4011
1063
1065 4086
4086 2509 3771
5096 3269 3943 4904
1068 5214 5215
5214 2894 2905 4487 5215
5215 1101 3006 4397 4904
1069 3174 4660
3174 1132 2238 2264 3677 3741
4660 2001 3251 5140
1071 3780 4508
3780 4205 4657
4508 3707 4646
1072 2663
2663 3237
1073 2615 4067
2615 3731
4067 5160
1074 2516 3179
2516 4112
3179 1112 4575
3301 3873 3881
1076 2140 2295
2140 2406
2295 4890
3872 3150
1080 4920
4920 1137 2670 4432
1081 2227 2617
2227 3185
2617 1084 4261
3434 3863 3984
1083 4047
4047 3135 3177 3200 3237
1084 4613
4613 1104 1120 3185 4382
1086 4426
4426 2028 2081 3991
1087 2731
2731 2979
1088 3029
3029 2734 5136
1089 2513
2513 1090
1090 2515
2515 1096
1091
1092
1093 2228
2228
1095 5216
2979 3093
5216 1100 3006 3077 3093
1096 1112
1112
1098 2504
2504 3966 4357
4178 1120 1213 1236 1237
1099 3250
3250 3657
1100 5217
5217 1125 1131 1138 1139 2229 4507
1101 3656
3656 1105 3077 4419
1102 4105
2578 4392 4394
4105 3231 4018
1103 5222
3093
5222 2732 2978 3387 3463 4485
1104
1105 1113
1113 4797
1106 3536
3536 1108 2632
1108 3915
3915 2480 2632 4548
1109 1117 1118
1117
1118 1116 3762
1110 4332
2188 2572 4332
4332 2545
1111 3653 4112
3653 4382 4548
4112 1166 2171 4382
4797 1126 1131 2229 3077 4419 4522
1115 4548
4548 2632
1116
3762 3761 3763 3764 4392
1119
1120
1121 3185 3912
3185
3912 4261
1122 3133
3133
3897
1123 3712 4818
3712 2648 4818 4971 5160
4818 1164 2641 4432 4972
1124 4639
4639 1627 1631 3917
1125 4522
4522 2611 4139 4817 5205
1126 2600
2600 2611 5206
1127 5137
5137 1169 2887 3103
1128 1143 2651
1143 3935
2651 4822 5285
1129 1135 1137
1135
1137
3236
1131
1132
1133 4016 4139
4016 1152 1162
4139 4532 5206
1134 2153 2218
2153 4971
2218
1136 1145
1145 2653
4971
1138 5206
5206 1162 1172 2611 5205
1139 4817
4817 1141 2861 4402 4419 4532
1140 4679
2581 2884 4678
4679 2907
1141 5093
5093 4149 4583
1142 4822
4822 2588
3935 4328 5142
1144 1606 1662
1606 1148 3314
1662 1146
2653 4261 4970
1146 2657
2657 1154 4972
1147 2626 4011
2626 1192 1522
4011
1148 3314
3314 1153
1149 4393 4395
4393 1157 3231 3232
4395 3229 3700 3763 3886 4396
1150 4924
4156 3724 3784 4924
4924 2633 3724 4373 4529
1151 1155 4736
1155 1161
4736 1161 1615 1697 3458 4501 4586 4602 4734
1152 4402
4402 3038 4532
1153 1156
1156
1154 2233
2233 3617
1161 3076
3617 1158
1157 4396
4396 3229 3700 3764 3886
1158 3260
3260 1160 1247
1159 5145
3145 4412 5043
5145 4998 5144
1160 1218
1218 1163
3076 1616
1162
1163
1164 3123
3123 4737 4780
2234 2238
1166 4972
4972
1167
1168 4230 4843
4230 3353 5150
4843 2373 2850 3961 3962 4840
1169
4137 3103 3609
1170 5220
5220
1171 3348
3348
1172 4350
4350 1174 1176
1173 2625
2625 1188 4552
1174 2575
2575 5205
1175 2664
2664
5114
1176
1177
4584 1643 2477 3635
1178
1179
1180
1181
1182
1183 4126
2455 3787 4126
4126 3803
1184 3474
3474 1572
1185 2499 4002
2499 1841 4296
4002 1974 4296
1186
1187 4172
4172 1581 1981 2010 3830 4549
1188
4170
2235
1192 4678
4678 2884 3609 5136
1193 4713
4713 1456 1458 2356
1194 2236 2770
2236 2770
2770 2811 3047
1195 4049 4364
4049 3881 3957
4364 4718
1196 3068
3068 3696
1197 2332
2332 2300 4516
1198 2522 3802
2522 4366 4578
3802 4530
1199 3730
3730
4587 2531 3767
1200
1201 2884
2884
1203 2447 2448
2447 1252 4048
2448 2449 4048
1204
3447 4655
1206 4287 4449
4287 1766 3262
4449 1234 2452 2660 2661
1207
1208 2082
2082 3358
3397 3509
1209 3815 4207
3815 1313 2627 4207
4207 2307 3551
1211 2680 3044
2680 1344 2769 3044
3044 1289 1319
1212 2130 2788
2130 5061
2788
1213
1214 3827
3827 2478
1215 2691
2691 4391
1216
2329 4370
1217
4552 3005 3714 5063
1219 1233 3498
1233 3498 4254
3498 2951 4755
1220 2459 4048
2459 1734 4052
4048 1262 1304 1314 2444 2445 2449
1221 2702 3785
2702
3785 1223 4747
1222 2624
2624 4072 5135
1223 4190
4190 2623
1224 4370 5038
4370 2694
5038 2478
1225
1226 2696
2696 2698 3439
3209 2698 3753
1227 3255 3995
3255 1261
3995 1254 1261 1309 1355 2107 3994 5146
1228 1304 2446
1304
2446 1258 2444 2445
1229 3694 4832
3694 2694 4747
4832 1231 2699
1230 2452
2452
3892 2708 4211
1231
1232
4254 2586 4518
1234 2708
2708
1235 2107
2107
3267 1288 1410
1236 2406
2406 4833
1237
1238 3102 4877
3102 2818 4090
4877 1265 3788
1239 2627 3551
2627 4211
3551 4209
1240 1270
1270 4446
1241 3796 5131
3796 4940 5131
5131 4816
1242 3692 4890
3692 2699
4890 2478 2694 3966
1243 2807 5116
2807 5115 5200
5116 1423 5117
4180 1622 5132 5136
4723 5132
1245 4289 4795
4289 2378 3160 5045
4795 2357 4412
1246 4130
2716 4641 5160
4130 2709 2715 4640
1247 2670
2670 4919
1260 4531
1249 1318
1318 3355
1412 5180
1250 1500 5181
1500 4196
5181 1253 4477 4703
1251 3868 4809
3868 3714 4248
4809 2964 5064
1252 1258
1258
1253
3355 1256
1254 4043
4043 1306 2645 3932
1255 3611 4856
3611 1678 1747 1882 4856
4856 1533 1619 1715 2250
1256 4446
4446 1267 1280 1407
1257 2114 3364
2114 4773
3364 1269 1271
1259 4340 4737
4340 1277 1286 2712
4737 2711 2719 4354
4531 1634 1808 4022
1261
1262 3932
3932 1288 1314
1263 4773
4773 2958
1264 3358 3509
3358 3930
3509 1598
1265 3622
3622 2885 4663
1267 2115
2115
1269 2440
2440 1279 1280
1271
1272 4451 5174
4451 2710 2727 3683 4921
5174 2823 3776
1273 3682 4428
3682 4428
4428 4753
1274
1275 1282
1282 1279
1277 2403
2403 1278 4780 4921
1278
1286
1279
1280
1281 1287
1287
1283 2743 4061
2743 1291 4500
4061 1291 3904
1284 2661
2660 3930
2661 3930
1285 1338 2506
1338 4220
2506 5295
1288
1289 1303
1303 2769
1290 3374 4703
3374 1296 1301 4477
4703 4744
1291
1292 4194 4742
4194 3112 5130
4742 1305 2835
1293 3400 5251
3400 4681 5240
5251 1688 1690 2843 4088
1294
1296 1298
1298 4220
1297 1630
1630
4220 1301 1307
1299 3664 4404
3664 1438
4404 1659 1728 5117
1300 5191
5191 1307 2605
1301
1302 2631
2631 1317 1788
2769
1305
1306 1430
1430 5146
1307
1308 4285 4764
4285 4438
4764 2747 4563
1309 5146
5146 2243 3583
1310 4114 4563
4114 3660 4115 4459 5106
4563 2755 2758 2759 2764
1311 2237 2307
2237
2307
1312 1341 2172
1341 2172
2172 4609
1313 1323
1323 1320
1314
1315 4070 5239
4070 2829 5106
5239 2750 4106 4963 4986
1316 4208
4208 1320 1327 1354 2698
1317
4492 3262 4212
1319
1320
1321 4373
4373 3201 4925
1322 1780 3619
1780 1324
3619 1328 2258 2771 2804 4557
1324 2258
2258 4161
1325 2505 4161
2505 4636
4161 2804
1326 4318
4318 3651 3663
1327 4212
4212 4209 4211 4666
1328
1329 1379 4750
1379 1360
4750 2392 2725
1330 2240
2240 5292
1331 1333
1333
1332 1686 4415
1686 1335
4415 2489 3740
1334 2882
2882 1446 4681
3956 1336 4567
1335
5068 2599 2793 2802 4567
1336 2239
2239 5252
1337 5198
4481 2558 3566 4093
5198 3605 5199
1339
1340 2775 4513
2775 4243 4854
4513 2755 3258 4234
1342
1344 4206
4206 4209 4211
1345 2871
2871
1347 2742 4032
2742 1540 1549
4032 1349 4019
1348 4537
2917 1448 1472
4537
1349 2355
2355 1552
1350 3258 3902
3258 5242
3902 4459 5106
1351 3330
3330 4301
1352 5002
5002 3463 3516
1354
1355
1356 1553
1553 4093
1357 3994
3994 1376 1410 2243
1358 4193 4658
4193 3464
4658 1702 1977
1359 1855 3172
1855 4502
3172 2246 4608
1360 3411
3411 1510
1361 2244 4245
2244
4245 1576 2561 5298
1362 1436 2779
1436 1433 3769
2779 1370 2401
1363 4301
4301
1364 4406 4686
4406 2823 3471 4633
4686 2798 3016 3982
1365 2638 5066
2638 3748 4979
5066 2800 3982
1366 4403
3769 1369 1371 1409 1463 1518 4151
4403 1451 1453 1562 3706 4029
1367 4518 4755
4518 3000 4901
4755 2951 3000 3999
1368 2887 5036
2887
5036
1369 4152
4152 1371 1591 2690 4151
1370 2690
2690 1463
1371
1372 3395 4901
3395 3360 4559
4901 2586 4559 5176
1373 2805 4507
2805 4803 5194
4507 5192 5193
1374 2806
2806 3654 4557
4636 2798 5067
1375 4422 5193
4422 2714 5194
5193 3010 3734 5042
1376 2243
2243
1378 2810 4557
2810 1380
4557 1415 2804
1380 1386
1386 3055
1381 3442 3944
3442 1398 1602 4601
3944 1387 1390 1398 4600
1382 2294 2302
2294 4369
2302 3718 4369
1383 4558
4558 1384 3573
1384 1413
1413 4014
1385 1403 4342
1403 2796
4342 2972 4934
3055 1418
1387 1390
1390 2773
1388 1406 4014
1406 1392
4014 3573
1389 2812 4341
2812 1392
4341 1420 4633 4634
2773 1563 2763
1391 4606 4649
4606 1394 1395 1399 1574 1597 2564 2866 4608
4649 1425 1454 4577
1392
1393 2796 5281
2796 4804
5281 2738 4309 5126 5282
1394
1437
1395 1401
1401
1396 3207 3877
3207 2815 3877 4006
3877 1400 5107
1397 4578
4578 2426 4232
1398
1399 4502
4502 1443
1400 1833
1833
1402 1860
1860 4634
1404 4633 4634
4633 1421 3654 4634
4634 1414 4635
1405 1408
1408
1407
2150 5188
1409
1410
1411 3587
3587 1902 1916 4770
5295 2636
5180 4224 4623 4624
1414
3471 5107
1415
3632 3064 5007
1417 2866 4601
2866 4348
4601 1451 3320
1418 3573
3573 4455
1419 4455
4455 3654
4743 1420 1421 2829
1420
1421
1422 4006 5107
4006
5107
1423 3186
3186 1476
1425 2994
2994 3930
1426 4960
4960 3700 3980 4303 4746
1427
3733 2605 5189
1428 2880 3287
2880 1431 1435 2831
3287 2831 3312
1429 3858 4609
3858 1455
4609 4173 5189
1431
2245 2251
1433
1434 2251 3942
2251 1751
3942 2888 3351 3905
1435
1751
1438 1579
1579
1439 2564 4600
2564 3973
4600 1562 3320
1440 4652
4652 1685 1694
1441 1518 2401
1518
2401 4237
1442 3305
3305 2396 2892
1443 3706
3706 1445 4577
1444 1682 4328
1682 5285
4328 5142
1445 4237
4237 1523
1446
1447 1465
1465 2858
5129 2309 2835 4327
1448
1449 2833 3977
2833 4307
3977 1450
1450 4983
4983 2851 4443 4705 4978
1451
1452 4012
4012 2886 4985
1453 3279
3279 1597 4151
1454 2246
2246
1455 2411
2411 5188
1456 1458
1458
1457 1577 4648
1577 1503
4648 1536 4050
1459 2892
2892 2889
1460 1487
1487 4495
5255 1664 3409 3546 4005
1461 3577 4940
3577 2496 3010
4940 2586 2667 5176 5188
1462
1463
1464 2444 2445
2444
2445
2858 4197 5252
1466 3512
3512 3510 3511 3515
5279 2772 3770
1467 2723
2723 2726 3487
4005 2863 3436
1468 1470
1470 2909
1469 2247 4251
2247 2665
4251 3170 3952
2909 2461
1471 1480 3669
1480 3669
3669 2856 3092 3436
1472
4184 2768
1474 2665 2998
2665
2998
1475 5042
5042 2784 3313 3829
1476 4434
4434 3299 3938 4996
1477 1483 4044
1483
4044 1557 3920 4745
1478 3493
3493 1582
1479 5031
2862 4461 4775
5031 1497 1506 2822 3828 4119
3409
1481 1569 3828
1569 4668
3828 3414 4851
1482 4668
4668 2761 3414
1484 3709 4608
3709 1488 2470
4608 2981 4650
1485 2881
2881 3624 4939
4934 2839 3906 4672
1486 2832 4986
2832 4307 4691
4986 2891 4236
4495 3019 3272
1488 1765
1765 4650
1489 2606
2606 4345 4346
1490 2248 3921
2248
3921 2402 4775
1491 2170
2170 1498 2315
1493 3414
1787 1494
3414 1494
1494
1495 1517 1527
1517 4722
1527 2795
1496 4007
4007 4521 4617 4619
5067 2829 4106
1497 4317
4317 1508 1530 3070
1498 3958
3958 1555 1592 2763
1499 2984
2984 5268
4196 3506 4744 5188
1501 5144
5144 3201 5196
1502 4019 4050
4019 4029 4046
4050 1543 1548
1503 4151
4151
1504 2738
2738 4464
1505 2409
2409 3153
1506 3646
3646 1785 2795 4461
1507 4637
2677 1516 1520
4637 3427 3965 4661 4776
1508 4661
4661 2822 4040
1509 3448 4029
3448 1549
4029 4046
1510
1511 4461 4879
4461
4879 1514 2382 4722
1512 1563
1563
2296 2315
1513 3427 4776
3427 4040 4776
4776 1521 2402 3965
1514 4181
4181 2380 3316 4510
1515 3567
3567 2181 5282
1516 4722
4722 4119
1519 3963 3964
3963 3139 3758 3861
3964 3758 3861
1520 4040
4040
1521 5007
5007 1539 2666 3070 3233
1522
1523 1529
1529 4577
1524 2463 4607
2463 2470 4348
4607 1578
1525 2141 4577
2141 2763
4577
1526 4418 5268
4418 2392 5000 5142 5262
5268 2006 3160
2795 5030
1528 3766 4464
3766 2839 4672
4464
1530
1532 3576
3351 3312 3976
3576 1534 2831 2927
1533 4010
4010 1789
1534
3312
1535 4312
4312 3233 3876
1536
1537
1538
1539 3407
3407 4099
1540 1548
1548
1541 3574 4003
3574 2931 3021
4003 2520 3575 3976 4617 4706
1542 4445
4445 1568 2429 2439
1543
2348
1545
1547 1565
1565 3905
3976 2931 3575
1549
1550 3722 5298
3722
5298 5199
1551 2323 3546
2323 1559 4443
3546 1554 3146
1552 4046
4046 1570
4093 3688 4568
1554 3107
3107 3146 3857
1555 1567
1567 4650
1556 2785
2785 3149 5234
1557
1558
1559
2325 1561 3857
1560 1592 1602
1592
1602
1561 4443
4443 4706 4978
1562
2935 2941
3905 2896
1566 2489 3634
2489 4976
3634 5065
4650 3262
1568 3779
3779
1570
1574
1571 1760 2473
1760
2473 3830
1572 2603
2603
1573 3347 3965
3347 3717 4004
3965
1575 5115
5115 2756 2761
1576 2250
2250
1578
5118 1659 1768 5117
1580 2549 4857
2549 4236 4975
4857 2974 4574 4974 4975
1581 3036
3036 3037 4929
1582 5035
5035 1802 3402 3675 4430 4504
1583 4672 4939
4672 3906 5125
4939 2845
1584 4262 4977
4262 2851 3590 3591
4977 4456
1585 2957 5265
2957 3378 3853
5265 1736 1994 5186
1586 3443 3866
3443 4976
3866 2952 4978
1587 3973 4348
3973
4348
1588 3543 4985
3543 2939 4779
4985 2869 4702
1589 1626 1750
1626 1750
1750 4932
1590 2939
2939 4574
1591
1593 1774 4932
1774 2257
4932 1594 1595 1596 3917
1594 4621
4621 1600 2468 4022
1595 3162
3162 1717 1735
1596
1597
1598
1599 3212 3917
3212 1698
3917
1600 1698
1698
1601 3042 4687
3042 3643 4116
4687 2232 2369 4950 4952
1603 3284 4962
3284 3283 4523
4962 1798 1952 2929 3865 4192 4239
1604 2232 2728
2232
2728 1742 3468
1605 2352
2352 1623 3286
1607 2599
2599 3740
4064 2983 4973
1608 1650 4199
1650 2977
4199 3801 4200 4202 4256
1610 3153
3153 2844 3213
1611 3283 4523
3283
4523 1628 3967 4128
1612 4644 5257
4644 1671 4238 4547
5257 3004 4691 5051
1613 4197 4881
4197 3466
4881 2995 4238 4880
1614 4252 4638
4252 2518 4480
4638 2361 3449 3924
1615 1640
1640 1697
1616 3073
3073 1697
1617 4547 5253
4547 2988 2990
5253 3028 3215 3466
1618 2338 4001
2338 4827 4828
4001 1773 2619
1619 4629
4629 1747 1876 2934 5117
1620 3228 3286
3228
3286
1621 2980
2980 4568
5199 1622
1622
1623
1624 1631 2353
1631
2353 1638 4610
1625 2249 2309
2249 2786
2309
1627
3504 1767 2252
1628 2431
2431 3728 4128
1629 1654 3635
1654
3635
1634 2252
2252
1635 3924 4480
3924 4683
4480 3804
1636 2468
2468 3838
1637 2975
2975
1638 4022
4022 1642
1639 4071
4071 2786 5001 5127
4719 1641 3009 3202 4217
1697
1641 3218
3218 1646 1776
1642
3838 4610
1643
1644 1666 3830
1666 4549
3830
1645 3967
3967 3505 3582
4524 2619 3425 4076 4128 4192
1646 5235
5235 1647 2476 3020 3202 3272 3732 3941 4217 5254
1647
4159 3013 3067
1648 5049
5049 1769 1771 3090
1649 5125
5125 2060 3205 3225 4376
2977 4201 4202
1651 2783 4316
2783 3648 4808
4316 3681 4330
1652 4045
4045 2863
5051 3058 4654
1655 2036 4469
2036
4469 2588 4041 4982
1656 1665 5140
1665 3297
5140 3529 5139
1657 2818
2818 4090
1659
1660 2656 3947
2656 4183 5290
3947 4754 4991
1661 4930 4931
4930 1717 2419 4284 5112
4931 2419 5077 5111
1663 3272 5254
3272 5254
5254 1673 2253 2476 4439
1664 2253
2253
3297 4171
4549 1926 1943 1955 2010
1667 2476 4439
2476
4439 2990 3732
1668
1669 1716 4509
1716 1672 3316
4509 2524 3679 4467 4510
1670 4982
4982 2572 2588
1671 3466
3466
1672 3316
3316 1679
1673 3030
3030 1676
1674 2209
2209
1675 3662 5283
3662 2765 4777
5283 2181 2845 4213
1676 4088
4088 2841 3215
1677
1678
5119 1739 4306
1679 5030
5030 1683 1691 1785 2541 3053
1680 4213
4213
1681 2389 3398
2389 2865 4828
3398
5285 2860
1683 3679
3679 2380
1684
1685 5128
5128 2786 3331 4327 5127
1687 3955 4593
3955 2972 5284
4593 2972 3624 5282
1688 1694
1694
1690 5252
5252 1692
1691 1720
1720 1695
1692 3672
3672 2843 5069
1693 3331 5130
3331
5130 3112 4327
1695 5110
5110 1723 1741 1744 1745 4109
1696
1699 4865
2426 4366
4865 1821 3464 3885
1700 2254 4831
2254 4860
4831 3040 3045 3111 4597
1701 4467
3053 4274
4467 2524
1702 1977
1977 3131
1703 2340 3981
2340 4535 4597
3981 3050 4143
1704 2524 5113
2524 1705
5113 1705 1706 1708 4591
1705
1706 3875
3875 1709 1710 3227
1707 2276 4391
2276 1950
4391
1708 4647
4647 1710 1741 3155 4113 5112
1709 4284
4284 3227
1710
1711 1746
1746
1712 2398 4580
2398 2924
4580 1738 1740 2399 3768
1713 2257
2257
3227
1714 3728 4256
3728 4260
4256 3440 3801 4200
1715 1721
1721
1717
1718 1827 2242
1827
2242 1800 2308
1719 5077
5077 1724 1758 2308
5117
1722 1726 4113
1726
4113 3155 4812
1723 3155
3155
1724 1730
1730 4812
1725 2438 5046
2438 2847 4725
5046 3066 3072 3563
2419
1727 2999 5111
2999 1729 2688
5111 2255 4109 4570 4812
1728
3110 1843 3159
1729 2198
2198
4812 1737 2102
1731 2934 4306
2934 1882
4306 1768 1849 1876
1732 2421 4380
2421 4846 5126
4380 1920 2024 3157 3219 4376 4526
1733 2688
2688 3580
1734
1735 4683
4683 1758
1736
1737
1738 4401
4401 1743 3046 3080
1739 3159
3159 1777
1740 4195
4195 3050 3080 3561
1741
1742
2646 3468 5057
1743
1744
1745 2541
2541 4163
1747
1748 3784
3784 2633
1749 2255
2255
3938 3299 5075
1752 5170
5170 1754 3083 3087 4536 4685
1753 3242 5109
3242 1764 4163 4851
5109 1772 4163
1754 4536
4536 3089 3098 3882 4685
1755 3131 4345
3131 3126
4345 3126 3885 4346
1758
1759 3979 4275
3979 2911 3282
4275 2911 4276 5291
1761 2256 4666
2256
4666 1781 1788 1910 2262 3148
1762 5289
4363 3108 3648 4990
5289 1819 2911 3676
1763
1764 4851
4851 1778 1779
1766
1767
1768
1769 4626
4626 3882 4573 4627
1770 2285
2285 2007 4517
1771 4573
4573 1775 3096
1772
1773 4828
4828 2865 3480
1775 4282
4282 3149 4627 5234
1776 5234
5234 3149 3834
1777 3169
3169 1778 1843
1778
1779
1781 4076
4076 2365
1782
1783 2106 4861
2106 1784 3432
4861 1784 3057 3111 3115 4852
1784
1785
1786 1791
1791
1788
1789 2561
2561 1797 4223
1790 2102 3580
2102
3580 1792 1794
1792
1793 1824
1824
1794 5078
5078 2032 2532
1795 4665
4665 1817 2619
3130 3115 4365
1797 4223
4223 1801 1864 1899 1926 1962 1964
1798
1910
1799 2650 3686
2650 1809 3687
3686 2495 3687
1800 3390
3390 2263 5074
1801 1816
1816
1802
1803 1933
1933 3214
1804 2261 5061
2261 2310
5061 2310 3372 4337
1805 4662 5071
4662 1823 1898 2180 2418 3354 5072
5071 1835 1928 2519 3350
1806 4060 4630
4060 1820 3136 4407
4630 3125 3127 3211 4829
1807 2523 4122
2523 4410 5050
4122 4407
1808 5076
5076 1809 1810 1871 2066 2180 2787
1809
1810
2180
1811 4399
4399 3246
1812 4771
4771 1842 3164 4164 4873
1813 4409
4409 3141 3405 4281
4631 1818 3538
1814 3026
3026 2418 3354 4873
4873 1828 1838 2595 4874
1815
1817 2262
2262
1818 3058
3058
1819 2555
2555 4505
1820
4305 1822 3141 3607
1821
1822
1823 2263
2263
1825 3350
3350
1826 3148 3548
3148 3716
3548 2938 3716
2308
1828 2595
2595 1838 1839 1894 1919 1925 3164
1829 3568 4503
3568 3060 4860
4503 3057 4174
1830 3823 4808
3823 2969
4808 1886
1831 2991 4346
2991 4347
4346 3885
1834 1850 4878
1850 3773
4878 2268 3629 3700
1835 4229
4229 1880 2498
1836
1837 3118 4951
3118 1845 4659
4951 3643 4950
1838
1839 3164
3164 1840 1906
1840 4493
4493 1871 1906 1925 2557 3024 3214
1841 5103
5103 2435 3325 4390
1842 3214
3214 4770
1843
1844 2740 2989
2740 1846 4688
2989 4073 4688
1845 3773
3773 4231
1846 2592
2592 1914
1847 2265 4550
2265 1848 4550
4550 1942 1980 3793 4767
1848 1853
1853 1851
1849
1851 4782
4782 3161 3220 3371
1852 2266 4695
2266 1854
4695 1949 3248 4785 4787
1854 2596
2596 1890 3752
1856 1871
1871
1857 1890 4787
1890 4787
4787 1858 1859
1858 3570
3570 1861 1862 2284
1859
4788 1862 1891 1893 1897 3492 4789
1861 3051
3051 1868 1940
1862
1863 2310
2310
1864 5292
5292 1901 1964 2270
1865 4219
1869 3492
4219 1866 3161
1866 4781
4781 1978 2836 3223 3371 3534
1867
1868 1874
1874 1872
3492 1893 3248
1870 1877 1940
1877 2275
1940
1872 4561
4561 1881 1883 1884 1983
1873 1885 1931
1885
1931 1881 1973
1875 1888
1888 1973
1876
2275
1878 3171 3647
3171 3647 3835 3865
3647 3835 4499 4953
1879 1889 1983
1889
1983 1973
1880
1881
1882
1883 4103
4103 2517 4786
1884 4786
4786 1887
1886 3807
3807 1923 4486
1887 2278
2278 1966
1973
1891 3113
3113 3248
1892 2969 4486
2969
4486
1893
1894
1895 3688
2270
3688 2591
1896 1901 3180
1901 3180
3180 1943 4929
1897 2279
2279 1900 2284
1898 2418
2418
1899
1900 2271
2271 2284
1902 4160
4160 2557 3687
1903 2735 4730
2735 1965
4730 1904 4073 4709
1904 4400
4400 1912 1927 4708
1905 4000
2272 4000
4000 2947
1906
1907 3188 4688
3188 3243 4240
4688 1927 2961
1908 3243
3243 5275
1909 4488 4993
4488 1944 1971 2589 3478 3597 4992
4993 1937 1951 1970 2607 3061 4994
1911 2273 3477
2273 3477 4466
3477 1928 3589
1912 2961
2961 5274
1913 2274 3208
2274 3208 4729
3208 4465 4784
1914 4729
4729 1929 3541 3726 4167 4708
1915 4191
4191 2733 4925
1916 3024
3024 2557
1918 3484 4555
3484 4555 4992
4555 1921 1922 1939 4146 4707
1919 1925
1925
1920
2269
1921 4995
4995 2579 3597 4707
1922 2047
2047 1937 1970 1985
1923 4226
4226 5123 5124
1924 2369
2369 4565
4239 2973
1926
1927
1928
1929 4167
4167 1946 1959 1965 4783 4785
1930 4073
4073 3726
1934 3011
3011 1988
4240 4708
1935 4768
4768 3203 3230
1936 3667 4526
3667 4302 4846 4847
4526 4302 4324 4377
1937
1938 1976 4994
1976 2787
4994 3939 4707
1939
2267 3061
1941 1948 4785
1948 4785
4785 1946 1947 3079 3198
1942 3217
3217 1945 4769
1943
1944 3478
3478 1987 1989 2589
1945
1946
1947 2260
2260
1949
3079 4059
1950 2947
2947 2008
1951 4707
4707 2580 4466
1952 4368
4368 2938 3505
1953 2362
2362 4465 4784
4709
1954 4659
2008 4659
4659 1957 2543
1955
1956 3629 4303
3629 3369 3593
4303 3450 3813 4746
1957 2268
2268
1959 1968
1968 4769
1960 4376 4377
4376 3157 3415
4377 3191 3996 4054 4378
1962
1963 2803
2803 4762 4894
1964
1965
1966 2311
2311 1969
1967 2277
2277 4146
2787
4769 3539
1969 2836
2836 3793
1970
1971 4992
4992 2020 2580 2589
1994
1974 4390
4390 4296
1975 4169
4169 4378 4379
1978 3793
3793 1980 1982
1979 2543
2543 4231
4950 2921 3837 4116 4952
1980
1981 3037
3037 4929
1982 2283
2283 1984
1984 2003
2003 1996
1985
1986 2282 4367
2282 2365
4367 2938 3425
1987 1989
1989
1988 1997
1997 1990
1990 4767
4767 1992 3230
1991 1993 4054
1993 3205 4054
4054 3415 4133 4378
1992
2280 1995
3205 3415
1995 2288
2288 1996
1996
1998
5272 2046 2050 3698
1999 3271
3271 2040 4321
2000 3309
3309 2050 2052
2001
2002 2281 3134
2281 5138
3134 4171 4472
2004
2005
2006 5269
5269 3245 3328 4056 5040
2007 4517
4517 3874
2009 5273
5273 4203 5040
2010
2011 2959
2959 2042 2067 4870
2013 5139
5139 2545 3240 3251 3254 4259 5138
2014 4124
4124 2885
2015 2020
2020
2016 2286 2676
2286
2676 2410
4904 2895 3269
3206
2019 3874
3874 4811 4996
2021
2022 2289
2075 4278
2289
2024 4379
4379 3535 3996
2025 2532
2532 2034
2026 4278
4278 2059
2027 4411
4411 2885 5062
2028
2081
2029 2336
2336 2035 4321
2030 2043 4520
2043
4520 2659
2031 2410
2410
2032 3187
3187 2697
2033 3751 4728
3751 4424 5080 5081
4728 3265 3531 4176
2034
2035
2037 2168
2168
2038 3282 4276
3282 5290
4276 2918
2039 2058 3922
2058
3922 3666 4036
2040 4663
4663 2778 3105 3633
2041
2042
2044 3698
3698 2487
5271 2046 3274 3275 3384 3603
2045 2057
2057 5124
2046
2048 3480
3480 4421
2049 4870
4870 2055 2078 2672 4871
2050
2051 5006
2159 2056
5006 2052 2481 2487 4203
2052
2053 3428
3428 2063 4216
2055
2056 2658
2658 4935
5124 3298
2059 3311
3311
2060
2061 3288 3511
3288 3408 3419
3511 3327 3419
2062
2063
5275 3265
2064 3633 5062
3633 4138
5062 3105 3285
2065
2066 4087
4087 3449 5075
2067
5208 3704
2070 4929
4929 2558 2591 4326
2071 4840
4840 2629
2074 2287
2287 3650
4592 2079 3666 4935 4936
2077 2359
2359
2078
2079 3627
3627 5083 5084
2080 4424
4424 3528
2083 4472 4765
4472 5080 5276
4765 2868 4216 5040
3460
2518
3696
4234 2762 2764 2767
2298
3517 2910
3767
2520 4705
3771 4232
4366 4866
2101
5188 2667 4338 5189
2675 4966
2649 4655
3685
3432 4860
4369 3803 4718
2681 4173
3506 4937
2819
2820 2441
4149 4583
2479 2481 2868
2487
4357 2480
3463
4120 2345
2576 3781
4355 2872
3968 2344 4937
2693
2933 2875
4705 3857
4532 2861
5276 4171 5084
2763
2315
3704
2475 3829 4111
3813 3945 4952
4953 2929 3837
2306 3545
5057 4202 4954
2300 4516
3596 3406 3441 3503
2301
3294
4653 2443 3880
2178 5168
2171 4575
4575 2699
2208
4085
4610 2361
4260 3410 4201 4202
4827 2774 3410
3449
5168
2181
2183 3362
3362
2572 3677
3951
4866 5149
3336 2889
3368
3064
4855 4919
5092 2527 5087
2292 3455
2229
2238 2264
2264 3677
2786
4860 3056 3795 4579 4859
3677 3741
3061
2284
4466 2580
4146 5074
5138
2365 3716
3650 3531 3925 4037
3455 5154
3702 3863
4516 4903
3718 4625 4717 4718
3023 3143 3280
3545 3150 3720
3943
4546 3014
4690 2652 2854 2912
3857
4247 3285
2331 3759
3759
2333
2334 3933 4957
3933 4440 4581 5025
4581 3429 4440 5024 5025
4957 2679 4279 4528
4321 4138
2339 4966
4965 4594 4758 4964
4966 2434 4726
4535 3045 3638 4579
4597 3040
2343 4440 5026 5261
4440 5024 5025
5026 2964 3401 5027 5064
5261 3894 4215 5260 5262
2344 5192
4744 2636 5189
5192
2345 4485
4485
4479 2530 2531 3324
4270 3178 4588
2349 3616 4538
3616
4538 4712
2350 4293 4697 4734
4293 2358 2367 2453
4697 2358 2367 2453 3811
4734 3383
2356 4072 5196
4072 5186
5196 3571 5045
2357 3910
3910
5201 2639 3952 4097
2358
2361
4465 3539
4784 4271 4783 5274
3527 3399
2364
4588
3716
2366 3970
3831 3099 3970
3970
2367 4586
4586 3919
4565 3059 3643 4116
2370 4215
3894 4215
4215 4700 5260
4704 2436
2372 3891
3891
2373 4417
4417 4841
4188
4916 4667
2378 3605 5043
3605
5043 3772
4887 3329 3661 3931
2380
2382 4119
4119 2822
2383 4735 4826
4735 2808 3383
4826 2629 4145 4748
3880
2385
4438 4553
5243 3278
2387
2865 3410
2391 3565 4496 4896
3565 4616 4762
4496 4280 4310 4566 4615
4896 5024
2392 5260
5260 3117
3998
3786 2416 2542
3869
5098 3349
2396 3280 3304
3280 3143
3304 3143
2397
2399 2924
2924 3795 4859
2402 5010
5010 2544 4099 5200
4780 5039 5171
4921 2710 2720
3862
4833 2623 4382
4090
2408 2687 3363
2686 3363
2687 3363
3363 2930 4564
5135 2749 3522
2416 2542 4314
2542
4314 2420
2417 2966 3788
2966 3054
3788 2529
3354
2420
4846 4329
5126 2900 2996 4471 4754
5123 2960 3681
2424 3097
3097 3099
2428 4758 4964
4758 2434 4089 4325 4594 4726 4964
4964 2434 4089 4344 4594
2429 5045
5045 2439
4128 4257
2703
2433 4326
4326
2434
2435
2436
2437
2847 2859 4725
4725 2859 3121 3154 4829
2439
2441
4203 3261
2443 4020
4020 4864
2449 4052
4052 2645 4998
2453
2454
3787 2958 4623 4624
4623 2834 3803 4224 5179
2456 4541
4541 2669 4222
2458 5085
5085
2461 3572
3572
2462 4616
4616 4280
2470
3839 2469
4667
4274 3554 4510
4591 3554 4109
4959 2510 3276 4308 4454
2469
3829 4899
4111 2784
2477 4998 5150
4998 2733 5150
5150 4748
2478
2481 2868
2868
2480 4576
4576
2501
2484
2485 4268
4268 5091
5086 5087
2486 3820 4837 4838
3820 4527 4841
4837 4027
4838 4361
5245 3503
4976 4571
2490 4296
4296
4948
2492
2493 4913
3699
4913 3564 3584 3585 3743 4490
2494 4155 4361 4527
4155 2971 3581 4842
4361 2971 3581
4527 4824
2495 3687
3687
2496 5189 5230
5189 3137 4173
5230 3010 3313 4026
2497 4625 5179
4224 4338
4625 2834 4717 5176
5179
2498 4874 5073
4874 4164 5072
5073 2579
2500 5072 5075
5072 2519
5075 4570 5074
3966
2509 3559 4232
3559 4232 4529
4232
2510 4083
4083 4614 4958
5022 2640 2683 4349
2511 4099 4745
4099
4745
2517 5091
5091
3804
2519 3589
3589
4759 3323 3396
4410 2859 3154
5050 3563 4360
2527 4311
4311 2570
2529 3054 4337
3054
4337
2530 3324
3324
2531
3939 4570
4910 4222 4911
2534 3608
3608 4057 5019
4308 4158
2535 3940 4004
3940 3249 3717
4004 3233 3876
3789 4452
2538 2890 5165
2890 3806 5165
5165 2546
2540 5247
5247 2562 2570
4163
4231 4952
2544 3952
3952
2545 3741
3741
2546
2547 3736
3736 4398
4236 2954 4431 4978
4975 3665 4431 4456 4724
2550 3778 4836
3778 2577
4836 2553 4398
3613
3772
2553
4560 2559
3213
4505 3108 4330
4991
2556 3723 4712
3723
4712 4433
2557
2558 4568
4568 2591 3566
2559 4398
4398
4066 3888
2562 5171
5171 3776
2563 4850
4850
2566 4854 5173
4854 3592
5173 3592
2608
4205 4657
4646 3731
2570
2571 4844 4845
3158 3039
4844 3039 4235 4413 4845
4845 2930 3735 3946 3987
2574
4739 2597 3729
5205 2861 3038
3781
2577
4392 3761 3763 3764
4394 3194 3195 3296
2579 4996
4996 2607 4811
2580
4450 3903 4731
4057 5019
4158 5019
2585 3744 4738
3744 2597
4738
2586
2587
4069 2614 3729
2588
2589
3184 3173
2591
2593 5039
3776
4542
5039 2710
4711 4433
3752 4271 4789
2597
3522 3481
3931
3740 4973
2611
2601 3731 4645
3731
4645
2602 3491 3618 3642
3491 3642 3808
3618 4427
3642 2621 2642 2682 3557
2604 4021
4021
4657
2605 4673
4673 2732 3710
2607 4570
4570
2609 2682 3388 3808
2682 3388
3388 2621 3557
3808 2621 4777
4530
2613 3182
3182 3426
2614
3729
4261
2619
2621
2622 2912
2912
4091 2628 4092
2623
4211
2628 3518
3518
2629 4258
4258 2634 4693
2630 4754
4754 2987
2632
2633 3724
3724 4925
2634 4824 4825
4824 3637 4214
4825
2635 3770 4427 4777
3770 5278
4427 2642
4777
2636 4477
4477
2637 4747 4970
4747
4970 2641
3748 2950 5065
4979 2888
2639 4412 5200
4412
5200 3988
2640 3461 4187
3461 4187 4349
4187 3532 4349 5015
2641
2642 3557
3557 5282
2643
3714
4248 3381
4655
2645
3468 4952
2647 5019
5019
2648 4432 5160
4432 5160
5160 3707
2652
2654 3991 4656 4871
3991
4656
4871 3597 4811
3707
4183 2992 4715
5290 2992 3119 4990
4063 3291
4935 3241 3265
2659 3586
3586 4811
3930
3173
3237 3200
3847 4096
2666
2667
2668
2669 4907
4907 3735 3782 4235
4919 2718
2672
2673
2674 2848 3264 3578
2848 3264 3825
3264 3825 4620
3578 3825 4279 4958
4343 2777 2802 4681
4567
5069 2869
2679 4528 4821
4528 4454 4958
4821 3429 4294
4173
2683 3848 5021
3848 3430 4295 5021
5021 3334 3361 3412
5132 3992 5133
5202 3170
2694
2698
3439 3753
2697
2699
2713
2709 4640
4640 2724 4918
2710
2711
4225 3904 4354
2712 3904 4354
3904
4354 2720 4500 4918
2714 4937
4937
2715 4641
4641 2724
2717 4097
4097 4746
4954 2973
2718 4500
4500
4918 2719 2720 2727 4094
2719
2720
4925 4347
2726 3436 3487
3487 2856 3436
2724 4094
4094 3683
2725
3436
2727 3683
3683
3903
2730 4132 4628
4132 2739 2792 4628
4628 3334 3361 3412
2732 2978
2978 3497
2733 5149
5149 3201 4748
2734 4165 5136
4165 2749 2797
5136 3992
2736 4501 4842
4501
4842 4027 4748
2737 4892
4559
4892 2951 3999
2739 5014
5014 4344 5015
2941
2744 3680 4136
3680
4136 3899
2746 4110 5240
4110
5240
2747 3592 4553
3592
4553
3637
4322
2749
2750
2751 3670 4204 5005
3670 4611 5004
4204 5178
5005 3176 3725
2752 2870 2985
2870 2985 5154
2985
2754 2756 3988
2756
3988
2755 2764
2764
2781
2758 4243 5242
4243
5242 3423
2759 4115 4459
4115 2767
4459 5106
3984 3985
2761
2762 3660
3660 2767
5106 4033
2765 4489
4489 2838 2860 5284
3661 4884
4883 3424 3456
2767
2768 4671
4671 3628
3753
2811
3047 3043 3048
2771 4635
4635
2772 3906
3906
2774 4162 4421
4162 5053
4421
2777 2802
2802
4033 2793
2778 3192 3332
3192 3332
3332 4138
2782
4911 2872
3648 4330
2784 4383
4383 3734
3149
2791 3016 4963 5065
3016 4963
4963 2793
5065 2950 4724
2792
2793
4283
4804 3298
2797
2798 3982
3982
2800 4106
4106
4762 4893 4894
4894 4325 4594 4893
2804
4803 3579
5194 4397
3654
2808 4839
4602 3919
4839 3257 4748
2827
3049 3043 3048
2813 3896
3896 5154
2814 3508
3508 3465
2815
2822
2823
2824 3628
3628
2826 4564
4564 2930 3946
5153 3285 3811
4145
2829
2831
4307 4702
4691 3028
4702 2841 2879 3027
2834
4338 4624
2835
2838 2860
2860
2839 4309
4309
2841 3027
3027 2879
2843 4681
4681
2844
2845 5282
5282
2859
3825 4279
2889
2850 4710
4710 4027
2851
2853 3495
3495 3426
2854 4092
4092 3319
2856
3092 4360
2861
4775 3070
2863 5256
5256 3146 4619
3235 3259
3410
2869
4353 2976 3665 4779
5154
2872 4864
4864
2873 2946 3595
2874 2946 3595
2946 2875 4618
3595 4619 4706
2875 4618
4618 2906
2876 3381 3651
3381
3651
2879
3624 5284
2883 5027 5063
5027 3513 3765
5063 3353 4632
2885
2886 4802
4802 2893 4104 4372 4387 4706
2888 3757
3757 2896 4617
3806
2891 4521
4521 3614
4619
2893 3649
3649 4241 4387
2894 3999 4397
3999
4397
2895
2896 4617
4617 3689
2897 2902 2915 4388
2902 2915 4387
2915 3990
4388 3689
2899 3614 3916
3614 3916
3916 2901
2900 4471 4990
4471 2949 2953 2955 3008
4990 2960 5291
2901 4241 4387
4241
4387
2904 3990 4104
3990
4104 2914
2905 4611 4766
4611
4766 2936 4487 5004 5178
2906 3416 3791
3416
3791 2920
2907 3609
3609
2908 3842 3843
3842 2982 3783
3843 3109 3739
2910 3735
3735
2911
2913 4717
4717 5176
2914 4371 4372
4371 2922 3689
4372 2920
2918 4102 4148
4102 3676 5291
4148 2926
2920 4198
4198 2922 3689
2921 3865 4499
3865
4499 3059
2922
3689
2923
3795 4579
4859 3045 3056 3057
2925
2926 3676
3676
2927 2928
2928 3021 3575
3021
3575 2931
2929 3835
3835
2930
2931
2936
3065 5176
3899
2938
4574
2949 4714 4715
4714 2996 3119
4715 2953 2987 4716
2950 4456
4456 4724
2951
2952 4431 4978
4431
4978 2954
2953 4716
4716 2955 2992 4847 5291
2954
2955
2956
3378 3853
3853 4473
2958
4624
2960
4989 3108 3681
5274 3247 4176 4540
5053 3178
2964 3765
3765
2965
5155
2968 3590 3591
3590
3591 4974
3985
2971 4693
4693 3581
2972
2973
2974 4779 4973
4779 4571
4973 4571
2976 3665 4571
3665 4974
4571
4201 3440 3485
4202
3497 3387 3516
2981
2982 3739 3844
3739
3844 3109
2983 4724 4974
4724
4974
4294 4454 4614
2987 4329
4329 2996
2988 4238
4238 4880
4506 2990 3732
2990
4347 3464
2992
3022 3841
3841 3343
2995 4484
4217 4880
4484
2996
3000 3579
3579 4816
3002 4327 5001 5127
4327
5001 3004 5127
5127 3112
3004 3893
3893 4595
3005 3663
3663 3210
3006
3008 4847
4847 3012
3009
3202
3010
3012 4302 5291
4302
5291
3013 3941 4756
3941 4654
4756 3067 3072 3075 3106 3805
3014 3018 3850
3018 3850
3850 4583 4903
3015 4654
3552 3019 4654
4654
3017 5203
5203 3090 3094 3644 4685
3019 3805
3805 4799
3020 3750
3750 4799
3343 4096
3143
3028 3215
3215
3126
3032 3033
3033
3038 3132
3132
3039
3040 3550
3550 3122 3129
3041
3643 4116
4116
3043
3045
3046 4143
4143
4579 3074
3048
3050 3638
3638
4566 4280 4310 4615
5025 5024
3056
4852 3124 3644
3057
4498 3124 3127
3059 3837
3837
3060 4470
4470 3083 4174
3063 3563 4360 4799
3563
4360
4799
5176 3725
3066 3075 5047
3075 3072
5047 3081 4174 5048
3067 3106
3106
3583 3315
3070
3072
3074 3561 3768
3561 3080
3768
3077
4059 3223 3534
3080
3081 3644 4980
3644
4980 3087
3083 3558
3558 4174
4150 3396 3738
3087 4685
4685 3096
3089 3882 4627
3882 5048
4627 3834
3090
3094 5048
5048 3096
4796 3423 3476
3096
3099
3098 3834
3834
5004 3399
3103
3104
3105
3146
3108
3109 3783
3783
3111 4365
4365 4830
3112
3248
3114 3115
3115
3389
3117 5000
5000 4125
3119
3120 3140 3318
3140 3318
3318
3121
4830 3122 3125 4829
3122 3129
3129 4829
3124 4829
4829
3125 3211
3211 3538
3127 3538
3538
3128 3571 4632
3571
4632 3547 5064
4171
3135
3136 3607 4281
3607 4281 4408
4281
3137 4899
4899 3710
3139 3961 3962
3961 3758 3861
3962 3758 3861
3141 4408
4408 3147 3405
3144
3147 3405 3623
3405 3623
3623 4407
3150 3873
3873 3300
3154
3157 4324
4324 3684
3160
3161 4789
4789 4271
3929 4884
3170 3920
3920
3176
5178 3359 3360
3177
3178
3181 3541 3726
3541
3726
3426
4816
4018
4096
4101 3232
3191 3535 3684
3535 3219
3684 3219
3194 3296 3886
3296 3195 3204
3886 3195 3204
3195
3196 3197 3198
3197 3198
3198
3200
3201
3203 3539 4708
3539
4708
3204 3980
3980 3229
3415
3210
4770 4164
3219
3220 3534 4783
3534
4783 4271
3221 3533 3555 4034
3533 3957
3555 3399 3521
4034 3881 4154
3223 3371
3371
3225 3226 4133
3226 4133
4133 3996 4378
3229
3230
3231 4746
4746 3232
3232
3233
4216
5040 3261 5081 5083
3259 3278
3238 3532 4805 5015
3532 4349 4805 5015
4805 4344 5015
5015 3430
3239 3531 3925 4176
3531
3925 3247
4176 5081
3240 4967
3529 4266
4967 3328 4266 5142
3241 4540 4936
4540 3261
4936 3252 5083
3244 3528 5083
3528 5081
5083
3245 4259
4259 3256
3246
3247 4037
4037
3249 3717 3876
3717
3876
3657
3251
3252 3666 4036
3666
4036 3291
3254 5142
5142 4125
3256 4362
4362 5080
3257
3278
3261
3262
4620 3276
3265
3269 4419
4419
3274 3603
3603 3275 3277
3275 3738
3738
3276
3277 4452
4452
3285
3408 3419 3479
3419
3291
3298 3515
3515 3310 3327
3299
3300 3720 3957
3720
3957 3881
3881
3310 3479 3510
3479 3327 3510
3510
3313
3315
3319
3320
3322 4056
4056 3323
3323
3325
3327
3328 4320
4320 3542 4733 4968
3329 4430
4430 3675
4138
3334 4295
4295
3345 4884
4884 3602 4504
3349 5278
5278
3353 5064
5064
3359 3360
3360
3361 3413
3413 3412
3782 4413
3369 3945
3945 3593
3372
4222
3375 3530 4015
3530 4025
3997 3473 4025
4015 3394 3816 5209
4286 3402 4473
3379
3380
3383 4214
4214 4748 4841
3384
4556 3641 3743 4490
3387 3516
3516
5074
3514 3496 3521
3394 3816
3816 3473
4025
3396
3399
3401
3402 4504
4504
3403
3406
3412
3420 3453 3481
3453
3481
4589
3423
3424 3675
3675
3425 4192
4192 3582
3429
3430
3431 4290
4290
3863
3435 5133 5186
5133 3490 3992
5186 3547
3440 4257
4257
3441 3503
3503
3711 4595
3450 3593
3593
4952
3454
3456 3602
3602
3457 4752
4752 4026
3458 3811 4748
3811
4748
4349 3513
3464
3465
3470 5209
5209
3473
4590
3476 4955
4955
3485 4200
4200 3801
4731 3987
3490
3494 3737
3737
3496 3521
3521
3505 3582
3582
3513
5081
4266 4968 5084
3542 4733 4968
4733
4968
3547 5262
5262 4125
4209
3554 4510 5112
4510
5112
4174
4529
5087
3564
3566
4279
4958 3790 4614
3581
3584 3585 4490
3585 4490
4490 3639 3640 3641 3743
4811 3597
4706
3597
3606
4154 3725
4433
5213 4125
4407
5284
5084
3639 3641
3640 3641
3641
4330 3681
3652
4382
3681
4534
3700
3710
4595
4718
3725
3732 4880
4880
3734
4235
3743
4413
4344
5080
4271
5024 4089
3758
3761 3763 3764
3763 3764
3764
3790 4454 4614
4454
4614
4615
3801
3803
4487
4841
4473
4583
4903
3861
3885
3888
3890 4726 4893
4726 4325
4893 4594
3919
3946 3987
3987
4753
3950
4375
3992
3996
4378
4026
4027
4041
4700 4280 4310
4089
4109
4125
4164
4280 4310
4310
4325 4594
4594
