7 41.955013 2.680621
1 41.948334 2.682078
8 41.947643 2.682203
15 42.226215 2.605518
17 43.364445 2.574679
2 43.381214 2.565489
16 43.115833 2.431840
32 43.520184 2.548678
4 44.481949 7.308575
3 44.566509 7.286548
12 44.773937 7.204430
11 45.407497 7.808695
21 44.670086 6.653493
10 45.646179 10.007792
5 45.638004 10.019923
9 45.927151 10.492128
6 45.927536 10.507492
13 46.304962 10.886040
14 42.197090 2.609639
19 46.688183 11.198342
44 45.854099 7.724159
57 46.323811 7.640364
22 44.849495 6.422683
24 43.570850 2.766229
18 46.686752 11.206556
20 46.983269 11.312487
35 43.537308 2.182010
33 43.012081 1.472159
43 44.425156 2.156985
42 43.505600 2.534885
23 -58.637505 24.324299
52 47.436821 11.356683
45 -58.610226 24.438883
129 47.820930 11.344378
40 45.030998 6.269644
72 45.288612 6.124565
38 -58.268482 24.548723
50 -59.026386 24.481590
26 -56.774193 24.832996
25 -56.761303 24.828226
27 -57.062782 24.728458
29 -57.080070 24.974735
30 -57.284222 24.874630
31 -57.819820 24.576794
28 -57.529491 25.037155
37 -57.768143 24.837801
36 -57.920616 24.932560
39 -58.185448 24.667435
34 42.982464 1.399751
41 42.726501 1.167200
47 42.332890 0.785079
55 45.091728 2.177339
48 -59.366894 24.147776
49 -59.696190 23.780096
51 -59.367100 24.513386
74 45.586998 6.007660
46 42.300503 0.762418
61 42.228161 0.690934
53 45.453495 3.156756
54 45.266083 2.633371
71 45.620762 3.472245
60 45.957825 1.691934
58 46.638748 7.768166
70 46.587639 7.246190
65 49.099968 14.708650
64 42.207359 0.678712
86 -60.039276 23.382242
121 -59.770355 24.912033
88 -60.368893 23.001513
120 49.226994 14.899624
125 49.071487 14.517966
122 -60.061115 25.192713
127 48.201752 11.316978
75 45.836697 3.802592
56 46.368824 0.904937
63 46.438324 0.984390
62 46.208778 1.883376
69 46.782616 0.889768
82 46.993130 7.847674
81 46.811848 6.940273
80 46.907261 7.418774
95 47.506203 8.379128
67 -60.189323 22.308178
59 -60.188587 22.294191
98 -60.436207 21.393475
66 46.171925 1.901777
68 46.812366 1.911263
90 47.319305 1.788554
93 47.205978 0.875039
123 49.380695 15.066453
130 49.308636 14.861492
140 48.809685 13.628360
79 46.043316 4.126067
83 46.323406 4.582415
109 -60.801418 23.223902
119 -60.668732 20.992996
92 47.280983 2.528362
158 49.381763 1.424230
103 47.571587 0.349780
78 46.538807 6.420858
89 47.213959 6.589983
76 45.885761 5.927653
182 -61.519558 9.614197
73 -61.532822 9.628341
184 -61.499245 9.600550
77 46.218189 5.802771
84 46.630360 4.411498
91 47.536678 6.305915
131 48.022125 8.859288
96 46.973133 4.225952
85 47.241394 3.195636
94 47.228210 3.178927
101 47.227570 3.168037
147 -60.351551 8.531715
87 -60.339207 8.522739
102 -59.858482 8.048795
183 -60.938843 9.081737
136 -61.208061 24.076883
137 -60.958157 22.796682
99 48.052429 6.529377
156 49.491718 1.070519
163 49.924511 1.753081
142 48.416492 6.692622
104 47.939587 -0.022701
133 48.561298 9.324161
100 50.972412 5.020659
153 51.049679 4.981586
97 -59.815548 8.008315
116 -59.815384 8.008040
118 -61.085468 20.787214
154 -60.659534 20.968443
152 48.806145 6.889726
150 51.023502 4.515482
172 51.166054 5.248493
124 50.666843 4.000407
143 50.499130 3.491543
105 48.415138 0.120534
106 47.959541 -0.050398
107 48.370987 -0.270066
115 49.082188 0.343789
108 48.861683 -0.438325
113 49.159889 0.055247
110 49.278900 -0.286234
111 48.848156 -0.439562
114 49.851776 -0.399956
134 -60.916023 24.545904
219 -61.745998 24.132597
138 -61.077999 22.263674
112 49.870979 -0.417644
117 50.307995 -0.276430
168 50.755722 -0.013872
162 49.873066 1.150817
171 50.761654 -0.018743
175 50.682899 0.260952
195 51.080688 0.179308
155 -61.253059 20.875000
191 -61.415718 20.756672
164 -61.332256 21.177334
194 -61.530640 20.993683
206 -63.522446 19.901077
126 49.573318 15.228076
141 -60.303158 25.398062
135 -60.640816 24.997072
151 -60.222126 25.955589
144 50.080273 15.706483
160 50.477356 2.885658
178 51.273350 4.441014
132 48.744965 13.577333
145 48.753960 13.060170
148 50.731026 16.213326
188 48.742569 11.943569
216 49.200806 9.165816
159 48.742329 12.492805
196 49.140545 11.783348
128 48.677635 13.536485
146 52.512806 14.886640
271 52.518608 14.934885
211 49.625118 8.581872
218 49.493076 9.566945
234 -62.251881 24.149330
139 -61.186615 21.767241
199 -61.840530 21.052639
201 -62.147705 21.201496
149 50.916786 16.462887
266 -60.109871 26.302782
165 49.182865 7.090087
161 50.198307 2.304280
169 50.788681 2.882976
197 51.194843 16.336233
273 52.008934 16.012817
278 52.849361 14.401402
198 51.181828 16.603628
287 51.588024 16.972933
181 51.528946 4.322100
262 -60.017231 26.561985
170 49.552475 7.297994
189 51.265457 5.410768
190 -63.111122 11.120989
252 -62.929989 10.946011
333 -63.275654 11.287046
167 50.314789 0.697241
187 -62.170811 10.226225
157 -62.519115 10.554393
200 -61.846340 9.925516
269 -63.084011 11.096176
166 50.167049 1.972579
173 50.975872 3.126637
180 50.931648 2.630799
174 50.447411 2.211463
193 50.025036 7.564370
185 50.881527 0.220350
225 51.600105 0.507046
176 51.241066 3.567765
186 51.930256 2.889851
192 50.047054 7.782568
213 50.497910 7.581114
210 50.949753 6.350578
224 51.272648 5.430722
177 51.448212 3.901842
179 51.556137 4.178249
202 51.860909 3.479795
223 52.329350 2.387787
222 51.885643 3.470376
281 52.623112 1.916122
220 49.568115 11.565682
212 50.736721 6.897976
347 -63.717773 11.746367
205 -63.738701 20.031157
265 -63.731991 19.691185
209 50.089912 7.943346
280 51.314537 7.979076
268 51.985355 0.866476
233 50.111763 11.197331
227 50.082432 10.438408
229 50.083141 10.477920
279 52.388027 16.365923
293 52.034088 17.228243
203 -62.161030 21.214016
204 -62.418091 21.332342
242 -63.068455 11.073871
207 -62.722301 21.514145
208 -63.031921 21.695494
217 -63.447598 22.014479
231 -64.155769 20.925589
230 -64.010330 21.354395
243 -64.477272 21.218754
320 -63.967258 19.170387
214 -63.279766 22.586437
215 -63.125305 23.043907
221 -63.895050 21.715633
276 54.030228 2.654358
291 51.820038 8.599186
238 -62.917137 23.561419
239 -62.838024 23.799021
241 -62.893520 23.590343
226 49.869217 10.032265
235 -64.302353 21.675844
228 49.935123 10.213995
232 50.207607 10.336081
237 -62.770653 24.035521
245 50.827106 11.373991
244 -64.606102 21.629515
275 53.399147 2.187413
277 53.733681 2.347632
282 53.034534 2.048302
283 52.323429 1.363365
274 54.094860 2.534105
304 54.477287 2.359706
267 51.992718 0.878069
246 50.693130 10.576941
249 51.229519 10.922718
247 50.991238 11.117797
248 51.177559 11.532969
236 -63.267944 24.120102
240 -63.645100 23.982071
260 -65.167984 22.237152
251 -64.007393 23.785334
253 -62.888783 23.606897
256 -64.362137 23.433020
259 -64.958458 22.601103
345 -66.004089 22.335611
250 51.404060 11.501186
254 51.738472 10.504591
255 51.905865 12.063238
294 52.301960 10.031954
264 52.291142 12.462673
261 -64.681206 23.000893
257 -59.905514 26.903219
258 -59.932114 26.823730
298 52.696068 10.249425
300 52.346844 9.255876
263 52.976307 13.139408
285 -59.884884 26.904451
350 -59.883358 26.903744
346 -66.473282 22.715853
376 -66.188225 22.098692
270 53.143902 13.936584
317 53.203293 13.034799
328 53.724339 14.101562
316 52.764523 10.614264
322 53.534443 13.412039
372 -64.275009 18.633232
272 53.076664 19.221945
292 52.883102 18.900335
324 53.488205 19.581530
284 52.318741 1.360465
327 53.792812 13.904413
329 54.125515 14.492722
296 52.760735 18.492140
297 53.479664 19.579037
331 53.734436 19.563679
332 53.624725 19.656910
286 52.389023 16.589613
288 52.654209 16.482763
303 54.474751 2.364910
309 54.760300 2.187676
312 54.475735 2.363960
305 12.813675 190.816208
290 52.173393 16.961073
289 53.521420 16.583054
302 13.462050 189.102005
301 13.552713 189.113724
313 13.178188 189.028992
314 12.756631 190.780930
315 13.538797 189.095673
295 52.724354 18.056421
306 53.995087 16.697031
326 54.397106 16.873569
318 52.828651 9.259079
299 53.109715 18.076857
336 53.028008 9.959746
330 53.598637 18.087770
339 53.361549 9.601835
341 54.082558 18.089212
351 53.385845 9.277018
360 12.862258 188.972794
310 55.001762 2.006002
358 12.643174 190.727417
325 54.945160 16.320061
344 54.251060 17.510925
308 55.394257 1.723486
307 55.465527 1.658076
311 55.243313 1.832146
319 55.453503 1.661701
321 14.460783 192.828445
323 14.456826 192.832047
400 14.276703 192.938049
361 13.189034 187.841461
492 12.286202 189.064484
359 12.633724 190.736542
522 12.361382 191.065933
355 14.130181 186.768036
364 14.088786 186.814880
334 53.525169 13.414058
352 53.585751 8.819244
374 53.733696 9.468302
371 -64.214134 18.603491
418 -64.626511 18.308495
403 13.985417 193.103165
399 54.051460 14.148475
338 53.957645 19.473015
335 53.773731 19.624466
415 55.620224 16.407843
381 54.234272 14.388880
458 56.351318 16.563650
464 54.414345 14.467534
340 54.526089 18.930494
337 53.776402 19.626751
356 -64.027191 12.081411
375 53.604904 9.594034
470 55.574581 19.163136
413 53.659298 9.684765
469 55.827454 19.198309
536 55.869682 19.192501
537 56.113823 19.179710
343 53.927307 8.154462
342 53.870102 8.241192
354 53.766586 8.407562
404 14.052848 193.080597
391 -66.987206 23.106806
378 -66.398811 21.899958
353 -66.881088 23.435814
388 -66.893616 22.642633
434 -67.560020 23.551346
395 -64.348907 12.443369
349 -128.849899 75.122162
348 -128.850464 75.121582
432 -66.828476 23.662178
410 54.057522 9.512324
495 -66.097801 29.853863
362 13.693971 187.270752
365 14.485205 186.342529
409 -64.642784 12.784681
363 14.870281 185.879288
357 14.889982 185.856796
367 14.851935 185.906219
515 12.591956 191.504929
519 11.828017 190.858871
402 13.595921 193.295502
405 13.632355 193.258728
380 12.908493 187.737518
497 11.717848 189.166534
389 12.478683 187.663666
366 14.855358 185.900391
368 15.165887 185.542603
369 15.169931 185.534744
379 15.445320 185.211578
385 15.660769 184.952805
370 -64.210022 18.591194
373 -64.603363 18.245697
419 -64.986343 18.128738
442 54.313560 9.569634
414 -211.773193 -43.820858
377 -66.556450 20.942802
392 -66.509979 20.942616
393 -66.560715 21.759447
397 -66.116066 19.589390
394 -66.713509 22.168503
383 15.791963 184.794830
386 12.388363 187.436249
390 12.165876 188.138733
406 54.423557 14.473470
514 54.422646 14.472966
382 15.801879 184.779388
384 12.341103 187.331573
387 12.330969 187.320816
396 9.062811 189.867508
401 9.176767 189.789032
420 -66.885956 22.643671
494 11.936571 188.604950
462 -68.028671 23.895252
407 -65.808578 18.893240
422 -65.018707 13.242235
412 9.378120 189.663422
398 -65.811218 18.883896
411 -65.346992 17.982193
417 9.376910 189.649918
521 9.866081 189.365143
408 13.333709 192.811310
426 13.600484 193.936127
465 13.037645 192.319672
463 13.577682 194.437027
416 -211.809433 -43.742455
433 -65.785103 16.505383
524 12.811289 191.911407
421 -65.093864 13.334670
427 -65.300835 13.632097
535 54.433796 9.586377
435 -65.914116 16.027168
517 10.553470 189.334564
534 9.732716 189.116241
595 -211.733612 -43.957397
597 -211.607498 -44.353706
598 -211.815216 -43.808681
450 56.608482 16.350977
548 56.718750 16.903463
423 -65.420685 13.642744
425 -65.356529 13.657074
424 -71.027496 21.323261
436 -70.856949 21.207212
456 -71.024277 21.331656
428 -65.419144 13.864660
467 -70.643211 21.049442
429 -65.637505 14.460880
445 13.571760 194.452698
466 13.523982 194.900345
430 -65.817970 15.102726
437 -65.519119 16.013260
438 -66.633812 16.325573
439 -64.609116 15.949261
431 -64.614403 15.950747
441 -64.771599 16.002207
503 -66.449570 29.010925
530 -66.169388 30.264315
559 -65.680870 30.265171
478 -68.377930 24.132399
488 -68.011635 23.865936
440 -65.143471 16.003590
446 -67.436615 16.685938
471 -70.348175 20.860081
447 -68.119469 17.026894
443 -64.656143 16.058416
444 -64.634460 16.061455
531 54.438717 9.582528
448 -68.636314 17.428625
449 -68.156700 16.997118
453 -69.032188 17.789137
459 -68.177238 17.011305
452 -69.486687 18.274300
505 56.882309 16.235699
557 57.191441 16.208220
451 -69.888359 18.485706
454 -69.430054 18.611805
455 -70.195183 18.740547
457 -70.407677 19.075077
504 -69.351105 19.045084
500 -69.576569 19.497761
527 -69.134323 19.091097
460 -70.524155 19.499104
461 -70.533485 19.916277
554 57.165562 17.254192
468 -70.465569 20.384560
476 -68.971268 23.526234
480 -68.256531 24.905436
525 13.419394 195.403152
509 13.423639 195.382416
539 13.274985 195.841202
472 -70.105598 21.546185
474 -70.069496 20.456829
549 57.013985 19.026093
538 -66.172661 30.606560
475 -69.841698 22.203611
485 -69.804909 19.995125
477 -69.580360 22.722403
473 -69.279442 23.151268
479 -69.602966 22.760735
481 -69.595367 22.767799
483 -67.994789 26.167631
482 -67.983253 26.188910
484 -68.036949 26.184607
486 -67.753136 26.690283
489 -68.035652 26.202122
487 -67.518860 27.204760
493 -67.275528 27.648750
507 -66.902275 28.171726
490 -65.444710 27.816799
491 -65.485176 27.840332
498 -65.644661 27.976078
506 -65.892479 28.171400
501 11.544006 189.743652
502 11.184619 189.216064
499 -66.800743 28.463415
512 -66.615852 28.306484
496 -66.619438 28.757595
510 -66.446869 28.779303
560 -64.904152 30.230490
566 -65.890785 30.581062
508 11.453513 190.178909
511 -66.340538 28.431786
520 11.321046 190.657227
518 10.975545 190.041107
532 10.288544 188.718704
513 -69.048973 19.142918
526 -69.123253 19.102568
578 57.544083 16.306564
529 11.057156 191.454620
516 -63.603813 30.600941
558 -63.760944 30.547831
523 -68.978851 19.179714
589 -211.897598 -43.665062
586 -211.896347 -43.666500
562 -64.038429 30.434868
624 10.040923 188.368088
533 10.912844 192.080826
617 9.697628 188.830414
540 11.496913 195.089981
541 11.899316 195.473511
543 11.212770 194.708466
546 12.563895 195.844360
552 14.046400 196.476395
576 -64.067276 34.200909
528 -64.062561 34.201786
653 -64.199516 34.066910
542 10.715325 193.138947
565 -66.108116 30.915844
623 9.856594 188.591354
625 9.996762 187.802048
545 10.653882 193.778214
616 9.711955 188.837769
567 14.681053 197.103088
564 14.381898 196.802643
581 14.983768 197.434189
550 57.765015 19.379004
551 57.176708 18.573349
639 -66.354637 32.078358
574 13.529613 201.093994
577 14.056152 196.474380
596 11.817588 195.508453
544 10.939956 194.247635
601 11.788260 195.554901
547 10.343146 193.994781
553 10.206633 194.076050
610 13.937744 201.014435
626 13.326511 201.450012
593 10.159202 194.107773
555 57.456894 16.971596
556 57.450119 18.134447
604 58.253559 19.392279
594 58.292633 19.215122
611 58.354794 18.921818
636 58.710320 19.510227
592 57.872242 18.321836
579 57.701630 16.703278
582 57.869179 16.466507
590 57.870667 18.328165
614 58.412922 18.613152
561 -64.468124 30.327194
563 -64.125877 30.352499
572 -64.742035 30.127224
571 -64.558006 30.073833
569 -64.313766 30.197346
640 -65.913147 32.460506
657 -66.936485 32.281300
570 16.068180 198.296738
568 16.075130 198.282944
580 15.987958 198.378647
584 15.289813 197.788681
573 -64.564835 30.063650
608 15.876112 198.511627
575 -64.478760 33.843826
649 -64.459007 33.839008
606 14.367363 201.016479
627 13.274228 201.905670
673 13.336895 201.451370
650 -64.420898 33.850006
607 14.357237 201.027161
660 14.724999 201.140930
591 58.513161 16.379753
585 15.574684 198.139191
735 16.086391 199.115921
583 58.809891 15.829700
587 58.772278 15.900708
588 58.629333 16.144789
659 59.185165 16.941774
609 58.754330 15.902714
602 -211.529663 -44.763634
599 -211.494965 -44.810127
693 59.466381 17.221605
638 59.019291 18.512417
600 11.744969 195.597855
679 -211.303268 -45.471722
680 -210.964752 -45.680744
706 -211.439346 -45.913593
605 9.049746 186.608353
613 9.236347 186.681046
603 9.315508 185.316910
612 9.371273 185.452637
622 9.493117 185.730118
641 59.212036 19.375816
615 9.554987 186.754593
665 14.723614 201.146790
674 15.125456 201.340118
732 16.091898 199.136200
757 16.252113 199.710556
658 -210.238861 -45.598560
683 -210.478897 -45.710476
618 9.690074 186.219345
620 9.891303 186.684082
670 59.526295 18.547556
619 9.947083 187.206482
621 10.366772 186.213394
633 11.363019 205.014740
628 10.635684 185.937897
630 10.772534 185.790161
629 13.198655 202.381821
631 13.255463 202.586121
637 13.322096 202.708023
632 11.358544 205.014954
648 11.440479 205.218521
634 10.799684 185.762421
635 13.322519 202.780579
642 13.476067 203.035202
643 13.546705 203.134628
685 11.208169 205.469147
690 11.729453 205.204086
645 13.746698 203.470932
644 59.225975 19.381666
661 59.631615 19.012985
682 59.981842 17.892176
652 -65.393600 32.891632
668 -67.486526 32.472366
651 -64.890762 33.381138
656 -65.300545 32.901741
667 60.036060 19.131071
646 19.149637 202.867142
647 13.657923 203.997879
672 19.354757 202.906311
671 13.540886 204.443787
687 19.589687 202.995819
691 13.403893 204.898788
684 11.165564 205.494522
695 10.648512 205.886368
688 12.593929 205.058090
694 11.783062 205.174484
654 -64.325630 33.940872
655 -64.303314 33.960186
663 -65.290283 32.902752
662 -71.358490 30.674950
664 -71.300201 30.719851
760 -68.051376 32.711945
704 -210.471146 -45.901741
681 59.715187 17.550331
755 15.473445 201.522003
669 60.432789 19.177641
666 -71.132004 30.853806
696 -70.930252 31.006659
702 -70.678017 31.189999
708 60.776169 19.138601
753 -68.459198 32.497749
769 -68.216858 33.123516
714 61.169552 19.022722
726 60.735409 17.869251
716 14.037583 205.255341
689 19.765295 203.089401
675 20.754084 202.318253
676 20.696476 202.362045
758 15.812567 201.698547
677 20.493971 202.523407
686 20.231047 202.728027
678 -210.954636 -45.669075
707 -210.981079 -45.887165
719 -211.936951 -46.472858
712 -210.589783 -46.097370
795 61.413734 17.889509
709 -210.464859 -45.897289
764 10.229492 206.217468
692 19.665350 203.399887
698 19.382181 203.858673
746 11.796786 205.162491
756 14.821590 205.612091
705 19.116087 204.211884
724 -208.658432 -49.184883
725 -208.655380 -49.189053
742 -208.702087 -49.267063
763 10.221994 206.219360
790 9.820648 206.605118
701 -70.692924 31.195131
703 -70.373741 31.378592
697 -70.677353 31.204811
711 18.881779 204.359222
700 -69.235245 32.132172
699 -69.225510 32.124443
736 -69.241547 32.079910
731 -69.702492 31.778933
748 -68.850334 32.295914
728 -70.020653 31.596409
713 -210.385117 -46.491703
710 19.079054 204.601288
715 18.542761 204.292816
729 -212.272934 -46.902966
723 61.612453 18.786825
717 -210.157227 -46.922359
721 -210.026886 -47.341736
718 19.080093 204.617813
765 18.197771 204.163483
720 -211.080536 -48.560322
734 -211.042862 -48.595997
785 62.134518 18.474049
771 17.792671 203.999710
781 15.242230 205.582840
782 15.009539 205.871368
722 -209.938736 -47.797062
730 -212.849075 -46.943794
737 -210.512100 -48.651207
743 -211.177155 -49.018661
727 -209.932404 -48.278599
738 -209.992279 -48.704708
783 62.789196 18.310640
794 61.971451 18.263012
739 -209.292816 -49.001743
786 -208.153397 -49.724529
806 61.761230 18.033480
815 61.690060 17.971289
741 -210.578171 -49.288975
740 -69.723709 31.753729
733 -213.644913 -47.043976
754 -214.235535 -47.185596
801 -69.724884 31.750732
796 -214.778320 -47.441639
747 -211.259552 -49.409313
761 16.379854 200.421768
744 -210.885406 -49.584629
745 -211.104309 -49.727036
816 -207.638840 -50.222431
749 -211.276627 -49.796162
751 -211.475906 -50.311275
750 10.802313 208.021530
752 10.837817 207.966583
791 -68.874474 34.539974
810 -68.890038 34.519787
787 -211.616577 -50.792824
788 10.917763 207.870056
813 -211.732513 -51.282822
792 10.520725 207.473129
809 11.401687 208.091995
798 -215.156372 -47.636806
759 16.167034 201.321518
767 15.996166 203.398483
780 15.421841 205.015350
789 15.792145 205.900009
808 15.005223 206.487823
762 16.455383 201.018509
797 -215.499176 -47.801746
814 -215.486557 -47.854263
768 15.788747 203.902039
770 16.448153 203.523758
776 16.822454 201.392868
822 -68.374756 33.485088
778 17.186634 201.853699
793 10.176077 207.064651
862 9.077782 206.459869
773 17.397375 203.863815
766 15.600418 204.430923
772 16.913696 203.671371
821 63.314770 18.235973
834 -68.545738 33.837746
774 17.392683 203.126266
775 17.291988 204.557419
779 17.308420 202.461472
812 17.142698 205.313690
839 16.843901 206.524994
777 17.320299 201.771088
784 17.392076 201.706009
799 17.400440 201.704041
807 16.360767 206.203842
855 15.078184 207.143951
874 63.776268 18.224974
817 -207.601883 -50.727940
840 -207.246719 -50.235954
819 -212.229111 -51.595379
844 -211.379288 -51.576248
861 11.846932 208.244049
881 10.162120 207.057190
859 8.986931 206.532684
877 8.558761 206.203339
811 -69.093536 34.813419
823 -68.706558 34.174664
825 61.945557 18.122774
829 -207.139359 -50.131748
826 -215.813797 -48.176773
827 -216.334641 -48.664856
828 -216.272614 -48.695198
803 -69.552788 35.480122
800 -69.557037 35.482975
804 -69.573143 35.465294
802 -69.310165 35.123520
805 -69.828957 35.744942
824 -70.067482 35.999142
941 -70.328529 36.265755
865 63.102161 18.835052
841 16.791597 206.937927
843 17.067841 207.000977
852 15.492258 207.240402
856 14.752351 207.679840
867 12.258467 208.353043
820 -212.626755 -51.892258
846 -211.060150 -51.869011
818 -207.707153 -50.844414
887 -207.463440 -51.069252
869 -207.009521 -50.463436
888 -207.765137 -50.876854
880 -207.241394 -50.753384
890 -207.628571 -51.597359
894 -207.754974 -50.877380
845 -213.104843 -52.307117
842 -211.673691 -53.591183
849 -211.693878 -53.472687
854 -212.806656 -52.937794
909 -213.720322 -52.217335
872 63.569778 18.604918
897 63.765030 18.226728
968 65.851463 17.366394
945 -70.647369 36.588432
891 63.230083 18.917349
895 63.381504 18.964598
830 -216.149582 -49.084740
831 -216.609283 -48.843822
835 -216.074463 -49.602795
832 -216.868546 -48.993916
836 -216.074326 -50.033161
962 -217.011139 -49.210171
833 17.144289 207.005920
960 18.027508 208.588013
970 -216.980057 -49.429337
948 17.732473 208.045959
876 -72.103554 38.176186
882 -72.009178 38.081169
886 -72.006401 38.074245
837 -215.670776 -50.532700
838 -216.350418 -49.971577
871 -215.314972 -50.925705
971 -216.632217 -49.822891
883 -214.792282 -51.441639
985 -216.812424 -49.618755
851 16.231497 207.461334
870 -206.855637 -50.395210
921 -207.022827 -50.440830
850 15.872044 207.331604
975 16.126663 207.957123
853 -212.258591 -53.192806
864 -211.268860 -53.431751
847 -211.006622 -51.798210
848 -210.891357 -52.297638
868 -212.829330 -53.131805
911 -213.133820 -52.818653
885 -214.286316 -51.809689
920 -214.052444 -52.059490
907 -211.003998 -51.788425
860 -210.796570 -52.818768
863 -211.038910 -53.137936
873 -210.689178 -52.942192
866 -211.061111 -53.429081
1024 15.958460 208.449036
914 -212.865433 -53.258675
927 -213.007874 -53.079369
903 14.470587 208.285446
879 12.729801 208.438904
884 13.998448 208.499634
908 14.437168 208.519943
915 14.995877 208.353561
858 8.892115 206.622116
857 8.879786 206.613205
875 -210.785553 -53.106258
901 8.140319 205.976700
878 -210.899292 -53.301517
906 63.718246 19.605658
930 -212.850327 -53.242474
893 12.712403 208.434647
892 -206.869110 -50.389423
904 -214.662170 -51.604313
983 66.434776 17.111259
889 -71.883713 37.950470
899 -71.838058 37.901646
902 8.151006 205.983673
1049 7.842027 205.779816
900 14.109579 208.658264
898 -71.710129 37.766338
918 -214.518448 -51.751736
912 14.396550 208.733902
933 -71.783585 37.844532
910 -207.812347 -52.028183
896 -71.360146 37.382942
931 -71.733795 37.795979
913 -208.026413 -52.395149
905 63.745018 19.650661
924 63.946636 20.073193
939 -71.139809 37.134422
946 -70.901054 36.866745
973 14.886607 208.915619
1046 7.610387 205.605118
1050 7.832887 205.770584
959 15.414354 208.432938
925 -214.344482 -51.898090
922 64.169380 20.492228
929 64.155945 20.503004
916 -208.276779 -52.507370
917 -207.871399 -52.598862
1079 15.313805 208.942581
919 -208.506256 -52.545097
923 -207.858276 -52.610748
932 62.115208 31.328030
972 15.751309 208.448074
928 -214.377182 -51.909821
979 62.871677 28.609615
963 62.840763 28.573202
988 64.485077 21.154949
934 62.891151 28.602938
926 64.182961 33.065639
961 64.125679 32.891888
937 -214.373535 -51.916058
942 63.665722 32.682251
993 18.112814 211.405457
1014 64.443031 32.665855
1034 64.676353 21.602596
935 62.334682 31.443901
936 62.630871 32.053017
954 61.591618 30.324020
949 62.754421 31.609695
938 62.879051 32.315319
956 61.408318 29.846910
965 65.818489 13.502596
966 65.796692 13.512183
964 62.734978 28.480446
951 63.348778 31.758520
940 63.181541 32.411755
944 63.157879 32.194057
952 63.226414 31.961494
943 -70.685104 36.602848
947 -70.653656 36.594280
981 -124.330757 35.397141
980 -124.325676 35.412235
992 -124.257538 35.537601
999 64.102806 11.118310
1001 64.176773 11.196910
974 18.307384 209.139053
955 63.990112 31.607872
950 60.836922 29.312513
953 60.948009 29.338377
957 61.254398 29.426256
1023 64.445862 31.530649
958 61.557995 29.043306
1026 64.544312 31.898693
1048 64.791870 30.922434
1076 17.551197 214.102036
969 61.961189 28.676628
976 62.481300 28.292171
1007 18.697826 209.913361
986 18.115694 211.414413
997 18.298441 210.896469
1011 18.137377 211.934570
1027 64.604179 32.315155
967 62.599049 28.369268
984 65.740570 13.503747
982 66.154388 14.422211
990 65.437889 12.944889
977 64.419930 29.105568
978 62.370838 27.633926
987 66.793907 16.366411
1008 66.545853 17.219074
1009 66.855766 17.150520
1025 19.264194 209.751770
1028 15.642132 208.683212
1132 24.946535 211.101669
996 19.001516 209.794632
1061 18.604639 210.314362
1144 18.816370 210.272873
1083 64.877869 29.318125
1038 62.322952 27.099066
1090 65.059731 29.559505
1109 65.210594 29.356485
1045 62.289932 26.576832
995 63.346981 23.066801
1005 63.418777 23.034452
1017 -124.631035 36.009014
1054 -123.849091 35.366486
991 66.726593 15.777243
1016 66.948959 15.910028
1020 67.152527 16.463850
1037 66.555496 17.225586
1044 67.577896 17.463921
989 65.191254 12.466012
1022 -116.646790 42.901833
1149 -116.657570 42.776505
1021 67.212921 16.221403
1043 67.466576 16.546154
1039 64.825089 21.500834
1062 64.681824 22.497492
994 64.941368 12.027141
998 64.622093 11.668084
1006 65.005280 11.936203
1019 66.941490 15.927757
1018 -124.605873 35.998894
1055 -124.775902 36.380611
1064 -123.410904 35.244415
1015 18.234800 212.399139
1000 64.351433 11.378637
1010 65.081833 11.853175
1004 63.560589 22.969973
1029 63.211117 25.448933
1030 63.265038 25.524445
1188 20.074078 210.005692
1003 64.117249 11.142490
1002 -122.767174 34.921753
1053 -122.800758 34.958225
1052 64.103851 11.135223
1065 -122.893745 35.044498
1031 63.775017 22.878757
1033 64.162636 22.744881
1035 65.123306 11.808903
1195 19.224810 210.693619
1140 68.165466 17.565119
1073 65.114204 11.813936
1013 18.231451 212.384171
1204 18.489609 212.977859
1012 64.726692 32.330463
1216 19.153893 213.131516
1223 18.237423 213.395935
1047 67.526138 16.408419
1097 -124.864288 36.809166
1089 67.718437 16.648129
1152 -116.424408 42.572128
1225 -116.914726 42.645943
1087 65.131027 30.177736
1307 17.645216 214.037811
1233 20.671228 210.298981
1213 22.418673 210.702133
1272 22.373888 210.762161
1032 63.371342 25.641428
1036 62.847290 26.086349
1057 63.912777 25.263756
1071 64.547035 24.887669
1072 65.075157 23.100637
1102 64.739471 22.476679
1040 64.907478 21.427994
1051 61.905445 26.409107
1056 62.197952 26.612322
1042 64.976891 21.363544
1041 7.511635 205.520432
1063 7.599562 205.593323
1059 7.509554 205.518417
1142 68.247429 17.098677
1163 68.671524 18.164606
1066 61.617802 26.271034
1141 62.147491 26.634361
1312 65.412224 30.029989
1068 61.428242 26.175480
1060 -122.449585 33.957855
1069 -122.454025 33.997116
1070 -123.027534 35.190815
1098 -124.827003 37.328579
1168 62.132744 26.629869
1058 61.341461 26.129375
1081 65.389854 23.649401
1110 64.805428 25.130745
1078 61.437057 26.183207
1067 -122.715683 34.555382
1077 -122.194298 33.510971
1104 64.758018 22.476833
1095 25.507626 211.274536
1107 25.683681 211.526825
1120 25.198488 211.188766
1094 -122.949692 36.195915
1080 -121.955238 33.043514
1093 -123.351234 36.530483
1099 -122.671150 36.541382
1118 66.218719 23.578051
1112 65.098732 25.399765
1074 -121.240585 31.933037
1075 -121.338699 32.059708
1133 -121.252747 31.948961
1082 -121.460724 32.226063
1084 -121.590759 32.427364
1258 17.832355 213.933197
1085 -121.764137 32.686581
1111 65.093582 25.431267
1151 24.769764 211.304810
1086 -121.753517 32.666859
1131 66.980118 23.520094
1165 65.542862 28.816988
1356 65.387550 29.745150
1088 -112.245674 40.830376
1096 -112.359459 40.914551
1309 65.614838 30.164211
1100 -112.569389 41.056362
1148 68.732780 16.984694
1092 -124.174767 37.207634
1091 -123.755089 36.881603
1101 -124.616844 37.408394
1154 -124.820396 37.696415
1153 -122.455971 36.893509
1203 25.799898 211.841690
1106 -112.838676 41.220707
1157 -124.986122 37.674923
1145 -125.350914 38.050880
1166 -125.661964 38.424999
1103 -112.742577 41.230164
1105 -112.782646 41.221325
1197 -121.657776 37.164528
1108 -113.191345 41.384953
1226 -125.913239 38.785328
1117 -113.547234 41.504925
1209 25.350677 211.832291
1224 26.269363 212.298279
1122 -113.975220 41.612526
1171 65.813805 28.355032
1355 75.445602 37.197975
1115 65.444023 25.641003
1113 65.372177 25.796452
1114 65.361298 25.805264
1116 65.845207 25.660324
1134 66.490807 26.999084
1128 66.822258 25.813965
1175 66.224342 27.575769
1121 66.318779 25.644638
1124 66.735420 25.600517
1123 -114.411018 41.715744
1130 67.102562 23.670502
1135 68.526901 21.173828
1147 67.429298 23.849779
1119 68.538902 20.920897
1136 68.575081 20.912224
1182 68.751472 21.348072
1137 68.625038 20.649366
1161 69.012558 19.681318
1125 67.095612 25.336500
1126 66.796089 25.738882
1127 -114.846092 41.798977
1138 -114.432312 41.724049
1159 -115.121414 41.842575
1129 67.406578 25.026592
1150 67.685318 24.605005
1139 67.034431 24.873631
1172 -115.383934 41.881401
1143 67.257942 23.885044
1156 67.838226 24.169497
1155 67.582344 23.526577
1199 25.088717 211.577972
1211 24.309095 211.415024
1170 -116.217896 42.288586
1176 66.029343 27.944227
1200 75.934830 17.070574
1207 75.895264 17.144058
1187 68.571922 22.142620
1210 69.176445 20.697823
1164 69.249031 18.812180
1167 69.156036 19.752110
1184 -120.010193 36.226376
1189 -119.998550 36.202324
1219 69.192993 16.912188
1179 68.303268 22.814335
1205 19.766905 211.284378
1218 -126.042137 38.886944
1146 69.157158 19.747683
1214 69.350029 19.875967
1160 68.065483 24.338684
1162 68.113770 23.686914
1232 69.593521 17.126469
1255 69.194069 16.813585
1242 -117.166626 42.458313
1270 23.940578 211.573380
1158 -119.155663 35.669662
1193 -119.172356 35.666237
1174 -116.067947 41.992264
1191 -121.001152 36.775745
1248 -121.597572 37.752609
1198 -125.994385 38.847019
1234 -126.277313 39.216099
1169 68.252281 23.247868
1206 68.313095 22.811626
1230 75.792320 17.302826
1180 68.163033 24.424444
1192 -119.544533 35.908077
1217 -118.911873 35.471466
1173 -115.734955 41.939625
1185 68.162003 24.429964
1251 69.874985 18.733299
1181 68.264053 23.240536
1249 70.049393 19.477512
1254 69.964104 17.368605
1299 73.092415 21.012360
1319 -126.607346 39.583954
1220 69.532074 20.013441
1177 -116.395477 41.814220
1178 74.371445 38.086521
1183 74.342995 38.220821
1186 74.432976 37.761387
1243 -116.682945 41.725994
1201 74.343590 38.213245
1259 -116.988708 41.752361
1212 74.652870 37.512337
1215 74.286171 37.604504
1202 68.615166 22.115509
1190 -120.443245 36.455200
1196 -119.949707 36.168510
1194 71.344849 19.593071
1208 71.280762 19.645245
1350 74.859184 37.201481
1349 74.176910 37.396492
1228 68.618889 22.104233
1256 20.712137 210.533432
1268 20.988241 210.410858
1238 -119.942696 36.163570
1245 -118.708549 35.316822
1231 71.185402 19.742907
1241 19.706863 211.945862
1253 20.293159 211.139954
1247 -121.603958 37.747684
1275 -121.543167 38.224251
1311 25.215494 212.097549
1298 71.306129 38.789124
1301 71.247177 38.660393
1222 26.276743 212.318756
1415 26.558458 212.798965
1221 19.424244 212.517014
1537 19.477283 213.805481
1239 18.038551 213.815857
1267 19.944208 211.994217
1287 20.387650 211.534378
1229 75.703438 17.448051
1227 75.697113 17.451618
1283 75.528877 17.772346
1237 71.082466 19.850798
1277 24.589537 211.839859
1410 26.230843 212.948151
1271 23.152626 211.164795
1495 23.584652 211.925644
1441 75.040573 36.736725
1269 21.634340 210.576721
1383 73.480499 37.310383
1531 19.204020 213.994141
1541 20.094137 214.182922
1246 -118.564232 35.199909
1320 -127.114388 40.321140
1329 69.188049 16.786602
1240 70.617241 19.676920
1273 18.216248 214.038208
1418 27.027304 213.181732
1264 -117.358063 42.238503
1236 -126.653610 39.030418
1315 -126.137611 40.644188
1235 70.998886 19.821102
1281 70.271126 37.986137
1295 75.383720 18.108593
1282 70.284195 37.988770
1346 70.374199 38.081543
1250 71.572563 20.174652
1324 70.355263 16.932858
1280 20.990355 210.416229
1260 -126.965378 38.792553
1302 -125.955162 40.864471
1360 -126.386986 41.198986
1261 -127.195961 38.595112
1279 -125.771027 40.817036
1358 -126.057571 41.180027
1276 71.979088 20.424263
1244 -118.421272 35.084942
1257 -118.413658 35.077782
1437 18.445248 214.190964
1286 20.177608 212.007462
1265 -117.426544 41.965916
1252 -127.561623 38.296803
1262 -127.411163 38.420303
1284 -121.479271 38.737186
1288 72.299683 20.615438
1306 73.253426 21.120710
1289 20.432764 211.994476
1331 70.799553 16.396654
1303 -121.849754 39.665455
1318 -121.841576 39.650120
1266 -117.834694 41.865227
1263 -121.111008 38.777943
1274 -121.173553 38.777527
1278 -121.307381 38.759098
1285 -118.260727 41.802715
1294 -118.838173 41.692909
1533 23.205532 212.326691
1445 22.805878 212.757355
1505 22.816399 212.754807
1529 18.701647 214.236694
1317 -121.662064 39.209114
1290 72.591576 20.770678
1322 -125.714661 40.837513
1361 -125.876785 41.015343
1293 20.969332 213.021179
1292 20.818367 212.697250
1405 21.165699 213.381287
1344 70.763191 38.266785
1345 69.943649 38.309956
1359 70.678001 37.887344
1297 71.246368 38.645000
1313 71.178749 38.451939
1335 75.256226 18.441700
1347 75.864487 19.870710
1369 75.772865 19.935726
1296 -118.985565 41.479431
1300 -119.531792 42.025032
1291 20.646383 212.344940
1304 72.925278 20.952456
1305 74.953125 18.749941
1325 75.018387 18.786036
1542 20.756474 214.583832
1544 21.079231 214.109222
1592 21.108379 215.328400
1513 21.381100 213.723587
1316 -119.002686 41.457920
1327 -119.881310 42.124218
1342 75.138542 18.829004
1368 71.653893 37.712280
1308 73.260017 21.119787
1314 73.810944 21.370356
1340 -120.237633 42.195045
1373 -125.897087 41.508427
1323 -122.003571 40.053379
1435 74.645302 21.694826
1310 65.797676 30.293489
1439 65.805260 30.296410
1326 70.729965 15.647397
1332 70.733406 15.726254
1540 26.314457 213.370270
1367 71.321533 37.744007
1394 72.338234 37.168789
1417 74.924255 20.969255
1432 74.970001 21.930140
1446 74.806816 22.379021
1321 -127.241348 40.312782
1357 -126.804222 41.107864
1379 -126.423027 41.671131
1370 -122.161667 40.484394
1363 -127.237396 41.013565
1362 -127.227966 41.003407
1371 -127.684837 42.238457
1374 -122.342049 40.937557
1330 70.791916 16.126625
1333 71.036415 16.299019
1338 70.803139 16.408239
1354 75.159401 19.280466
1328 70.763237 15.905755
1341 -120.605255 42.034740
1343 -120.217567 42.375259
1337 71.358612 16.077051
1336 71.257133 16.153959
1334 71.160393 16.235863
1352 74.949348 21.950466
1339 -120.179161 42.619740
1348 -120.191956 42.546013
1434 77.511703 22.682648
1444 77.456718 22.744572
1372 -120.975517 41.814030
1351 80.965485 16.965494
1402 81.032593 17.038902
1386 -121.277878 41.616478
1401 75.186417 19.712696
1353 69.728432 38.435169
1364 69.603943 38.507282
1366 70.995628 37.776463
1404 75.538353 20.078682
1389 72.830948 37.220310
1440 76.128105 37.235378
1458 75.156448 36.343933
1412 81.157394 17.178717
1433 74.966255 21.950987
1454 75.318100 22.200556
1365 69.600746 38.498749
1406 75.249260 20.202826
1456 76.616188 37.257084
1380 -125.798798 41.695854
1382 -127.131126 42.018497
1377 -127.663567 42.256775
1385 -128.102997 43.379284
1409 72.224098 36.676357
1375 -122.805069 41.115929
1376 -122.041039 41.127277
1396 -128.265991 42.517353
1398 -128.449448 43.271381
1426 -127.989693 44.071178
1381 -121.653770 41.370056
1378 -125.085007 41.754280
1384 -123.194649 41.289204
1387 -123.584999 41.448318
1400 -128.967712 42.854126
1388 -124.513496 41.723251
1390 -124.033623 41.631001
1421 -129.359161 42.950115
1477 -129.650787 43.133629
1399 -129.050888 43.051811
1478 -127.971283 44.675255
1391 81.908707 17.851276
1403 81.862816 17.853516
1393 -124.047150 41.682343
1430 72.370369 34.983856
1428 72.207535 35.373158
1431 72.591393 34.613091
1392 82.250641 17.462881
1397 82.160362 17.527895
1395 -124.048004 41.681751
1407 81.798965 17.845266
1408 81.996620 17.677586
1416 72.095787 36.150902
1504 -132.086609 45.208363
1518 -132.058304 45.226891
1480 -129.455765 43.069420
1423 75.219322 20.260002
1411 81.332291 17.362387
1414 81.535156 17.566509
1420 81.705521 18.473642
1520 22.048054 213.632690
1449 75.217262 20.255365
1492 81.635185 18.988134
1425 72.122574 35.795700
1427 72.052765 35.978092
1543 26.451525 213.824554
1413 81.068413 21.782284
1419 80.962708 21.782711
1424 80.731323 22.004679
1479 80.991394 21.557125
1422 27.041168 213.216095
1539 27.295067 213.633377
1429 72.125458 35.684231
1538 27.287767 213.629318
1720 27.358356 214.167313
1463 80.507462 22.182772
1489 80.967552 21.366611
1496 81.565636 19.357550
1498 -130.194580 43.428612
1470 80.281609 22.338688
1443 72.260994 35.132790
1487 -127.996864 45.325012
1460 75.348541 24.984522
1459 75.419365 24.935759
1536 72.399590 34.835896
1511 72.750557 34.362083
1438 74.929527 35.292019
1442 74.884949 35.353790
1524 73.438858 34.588928
1534 72.576691 34.603363
1562 72.434654 33.864796
1465 75.638962 22.472233
1448 77.367615 22.839804
1451 75.073708 22.978424
1447 77.275284 22.913040
1436 77.277756 22.917084
1532 18.963911 214.163925
1483 74.803886 35.411163
1568 78.383598 38.940681
1584 78.440086 38.854050
1457 77.099998 37.260571
1471 75.234306 35.979595
1493 74.050255 34.787056
1555 72.401321 34.817501
1453 76.726410 22.661489
1461 77.951714 23.033092
1512 22.409903 213.209473
1450 75.296890 22.842325
1452 75.156136 23.664633
1464 76.217949 22.549715
1469 78.515236 23.217970
1462 75.291122 24.312077
1468 75.614342 25.412683
1466 75.501579 22.675058
1455 77.164894 27.246252
1545 77.222084 27.271591
1530 77.590668 27.243555
1552 76.553566 26.753128
1608 77.393555 27.726280
1476 77.583168 37.234833
1482 78.902580 38.322010
1571 78.923302 38.229061
1577 78.224113 37.171238
1573 78.132301 36.882504
1549 75.857895 25.941748
1475 79.034973 23.408699
1472 80.505569 22.022133
1473 79.841690 22.735830
1485 80.273003 22.343960
1467 77.620949 27.150579
1616 77.913757 27.363943
1554 76.128380 26.486778
1474 79.427307 23.088390
1481 79.102386 23.912783
1491 80.748245 21.661402
1627 78.590599 36.674328
1588 79.103668 24.342402
1572 78.571533 37.697834
1630 78.679054 36.919662
1515 -130.621628 43.700085
1486 -127.910919 45.372879
1488 -127.936409 45.336906
1490 -128.327423 46.082279
1494 81.142738 20.879274
1610 79.083694 24.834709
1586 78.684875 38.534962
1628 79.915276 38.036224
1574 74.107277 34.655598
1484 -127.909744 45.374107
1582 -138.747681 49.342426
1585 -139.044434 49.637459
1597 -138.403122 49.060490
1516 -127.935074 45.336777
1580 -128.707458 46.812592
1509 81.251190 20.540972
1598 -129.221909 47.302326
1700 -128.787552 47.052662
1499 -134.659760 45.349743
1503 81.479378 19.688828
1575 74.129501 34.569382
1508 81.329056 20.255867
1535 23.200748 212.308350
1497 -134.415833 45.237720
1507 -134.941193 45.649426
1506 81.404442 19.977493
1501 -134.207596 45.240410
1500 -134.029678 45.340225
1514 -130.985626 44.031849
1528 -130.597641 43.676521
1525 -135.166779 45.958313
1502 -133.475861 45.266899
1510 -134.422501 45.579144
1523 -133.024185 45.238194
1526 -134.779190 45.757603
1521 -132.553711 45.239677
1519 -131.691025 44.815548
1527 -131.825363 45.656712
1561 -135.243332 45.996647
1565 -135.577988 46.397446
1522 -136.101105 46.863045
1563 -136.073563 46.884995
1606 -134.765625 45.752182
1564 72.212860 33.533440
1570 22.272482 213.929337
1603 22.281252 213.921478
1604 22.456663 214.168976
1517 -131.349731 44.411739
1548 -131.563004 46.154293
1567 -136.005371 46.892715
1640 -135.231430 45.983944
1551 -131.261688 46.653500
1559 -130.279449 46.879375
1560 -130.630951 46.802574
1611 78.438881 26.818684
1674 78.385185 27.679493
1589 78.341507 38.956192
1546 23.190178 212.309204
1547 23.202497 212.292358
1550 26.124374 215.612549
1579 26.173971 215.612671
1590 82.931946 40.180683
1821 82.880531 40.085129
1737 27.343792 214.724899
1591 26.639317 214.272461
1756 21.470938 215.908661
1736 26.884834 214.795395
1623 76.479774 27.903507
1676 77.920967 28.398390
1553 -130.924759 46.734039
1557 -131.280746 47.201069
1556 76.129089 26.481344
1558 76.010193 26.747704
1717 26.277414 215.606766
1566 -131.229431 47.685432
1587 75.997147 27.035265
1595 71.547455 32.730648
1594 71.608292 32.798882
1605 -131.103241 48.122425
1596 76.067253 27.317558
1600 -129.364182 48.305283
1699 -129.119095 47.295490
1581 72.022514 33.286880
1569 -136.249115 47.265438
1599 71.869698 33.102482
1618 -130.962982 48.500187
1578 -136.461945 47.649548
1626 -136.664383 48.076057
1617 22.621723 214.369720
1635 79.820839 37.820255
1782 80.733376 38.092228
1641 79.311668 35.962784
1576 74.124260 34.576820
1678 79.329147 35.660343
1696 79.449760 35.414268
1642 79.488548 36.971619
1631 -136.857376 48.512306
1743 26.444992 215.571289
1802 -128.855560 47.181435
1583 79.146950 35.177811
1607 79.245033 35.266483
1593 71.719795 32.930126
1609 79.110336 24.804546
1657 -139.340820 49.958057
1621 -138.097656 48.865749
1655 -138.408707 49.065472
1615 81.812187 39.717892
1648 82.206444 39.698608
1649 81.538231 39.560513
1667 -139.635345 50.306030
1601 76.237671 27.604498
1614 79.011612 25.333529
1839 82.773048 39.831059
1910 26.879745 214.784622
1731 21.457373 215.895233
1765 21.921391 216.427902
1622 79.215706 30.545958
1652 79.186760 30.532139
1634 -137.819824 48.718792
1602 -129.545059 48.903065
1758 -129.335159 47.485249
1620 -129.860703 49.036961
1646 -129.441422 49.131844
1666 76.127136 28.287634
1619 -130.388275 48.782837
1650 -129.700241 49.266232
1692 -129.410721 49.289776
1723 22.760214 214.528412
1624 -131.169052 48.561367
1629 -132.023651 48.892982
1636 -130.203705 47.974716
1706 79.905479 35.362713
1683 78.351425 28.806927
1613 78.919830 25.873171
1612 78.851288 26.383345
1625 79.110748 26.698730
1658 79.294952 26.996059
1838 82.662956 39.573345
1651 81.382446 39.375053
1689 78.694435 27.861080
1730 22.855482 214.639343
1693 -129.560577 49.377514
1632 -137.332489 48.620689
1679 -144.264816 49.685638
1656 79.157921 30.529146
1702 75.895454 28.524559
1633 -132.674805 49.106579
1760 -129.616959 47.706787
1675 79.354340 27.248455
1637 -136.526749 48.911640
1725 79.801994 35.918018
1638 79.731880 37.541245
1783 80.890770 37.548286
1785 81.544724 38.912785
1645 -133.262558 49.270706
1639 79.617638 37.259830
1772 80.295670 36.417973
1654 -136.208527 49.289318
1644 -133.903641 49.431274
1690 -144.491852 49.777214
1777 -129.334015 47.565292
1660 -135.863434 49.666256
1643 -134.446030 49.504597
1647 -133.863297 49.458233
1778 80.699341 36.231327
1779 80.686676 36.567749
1661 -135.131943 49.582275
1707 -133.856583 49.456360
1697 -129.468018 49.388424
1820 82.345428 39.107075
1918 83.064537 39.455502
1653 81.430725 39.154686
1659 79.397766 31.031982
1663 78.874077 29.962326
1672 -135.911270 49.893467
1686 -139.593689 51.365551
1662 -136.066360 50.428204
1664 -136.034683 50.295895
1670 -136.070877 50.439022
1665 79.603302 31.487070
1684 78.620796 29.404305
1668 -139.642212 50.313503
1669 -139.642929 50.314209
1680 -139.904404 50.721653
1673 79.228119 27.451899
1677 79.351234 27.247597
1688 79.803108 31.951849
1671 -135.979904 50.107956
1733 -139.947800 51.485859
1681 79.807320 31.955660
1695 79.993904 32.455940
1712 75.713402 28.702229
1708 -140.210251 51.247124
1691 79.026886 27.679241
1687 78.581841 28.206310
1685 -140.367935 54.146580
1726 -140.447021 54.109718
1682 78.478539 28.547632
1694 -140.508575 60.804134
1704 -144.817841 49.938919
1741 -140.558334 51.826958
1705 80.035126 34.733547
1711 80.233429 34.356628
1715 -140.565399 60.767582
1757 -140.599136 54.035759
1742 -140.364243 51.548985
1703 80.153725 32.994987
1710 -145.252686 49.823208
1776 -144.870270 50.173126
1698 -129.460266 49.383503
1727 -140.751251 60.638390
1729 -140.568878 60.761360
1701 80.219040 34.266499
1716 80.286003 33.517414
1788 80.504372 35.452156
1789 -129.109894 47.397209
1804 -128.852036 47.195301
1714 80.436172 34.211163
1713 75.572388 28.842896
1709 -145.260773 49.823292
1775 -145.616318 49.835308
1822 -144.972488 50.392029
1766 80.837860 34.977070
1739 -140.580032 52.833702
1740 -140.471848 51.689583
1749 -141.083939 51.793121
1787 -145.944565 49.899513
1744 75.504066 28.905910
1722 -142.219025 60.619308
1728 -142.229385 60.609150
1721 75.505455 28.901802
1764 80.858742 35.014042
1843 81.359848 35.268539
1732 -141.007019 60.484207
1718 22.999983 214.819641
1719 22.959829 214.764114
1869 26.380480 215.971832
1724 26.204229 216.839981
1870 26.315102 216.388535
1998 26.116783 217.276810
1735 27.346418 214.718414
1851 27.775351 215.414627
1738 -141.606094 60.203350
1762 -143.088745 61.113049
1920 26.312738 216.382874
1999 26.035021 217.709091
1771 -140.789154 53.952690
1734 -141.303833 60.340469
1745 -140.672272 58.206665
1763 -143.273239 61.359196
1786 -143.638947 61.231827
1747 -140.777100 51.546768
1746 -140.345245 57.975491
1754 -141.081192 56.079918
1907 27.982512 215.894531
1767 -140.634323 53.324265
1755 -141.625824 51.747326
1752 -141.203766 51.615566
1748 -139.996964 57.849380
1750 -140.348679 57.687202
1759 -140.953537 55.390198
1797 -141.333969 56.324741
1751 -139.963898 57.727512
1753 -139.910721 57.775818
1790 -140.388199 57.403069
1784 -140.073517 57.594158
1769 -139.997208 57.686680
1768 -141.881561 51.986931
1774 -142.329163 51.665058
1791 -140.984833 56.820015
1799 -140.066299 57.606030
1761 -143.560211 61.585030
1795 -143.874039 61.685005
1773 -140.866470 54.629189
1796 -141.162384 56.577610
1813 -141.860519 56.371895
1805 -142.172699 52.307056
1792 -142.865463 51.686756
1965 22.319820 216.830429
1780 -141.177551 53.850674
1770 -143.274475 61.370949
1794 -143.980835 61.518177
1801 -144.251999 61.924110
1793 -144.075317 61.366520
1966 22.692924 217.142838
2004 84.341820 39.776199
1846 81.607506 35.585022
1866 -148.316727 62.410744
1816 -142.444427 52.616558
1826 -145.393570 61.400860
1803 -141.614761 53.744080
1832 81.282753 36.245792
1781 81.053200 37.022793
1831 -143.279861 51.759716
1817 -146.184937 49.794117
1823 -145.982864 50.073246
1830 -144.566177 50.718754
1798 -146.994781 48.779400
1834 81.428360 36.894485
1815 -142.001770 53.678585
1844 81.930038 37.291199
1842 82.594223 38.823528
1827 -148.173065 62.239899
1879 -148.195862 62.196926
1824 -146.697449 49.364574
1845 -147.760025 51.260506
1881 82.056084 35.374149
1811 -147.058716 48.863285
1800 -141.239426 56.692711
1809 -141.526688 56.537674
1818 -142.878723 52.168022
1890 -146.678619 54.686386
1828 -145.300949 61.515198
1873 -146.486557 61.246220
1808 -144.659821 62.013443
1807 -142.593323 55.199448
1850 -142.562027 56.927292
1825 -147.132217 48.998894
1806 -144.603027 62.362434
1812 -144.624237 62.206745
1829 -145.232285 61.631992
1810 -142.198868 54.199745
1819 -142.561752 52.686176
1814 -142.414734 54.740334
1837 -143.146866 55.194256
1849 -143.624619 55.174950
1835 -145.919495 61.160728
1836 -147.724884 48.903999
1855 -146.347076 60.680386
1858 -142.869308 57.124157
1833 -142.632889 52.721642
1860 -142.634140 52.718548
1963 82.816101 38.624420
2003 83.856201 39.530594
2044 84.628029 39.943668
1847 -147.923599 51.303509
1885 -148.186584 51.665611
1840 -148.503113 48.877647
1868 -146.485291 61.031780
1874 -147.696960 61.377708
1883 -148.327637 62.354904
1884 -148.058731 61.819141
1867 -146.468048 60.808647
1889 -146.356720 55.258160
1899 -147.783554 54.140034
1962 82.295799 37.641556
1871 -147.090469 60.526951
1852 -148.841156 49.407745
1854 -148.896652 48.441143
1848 -147.839615 51.254875
1857 -144.016098 55.194012
1859 -143.009186 57.525845
1865 -143.155380 57.262840
1989 83.389717 39.303715
1934 -149.133270 49.969120
1886 -149.371063 47.991161
1853 30.921925 219.328735
1841 30.914749 219.338730
1908 30.716106 219.491425
1964 82.553513 38.066734
1993 83.170067 38.955215
2005 -150.020935 66.121994
1880 -148.275345 51.476219
1888 -148.201904 52.368763
1927 -148.750351 51.499294
1893 82.410339 35.171780
1861 -144.485260 55.340134
1931 28.113518 216.338623
1933 -149.519440 50.788433
1935 -149.147476 49.987247
2033 30.433847 219.690521
1882 -149.697678 47.878017
1891 -149.512024 47.813091
1856 -148.049408 59.676342
1917 -148.025009 59.724277
1919 -147.943512 60.253632
1946 -148.205765 59.278568
1862 -144.885513 55.525764
1875 -143.468857 57.103371
1905 -143.160416 57.260643
1863 -145.525543 55.396420
1864 -144.644180 55.896320
1872 -144.373260 56.294235
1913 -146.719635 55.721386
1877 -144.097321 56.662136
1876 -143.787308 56.879749
1887 -149.202271 63.411671
1912 -148.077591 60.957928
1948 -148.420212 59.952888
1878 -144.085129 56.745647
1909 -148.066895 61.410679
1950 -148.607224 60.609417
1892 -144.071869 56.757252
1930 -149.271011 51.862713
1898 82.630730 35.038967
1938 -149.973007 47.812244
1936 -149.827652 47.763470
1937 -150.458054 47.920876
1904 -149.415604 63.656342
1916 -149.421265 63.519970
1901 -148.286285 52.969593
1923 -149.669495 47.714725
1926 -149.700500 64.085617
1940 -149.646500 63.465324
1915 -148.780060 52.875172
1947 -147.077393 56.151306
1911 -148.085114 54.430058
1896 -148.491379 56.187798
1895 -148.576797 56.147953
1897 -148.205917 56.339092
1900 -148.569321 56.132809
1902 82.779518 34.938240
1894 -148.585632 56.153137
1921 -147.893890 56.507591
1922 -148.584457 56.132156
1954 -147.583481 56.673813
1903 82.862518 34.872795
1968 -148.426056 54.733669
1914 -149.085175 52.195625
1924 -149.151031 53.209209
1906 82.856010 34.873524
1925 -149.813400 64.369301
1928 -149.772263 64.074112
1945 -147.716354 58.667225
1943 -147.465454 58.246891
1929 -150.043854 64.761757
2034 28.207863 216.849350
2035 30.602705 219.664017
2053 29.878632 219.464218
2125 30.197147 220.324265
1951 -149.640396 61.078041
1941 -149.807053 62.545422
1981 -150.200684 60.464851
2017 28.312067 217.370209
2048 28.250898 217.394012
1967 -149.521744 54.167217
1973 -148.134750 55.751110
1932 -149.677628 51.105507
1987 -149.632401 52.510868
1983 -149.547775 53.577351
1970 -148.600739 58.495419
1984 -149.066925 59.603260
2032 27.710402 218.618301
2050 27.739584 218.658676
1952 -147.391037 57.236187
1972 -147.864304 56.733665
1942 -147.149475 57.835503
1944 -147.204010 57.776768
2013 -149.917160 53.103024
1976 -150.453461 65.314850
1990 -150.233765 65.517143
1994 -150.068512 50.733284
1980 -150.629456 65.370247
1992 -150.176254 65.775528
2014 -150.113678 65.865959
1988 -150.151886 50.894924
2008 -150.656693 50.880203
2007 -150.690582 50.447346
1986 -151.427673 49.679260
2009 -151.470062 49.733002
1939 -150.936127 48.094685
1956 -151.405075 48.346474
1958 -151.973831 48.055241
1991 -151.427567 49.044250
1969 -149.860992 62.552147
1978 -149.862442 62.552979
1955 -147.003098 57.748119
1971 -146.910385 57.720501
1974 -148.998001 58.632236
1975 -148.206009 57.560371
1985 -149.457458 59.867775
1949 30.613224 219.666153
2056 30.613020 219.666367
1979 -150.213715 60.455975
1982 -149.858536 60.144558
2069 -151.340958 60.149181
1957 -152.155441 47.892792
1953 -152.171249 47.895790
1959 -152.245026 48.089634
1961 -152.171906 47.895531
2016 -146.900650 57.718498
1960 -152.578842 48.457661
2006 -152.776764 48.811756
2110 -152.900055 49.196266
2047 -29.179443 -36.989899
2051 -29.272348 -36.909912
2040 82.559006 38.074501
2002 -150.100891 65.957863
2015 -150.009964 66.096527
2039 16.584641 229.782669
2000 23.147863 217.491730
2001 24.385525 218.347687
2026 -150.006302 54.415569
2046 -150.450546 54.590054
1977 -150.785324 65.415451
2022 -149.369385 58.161514
2020 -149.660721 57.744141
2068 -151.387527 60.206593
2082 -151.348373 60.148945
2137 -152.063553 59.628906
2028 -150.389816 53.201870
2010 -151.221085 50.248989
2011 -151.668991 50.007286
2012 -151.140381 50.837399
2041 16.635679 229.697693
1996 25.736666 217.602005
1995 25.876762 217.657455
1997 25.737265 217.603577
2037 26.200005 218.356583
2038 26.679907 218.439056
2066 25.795935 218.731323
2064 25.099644 218.578583
2065 24.370947 218.422440
2070 24.377213 218.431168
2058 84.880737 40.112396
2042 -149.926910 66.241692
2104 -152.758606 49.981293
2111 -152.979279 49.137703
2025 -151.667953 51.456432
2072 -152.562668 50.102871
2099 -152.869156 50.362610
2021 -151.444427 51.992836
2112 -152.204391 51.356098
2036 -150.844849 53.304771
2074 14.582610 226.212463
2018 -149.874207 57.369804
2052 28.137308 218.617767
2019 -150.111252 56.959019
2023 -150.266434 56.511684
2024 -150.362335 56.051170
2030 -153.832306 55.143890
2077 -153.766403 55.082527
2029 -151.275238 52.423912
2031 -151.062073 52.869286
2027 -150.411316 55.601540
2043 -150.433151 55.057800
2113 -152.708786 51.233109
2045 -151.083450 53.933113
2083 -153.605026 54.932072
2049 27.200701 218.554657
2057 27.931042 218.954514
2054 29.362236 219.322342
2122 30.209127 220.310562
2126 29.910961 220.780579
2059 -151.665894 53.968369
2134 26.171326 219.272491
2080 16.740486 229.502533
2063 15.332458 227.390961
2073 14.962517 226.728470
2114 15.620110 227.870544
2081 17.124819 229.524078
2084 16.436462 229.121216
2079 14.759754 226.404846
2075 85.100395 40.278008
2085 -152.197540 53.978188
2071 -29.585352 -36.675949
2109 -29.197563 -36.950279
2055 28.813633 219.186554
2060 28.262463 219.222763
2062 27.595034 219.508423
2067 -29.584442 -36.674782
2097 -29.943850 -36.402142
2160 -29.209093 -36.941975
2061 28.566721 219.467148
2092 28.635958 220.487076
2131 27.338005 219.878082
2100 85.254318 40.400513
2095 -152.676666 53.939079
2129 28.448200 220.759933
2130 28.897987 220.801529
2132 26.742914 219.563400
2152 23.483082 229.133469
2094 15.120757 227.476822
2115 16.005287 228.343430
2119 16.059549 228.196259
2135 26.172932 219.253830
2158 26.170300 219.256592
2076 -151.405670 60.198772
2136 -152.390045 59.274429
2151 -152.113556 59.675774
2157 -152.119019 59.665680
2161 -29.852222 -35.961071
2185 -30.285942 -36.581402
2150 -153.307083 50.542683
2091 14.841515 226.408646
2078 85.248512 40.396206
2199 85.248383 40.396076
2086 -153.418808 54.755711
2087 -153.394684 54.734455
2088 17.492323 229.551788
2116 17.809298 229.445892
2093 14.621522 227.088760
2096 15.213372 226.019760
2089 -153.073166 54.376087
2090 -153.378906 54.742355
2102 -152.858154 53.540058
2101 -153.365021 54.737141
2124 18.120058 229.304840
2098 14.127558 227.441910
2133 15.622413 225.731216
2149 28.358177 221.409866
2128 29.390562 220.794342
2138 29.166559 221.224335
2142 13.793598 227.760284
2103 -153.054993 58.319103
2106 -153.017120 52.922733
2140 16.000593 225.572906
2230 -29.749025 -35.651684
2183 -30.623072 -36.815456
2144 13.659695 227.998352
2118 -153.186829 51.723969
2268 -153.677933 50.713097
2105 -153.084320 58.513805
2107 -152.731888 58.907085
2108 -153.354019 58.386108
2117 -153.110611 52.385872
2120 -153.685242 58.179935
2153 -153.930817 58.016178
2121 -34.315338 -36.551071
2123 -34.275204 -36.593197
2159 -34.174919 -36.689400
2146 -153.577484 51.577801
2141 16.695345 228.250687
2168 15.938780 228.264877
2127 17.745605 228.837051
2201 18.986280 229.657532
2247 -153.982147 51.369785
2162 17.278521 228.297211
2169 15.823338 228.268982
2203 -154.027176 57.964394
2173 -34.009838 -36.858002
2232 19.736324 230.019073
2143 29.920027 221.132629
2276 29.772181 221.597733
2188 17.407154 227.883865
2280 28.402267 221.919037
2148 29.404249 221.568069
2227 23.423254 229.288498
2166 16.548428 225.463684
2156 -152.102829 59.674118
2154 -152.111862 59.669739
2277 29.655859 221.874207
2145 19.088535 223.734818
2139 19.099213 223.730484
2155 18.920433 223.934036
2187 17.529854 224.332169
2179 17.232235 224.556610
2194 18.014761 224.338654
2170 16.976292 224.839172
2171 16.939325 226.070984
2147 13.661704 228.242630
2163 13.770187 228.476730
2198 18.581776 224.345230
2248 -154.115051 51.491783
2256 -154.067001 50.959690
2164 13.592364 228.513535
2167 14.318825 228.611603
2283 29.757540 222.576721
2286 28.541723 222.364197
2255 23.305742 229.554993
2205 -154.047836 57.951153
2320 18.571846 224.862808
2204 2.110643 239.940979
2223 2.069571 240.017532
2251 23.193678 229.820602
2252 23.189348 229.816605
2354 23.100960 230.149536
2210 -33.803745 -37.070469
2182 -30.974737 -37.043449
2228 -31.399387 -37.323174
2245 -29.617664 -35.378250
2186 16.844612 227.518509
2189 17.978790 227.759705
2165 13.573693 228.513138
2172 14.724043 228.604233
2180 15.726140 228.235703
2177 17.207037 224.780853
2175 16.858234 226.826080
2176 17.320387 225.904114
2174 14.738503 228.599518
2184 16.261065 227.900650
2178 17.217972 224.652237
2191 17.853439 225.347198
2181 16.844585 226.817154
2190 17.721651 225.676056
2222 -33.546448 -37.323658
2195 17.959538 225.739136
2279 18.291275 225.053223
2238 -31.929768 -37.683475
2202 94.036667 16.361179
2278 94.100807 16.359884
2192 18.354519 227.637527
2193 19.329464 230.832611
2197 18.532732 227.109924
2196 18.604132 226.506317
2226 19.586510 230.681229
2340 19.267487 231.435654
2244 19.876287 230.477722
2344 19.607203 231.444412
2347 18.936554 231.882462
2321 18.985056 226.309555
2334 19.162863 226.056595
2218 2.156371 240.011932
2341 18.796066 225.177612
2200 20.710756 229.791550
2250 20.675459 229.881714
2249 20.229017 229.941406
2289 21.017218 230.031326
2271 94.001717 16.328009
2300 94.488708 16.390514
2225 1.772990 239.729584
2243 2.205280 240.593765
2206 -0.644520 239.250656
2207 -0.131195 239.018784
2208 -1.080235 239.571091
2211 -0.516183 239.393051
2209 0.337339 238.973801
2216 -1.410605 240.039139
2212 -0.389322 239.612854
2213 0.725626 239.041367
2215 -1.440778 240.057800
2217 -1.511043 240.524658
2220 1.138888 239.231247
2235 -33.200500 -37.676029
2214 -0.219668 239.938126
2219 -0.059799 240.256439
2221 1.494856 239.455292
2229 0.087995 240.629623
2224 -154.344315 51.681599
2231 -1.374897 240.994141
2237 -0.758805 241.686829
2239 -0.299662 241.569962
2242 -0.840628 241.665283
2236 -154.270706 51.623672
2240 -0.906285 241.626266
2233 0.164081 241.062729
2259 -33.191223 -38.281971
2254 -33.713211 -38.600582
2258 -33.898140 -38.695892
2275 -33.567535 -38.672550
2338 2.274959 241.207336
2291 20.358727 230.751389
2288 28.375702 222.448563
2287 28.460033 222.404358
2261 -31.987223 -37.754131
2269 -32.109772 -38.088287
2241 0.132994 241.394775
2253 -29.565891 -35.282505
2262 92.646767 25.466459
2352 -0.526697 241.949066
2246 0.364559 241.697998
2234 92.640244 25.476385
2266 92.882828 25.697638
2267 92.614510 25.158379
2264 -32.379406 -37.913143
2272 -33.039394 -38.724255
2260 -32.161964 -37.830502
2265 -32.245888 -37.985538
2270 93.895958 16.296309
2274 -32.493149 -38.435268
2357 -51.721603 154.539902
2361 -0.004299 242.147507
2355 0.510618 241.948715
2353 1.747029 241.541779
2386 2.728669 241.577942
2292 20.134521 231.170853
2296 21.298967 230.429382
2295 -29.564554 -35.289700
2360 0.606505 242.171799
2257 -154.485519 50.767010
2290 21.394909 230.283600
2314 22.363798 230.247757
2363 24.029890 230.539581
2263 -33.903831 -38.693813
2281 -33.310703 -38.693062
2336 -154.760254 50.621857
2337 -154.774826 50.604431
2358 -154.882401 50.543633
2293 -32.669186 -38.977539
2322 93.116402 25.849707
2298 92.638283 24.838137
2330 93.386734 25.961311
2299 92.421150 24.741199
2325 93.067589 24.668032
2294 -32.680786 -38.952595
2324 -32.491562 -39.474590
2284 30.294857 222.816177
2273 30.293404 222.826172
2375 30.756578 223.105743
2282 29.253403 222.974045
2306 94.948509 16.434559
2285 28.885275 222.660934
2383 29.292339 223.673874
2557 29.388542 224.294022
2378 30.817705 223.083801
2598 31.096853 223.518387
2379 30.052685 227.180038
2380 29.987858 227.209366
2356 23.966358 230.553543
2364 23.992702 230.541519
2297 21.645088 230.348526
2388 21.650358 230.335281
2345 19.899258 231.457352
2394 19.942076 231.552048
2323 -32.512096 -39.451813
2333 -32.410507 -39.700367
2307 95.836174 17.020170
2311 95.872162 17.099623
2302 92.305931 24.668228
2315 94.674072 14.672861
2318 94.673103 14.722849
2328 93.507477 24.567585
2301 92.284027 24.673944
2304 95.298752 16.644915
2305 94.912750 15.861413
2310 95.158844 16.946861
2327 93.645973 24.413261
2303 94.533569 14.459388
2316 94.579025 14.543527
2308 95.627831 16.885042
2309 94.851273 15.342770
2317 94.766006 14.991715
2335 95.447586 17.554535
2312 96.618851 17.388683
2313 95.663216 17.330715
2374 95.618713 18.472029
2348 96.938843 17.618954
2349 97.126244 17.876375
2319 94.671654 14.720900
2400 94.345734 21.018095
2409 94.405266 20.981857
2343 18.941902 225.464996
2342 19.096512 225.749771
2391 19.167889 226.055283
2392 18.659134 232.251694
2326 93.442841 25.512020
2332 93.569679 26.410580
2339 -32.360172 -39.806126
2329 93.509583 25.039413
2331 93.899757 24.029633
2399 94.251640 23.547581
2365 93.734238 26.808458
2415 94.654091 22.996058
2367 93.893135 27.165800
2346 -32.358856 -39.811142
2370 96.287933 18.596567
2376 95.218765 18.975348
2382 99.409477 20.176601
2381 99.321106 20.109848
2359 1.213198 241.858994
2432 3.131825 241.923248
2389 18.155849 232.934845
2418 18.118334 232.959824
2448 19.943054 231.560242
2350 97.637840 17.973627
2351 96.751244 18.172024
2417 18.394518 232.591797
2404 97.984612 18.083433
2419 98.332649 18.267513
2403 96.436935 19.137796
2369 -51.795368 154.606949
2372 24.835871 230.821243
2362 0.710872 242.762833
2393 30.093336 229.234512
2538 30.023575 229.290192
2384 -51.970909 154.767715
2385 0.789486 243.275116
2436 0.871554 243.774124
2387 24.827595 231.063248
2390 25.538164 230.746002
2368 93.889153 27.193439
2371 94.107414 27.518969
2366 93.898552 27.211468
2398 94.276543 27.799284
2427 -52.217327 155.006744
2422 96.622047 19.494934
2402 94.456581 28.070951
2548 24.828012 231.247543
2405 26.056076 230.695160
2395 94.352486 20.102512
2373 94.205460 20.328909
2401 94.592979 19.982162
2396 94.177925 20.579397
2397 94.906189 19.435768
2377 30.824306 223.095276
2603 31.275587 223.832001
2543 29.886339 227.251587
2550 29.775293 227.292862
2466 99.165260 19.993820
2477 98.896729 19.836319
2562 29.560846 224.917419
2429 -52.624779 154.959915
2430 -52.170349 155.376953
2445 0.924407 244.238403
2438 3.572639 242.362610
2546 24.793858 231.328003
2554 24.820850 231.249252
2482 36.770584 -28.161074
2500 36.826237 -28.242109
2428 18.136162 232.955246
2508 17.722710 233.375870
2420 26.524372 230.654099
2555 26.072121 230.679626
2560 29.899462 229.376068
2440 94.614708 20.373301
2410 94.594872 21.145168
2406 94.617821 28.293489
2412 94.829552 22.489372
2414 94.880630 22.901869
2434 94.617958 20.384840
2507 94.606239 20.776907
2407 94.605171 28.281132
2408 94.719887 28.422699
2423 96.822327 19.819361
2424 98.626717 18.500580
2540 26.949659 230.613007
2567 -39.818314 205.877258
2413 94.772713 28.486467
2624 94.776009 28.488770
2411 94.997749 21.995228
2619 95.524940 22.006109
2618 95.417130 22.260679
2620 96.062027 21.669149
2416 95.105812 22.831568
2556 95.099167 22.767147
2610 95.302986 22.542675
2501 16.405909 234.663071
2513 16.439463 234.629105
2479 18.144674 232.943451
2527 17.342611 233.767044
2425 98.722466 18.446283
2426 98.796249 18.940210
2549 27.372849 230.562653
2421 98.805908 18.382652
2433 97.037903 20.183069
2615 97.219284 20.515123
2475 98.884331 19.359034
2446 -53.009468 154.995895
2447 -52.227013 155.789978
2450 -53.473156 155.257492
2455 -52.563377 156.484070
2435 3.009628 243.359863
2431 3.271951 242.841934
2437 2.873744 243.729218
2441 3.917299 242.684998
2444 3.904713 242.141922
2616 96.862434 20.971088
2621 97.677979 20.421638
2439 2.185004 243.954102
2442 3.367024 243.846725
2443 1.605928 244.093460
2449 0.780017 244.914673
2459 0.406522 244.271317
2536 3.835616 243.882675
2483 4.221245 242.965897
2496 4.324830 241.960480
2542 4.565253 243.239029
2539 4.398111 243.804230
2491 4.648303 241.897781
2503 0.607449 245.416229
2465 -0.045057 244.273560
2452 -52.986431 155.800842
2456 -53.855328 155.085205
2463 -53.711998 155.481888
2453 -52.758923 156.166656
2454 -52.525494 156.937820
2462 -52.949635 156.624542
2451 36.904282 -30.694838
2460 36.974064 -30.606464
2510 0.400236 245.938354
2478 -54.098122 155.068375
2492 -53.823841 155.817871
2457 36.977886 -30.601715
2461 36.907425 -30.685446
2464 37.223854 -30.270794
2467 -52.644825 157.487289
2468 -52.875977 157.950180
2489 -53.388569 156.762833
2487 -54.320492 155.191025
2458 15.479630 235.574677
2471 15.561532 235.497314
2474 15.697653 235.367569
2480 -0.364821 244.271362
2497 36.911430 -30.679832
2534 37.460938 -29.914629
2490 -53.376122 157.045807
2493 -53.549713 156.563690
2498 -53.433640 156.788147
2486 -54.079086 155.498306
2521 37.270992 -29.308350
2535 37.561386 -29.979832
2611 37.563114 -30.030222
2484 -0.438729 244.281586
2485 -0.476838 244.226166
2476 98.958023 19.865532
2481 98.457199 20.119787
2470 -52.890015 157.949326
2472 -53.057713 157.894058
2473 -53.060616 158.080658
2499 -53.229637 157.757675
2537 -53.169247 157.968781
2469 99.010803 19.883064
2494 15.879606 235.186859
2639 -53.169487 157.982971
2514 16.153082 234.913345
2622 98.081093 20.296120
2502 -54.348042 155.184265
2488 4.668795 241.897903
2506 4.934217 242.031204
2524 -0.445260 244.271408
2505 -0.467788 244.218811
2504 -38.004051 207.293884
2509 36.943996 -28.426912
2541 4.835459 242.706985
2585 4.645761 243.325943
2495 17.367073 233.780167
2519 17.355106 233.775894
2525 5.107453 242.170776
2531 -38.076313 207.220413
2532 37.097954 -28.719660
2512 16.753138 234.329834
2529 16.439243 234.618622
2511 0.530638 246.103821
2516 0.478831 246.061462
2515 0.439008 246.010818
2517 0.164128 246.296127
2547 -38.206253 207.082626
2523 -0.313803 246.973328
2520 -0.349331 247.017715
2526 -0.082272 246.639297
2530 -0.442597 247.121429
2522 5.363062 241.951355
2614 96.483147 21.372906
2528 17.079163 234.016754
2544 37.113541 -28.676476
2551 16.436155 234.614578
2518 -0.353449 247.018036
2576 5.467753 241.832642
2636 5.461966 241.820877
2587 -0.510619 247.196625
2588 -0.510952 247.192734
2558 -38.408272 206.857971
2626 37.105938 -28.665333
2533 37.569912 -29.997772
2628 37.561100 -30.035240
2594 4.768490 244.209137
2572 29.768415 229.477798
2596 5.075653 244.527618
2559 27.775360 230.503723
2642 4.646441 243.314133
2552 29.748903 227.841476
2553 29.686586 226.728745
2545 24.750565 231.422302
2561 -38.730213 206.518158
2569 28.249395 230.419556
2574 29.744167 228.387787
2575 29.631437 226.195374
2571 29.754694 228.919342
2564 29.593678 225.521408
2565 -39.192982 206.316177
2580 -38.657082 206.227234
2566 -40.135426 205.975525
2568 -39.517265 206.085785
2583 -39.466434 205.528366
2629 95.309570 22.547127
2563 29.985151 224.886169
2581 29.398926 224.862259
2579 28.766903 230.302979
2573 29.449430 229.730347
2582 29.899315 229.844406
2595 -38.778347 205.845428
2606 30.353369 224.804504
2634 29.321552 224.825912
2605 30.701225 224.653641
2570 -40.148083 205.967361
2591 -39.102367 205.387848
2577 29.087332 230.033386
2578 28.765793 230.296982
2584 29.361813 230.304794
2586 29.866699 230.279999
2632 -38.757435 205.863617
2635 29.314020 224.797943
2589 30.288515 230.609390
2593 -39.290245 205.113052
2617 -38.986176 205.151367
2609 30.585810 230.829468
2590 5.311462 244.791458
2597 5.410136 244.879227
2592 -39.473366 204.830399
2613 30.738382 230.959396
2599 5.507044 244.971527
2607 5.637558 245.099976
2623 -38.918488 205.074875
2627 -38.983494 205.160309
2640 5.513018 244.974625
2641 5.659418 245.116699
2601 31.403341 223.838745
2602 31.132957 224.179840
2600 31.412134 223.847519
2604 30.963987 224.413574
2608 30.747753 224.687408
2612 30.736267 224.695663
2637 30.758665 230.972748
2638 30.759413 230.973251
2630 96.860405 20.986084
2631 96.063347 21.664101
2633 97.687386 20.417276
2625 -38.910378 205.087158
