1 323
1 324
1 327
1 328
1 393
1 333
1 402
1 400
1 360
1 370
1 377
1 316
323 3
323 6
323 11
323 12
323 16
323 17
323 18
323 19
323 26
323 27
323 30
323 31
323 32
323 34
323 36
323 39
323 40
323 48
323 50
323 51
323 53
323 56
323 61
323 66
323 67
323 75
323 76
323 78
323 79
323 80
323 82
323 86
323 90
323 91
323 100
323 103
323 104
323 106
323 111
323 117
323 119
323 120
323 121
323 122
323 126
323 128
323 131
323 134
323 143
323 144
323 148
323 149
323 152
323 156
323 159
323 163
323 164
323 171
323 173
323 176
323 179
323 185
323 186
323 187
323 188
323 194
323 195
323 196
323 197
323 198
323 200
323 203
323 206
323 208
323 209
323 210
323 214
323 217
323 218
323 220
323 221
323 222
323 226
323 231
323 232
323 237
323 239
323 240
323 244
323 248
323 249
323 255
323 256
323 258
323 259
323 260
323 263
323 267
323 268
323 270
323 273
323 275
323 276
323 277
323 278
323 283
323 290
323 291
323 294
323 299
323 301
323 305
323 314
323 315
324 2
324 3
324 4
324 6
324 8
324 11
324 12
324 14
324 15
324 16
324 17
324 18
324 19
324 21
324 22
324 23
324 24
324 25
324 26
324 27
324 28
324 29
324 31
324 32
324 33
324 34
324 35
324 36
324 37
324 38
324 39
324 40
324 41
324 43
324 44
324 45
324 48
324 50
324 51
324 52
324 53
324 54
324 57
324 58
324 59
324 60
324 61
324 62
324 64
324 65
324 66
324 67
324 69
324 70
324 71
324 72
324 73
324 75
324 76
324 79
324 81
324 82
324 83
324 89
324 90
324 91
324 92
324 93
324 95
324 96
324 97
324 98
324 99
324 100
324 101
324 102
324 103
324 104
324 105
324 106
324 107
324 108
324 109
324 110
324 111
324 112
324 113
324 114
324 115
324 117
324 118
324 119
324 121
324 122
324 125
324 126
324 128
324 130
324 133
324 134
324 138
324 139
324 141
324 142
324 143
324 144
324 145
324 146
324 147
324 148
324 149
324 150
324 151
324 152
324 153
324 155
324 156
324 157
324 159
324 160
324 161
324 163
324 164
324 165
324 167
324 168
324 169
324 170
324 171
324 172
324 174
324 175
324 176
324 178
324 179
324 181
324 182
324 183
324 184
324 185
324 186
324 187
324 188
324 189
324 193
324 194
324 195
324 196
324 197
324 198
324 199
324 202
324 203
324 204
324 206
324 207
324 208
324 209
324 210
324 211
324 212
324 213
324 214
324 215
324 217
324 218
324 219
324 220
324 221
324 222
324 224
324 225
324 226
324 227
324 229
324 230
324 231
324 232
324 234
324 236
324 237
324 238
324 241
324 242
324 244
324 246
324 248
324 249
324 250
324 251
324 253
324 254
324 255
324 256
324 258
324 260
324 262
324 263
324 264
324 265
324 266
324 267
324 268
324 269
324 270
324 271
324 272
324 273
324 274
324 275
324 276
324 277
324 278
324 280
324 281
324 283
324 284
324 285
324 288
324 289
324 290
324 291
324 292
324 295
324 297
324 298
324 299
324 301
324 302
324 303
324 304
324 305
324 306
324 307
324 308
324 313
324 314
324 315
327 4
327 6
327 7
327 11
327 12
327 14
327 16
327 17
327 18
327 19
327 22
327 25
327 26
327 27
327 30
327 31
327 32
327 35
327 36
327 38
327 40
327 43
327 44
327 50
327 53
327 56
327 57
327 58
327 60
327 61
327 63
327 64
327 65
327 66
327 67
327 68
327 70
327 71
327 73
327 75
327 79
327 82
327 86
327 89
327 90
327 92
327 93
327 94
327 95
327 97
327 99
327 100
327 103
327 106
327 108
327 109
327 110
327 111
327 119
327 122
327 123
327 124
327 126
327 127
327 128
327 129
327 131
327 134
327 135
327 143
327 146
327 148
327 155
327 156
327 157
327 159
327 163
327 164
327 167
327 168
327 169
327 171
327 174
327 178
327 179
327 182
327 186
327 187
327 188
327 189
327 193
327 194
327 196
327 197
327 198
327 200
327 203
327 204
327 206
327 207
327 208
327 209
327 212
327 213
327 214
327 218
327 219
327 220
327 221
327 224
327 230
327 233
327 237
327 242
327 244
327 245
327 247
327 248
327 253
327 258
327 260
327 261
327 262
327 263
327 264
327 265
327 266
327 267
327 268
327 270
327 271
327 273
327 275
327 277
327 278
327 280
327 284
327 285
327 286
327 288
327 290
327 294
327 297
327 298
327 299
327 301
327 302
327 303
327 304
327 308
327 313
327 315
328 2
328 3
328 4
328 5
328 6
328 7
328 12
328 14
328 18
328 22
328 25
328 26
328 27
328 30
328 31
328 35
328 36
328 40
328 41
328 43
328 44
328 46
328 48
328 49
328 50
328 51
328 52
328 53
328 56
328 59
328 60
328 61
328 63
328 66
328 67
328 68
328 72
328 75
328 81
328 82
328 84
328 88
328 89
328 90
328 91
328 92
328 93
328 94
328 95
328 97
328 103
328 106
328 110
328 111
328 114
328 116
328 117
328 120
328 122
328 124
328 125
328 126
328 128
328 129
328 131
328 135
328 143
328 148
328 149
328 152
328 159
328 160
328 163
328 168
328 169
328 176
328 178
328 182
328 185
328 186
328 188
328 189
328 193
328 195
328 196
328 198
328 205
328 206
328 207
328 208
328 214
328 215
328 219
328 221
328 226
328 227
328 231
328 232
328 240
328 242
328 244
328 245
328 247
328 248
328 251
328 253
328 255
328 258
328 260
328 262
328 265
328 268
328 274
328 275
328 278
328 280
328 288
328 290
328 291
328 294
328 298
328 299
328 301
328 303
328 304
328 315
393 10
393 12
393 21
393 30
393 36
393 49
393 50
393 51
393 52
393 60
393 89
393 93
393 97
393 110
393 120
393 131
393 138
393 153
393 163
393 190
393 196
393 198
393 232
393 268
393 272
393 275
393 281
393 291
393 297
393 301
393 303
393 304
393 315
333 2
333 3
333 4
333 5
333 8
333 10
333 11
333 12
333 13
333 14
333 15
333 16
333 18
333 19
333 21
333 22
333 25
333 27
333 28
333 30
333 31
333 32
333 33
333 34
333 35
333 36
333 37
333 38
333 39
333 41
333 42
333 43
333 44
333 45
333 46
333 48
333 49
333 51
333 52
333 53
333 54
333 55
333 56
333 57
333 58
333 59
333 61
333 62
333 64
333 65
333 66
333 67
333 69
333 70
333 71
333 72
333 73
333 75
333 76
333 77
333 78
333 79
333 81
333 82
333 83
333 84
333 86
333 87
333 88
333 89
333 90
333 91
333 92
333 93
333 94
333 95
333 96
333 97
333 99
333 100
333 101
333 102
333 103
333 104
333 105
333 106
333 108
333 109
333 111
333 112
333 113
333 115
333 117
333 118
333 119
333 120
333 121
333 122
333 123
333 124
333 125
333 126
333 129
333 131
333 133
333 134
333 137
333 138
333 139
333 141
333 143
333 144
333 145
333 146
333 147
333 148
333 149
333 150
333 151
333 153
333 154
333 155
333 157
333 158
333 159
333 160
333 161
333 163
333 164
333 165
333 167
333 168
333 169
333 170
333 172
333 175
333 176
333 178
333 181
333 182
333 184
333 185
333 186
333 187
333 188
333 189
333 191
333 193
333 194
333 195
333 196
333 197
333 198
333 200
333 202
333 203
333 204
333 205
333 206
333 208
333 209
333 210
333 211
333 212
333 213
333 214
333 216
333 217
333 218
333 219
333 221
333 222
333 223
333 224
333 225
333 226
333 227
333 230
333 231
333 232
333 233
333 236
333 237
333 238
333 240
333 241
333 242
333 243
333 245
333 246
333 247
333 248
333 250
333 251
333 252
333 254
333 255
333 258
333 260
333 264
333 265
333 266
333 267
333 268
333 269
333 270
333 271
333 272
333 273
333 275
333 277
333 278
333 279
333 280
333 283
333 284
333 285
333 286
333 288
333 290
333 291
333 294
333 295
333 298
333 299
333 301
333 302
333 303
333 304
333 305
333 307
333 308
333 310
333 311
333 313
333 314
333 315
402 12
402 18
402 27
402 30
402 37
402 38
402 39
402 40
402 43
402 49
402 50
402 53
402 57
402 61
402 71
402 75
402 91
402 93
402 100
402 104
402 105
402 110
402 120
402 131
402 143
402 155
402 159
402 160
402 163
402 169
402 171
402 172
402 174
402 178
402 182
402 188
402 198
402 202
402 210
402 216
402 219
402 247
402 258
402 260
402 264
402 268
402 273
402 274
402 278
402 291
402 295
400 12
400 14
400 25
400 30
400 42
400 49
400 50
400 79
400 82
400 91
400 97
400 120
400 122
400 128
400 143
400 163
400 168
400 178
400 185
400 188
400 199
400 204
400 206
400 214
400 219
400 224
400 232
400 245
400 248
400 253
400 260
400 273
400 277
400 290
400 291
360 3
360 4
360 6
360 12
360 17
360 18
360 19
360 26
360 27
360 30
360 36
360 39
360 40
360 44
360 48
360 49
360 50
360 53
360 56
360 58
360 61
360 62
360 66
360 90
360 91
360 93
360 94
360 95
360 97
360 99
360 100
360 103
360 111
360 113
360 114
360 118
360 120
360 126
360 128
360 131
360 133
360 143
360 147
360 152
360 159
360 160
360 164
360 167
360 168
360 171
360 178
360 179
360 185
360 187
360 188
360 191
360 195
360 196
360 197
360 198
360 203
360 204
360 206
360 207
360 209
360 210
360 219
360 221
360 225
360 226
360 232
360 253
360 256
360 260
360 263
360 265
360 266
360 268
360 270
360 277
360 278
360 290
360 291
360 299
360 303
360 308
360 315
370 2
370 4
370 6
370 7
370 10
370 11
370 12
370 17
370 19
370 25
370 26
370 27
370 30
370 31
370 32
370 34
370 36
370 38
370 39
370 48
370 49
370 50
370 53
370 54
370 56
370 57
370 58
370 60
370 61
370 63
370 65
370 66
370 67
370 72
370 76
370 78
370 82
370 84
370 86
370 90
370 91
370 93
370 94
370 95
370 97
370 100
370 103
370 107
370 110
370 111
370 118
370 120
370 122
370 123
370 125
370 126
370 133
370 135
370 143
370 147
370 149
370 152
370 157
370 160
370 163
370 164
370 165
370 167
370 168
370 170
370 171
370 173
370 176
370 178
370 179
370 181
370 185
370 186
370 187
370 188
370 189
370 193
370 194
370 195
370 196
370 197
370 198
370 200
370 201
370 203
370 207
370 208
370 209
370 210
370 215
370 218
370 219
370 221
370 222
370 223
370 226
370 230
370 231
370 232
370 244
370 245
370 246
370 247
370 251
370 253
370 258
370 260
370 262
370 263
370 265
370 266
370 268
370 270
370 273
370 275
370 277
370 284
370 287
370 290
370 291
370 298
370 299
370 303
370 305
370 307
370 308
370 309
370 312
370 315
377 2
377 4
377 5
377 6
377 9
377 10
377 11
377 12
377 14
377 16
377 17
377 18
377 19
377 20
377 22
377 23
377 26
377 27
377 28
377 30
377 31
377 32
377 33
377 35
377 36
377 38
377 39
377 40
377 41
377 42
377 43
377 44
377 47
377 50
377 51
377 52
377 53
377 55
377 56
377 57
377 58
377 60
377 61
377 63
377 65
377 66
377 67
377 70
377 72
377 75
377 77
377 79
377 81
377 83
377 85
377 88
377 90
377 91
377 92
377 93
377 95
377 97
377 98
377 101
377 102
377 103
377 104
377 107
377 108
377 109
377 110
377 111
377 112
377 116
377 117
377 118
377 120
377 122
377 128
377 129
377 131
377 132
377 133
377 134
377 137
377 139
377 140
377 143
377 144
377 148
377 151
377 152
377 153
377 156
377 157
377 159
377 161
377 163
377 164
377 165
377 167
377 168
377 169
377 171
377 172
377 174
377 175
377 177
377 179
377 181
377 182
377 185
377 186
377 187
377 191
377 194
377 195
377 196
377 197
377 198
377 200
377 202
377 204
377 205
377 206
377 208
377 211
377 214
377 216
377 218
377 219
377 220
377 221
377 222
377 226
377 228
377 231
377 232
377 234
377 237
377 240
377 241
377 244
377 245
377 247
377 248
377 253
377 258
377 259
377 260
377 261
377 262
377 263
377 264
377 265
377 266
377 268
377 269
377 270
377 272
377 273
377 274
377 275
377 276
377 277
377 278
377 279
377 280
377 281
377 284
377 287
377 289
377 290
377 291
377 292
377 294
377 295
377 299
377 300
377 301
377 303
377 305
377 306
377 307
377 308
377 313
377 314
377 315
316 2
316 3
316 6
316 10
316 11
316 12
316 14
316 15
316 18
316 19
316 21
316 22
316 23
316 25
316 27
316 28
316 31
316 32
316 34
316 37
316 38
316 39
316 44
316 45
316 48
316 49
316 50
316 52
316 53
316 54
316 55
316 56
316 57
316 58
316 59
316 60
316 62
316 64
316 65
316 66
316 67
316 68
316 69
316 70
316 73
316 75
316 76
316 77
316 82
316 83
316 86
316 88
316 90
316 91
316 94
316 95
316 100
316 103
316 106
316 111
316 113
316 114
316 115
316 118
316 121
316 123
316 124
316 129
316 131
316 134
316 144
316 151
316 158
316 159
316 160
316 161
316 165
316 171
316 176
316 178
316 179
316 185
316 187
316 189
316 193
316 194
316 195
316 196
316 197
316 200
316 205
316 206
316 207
316 210
316 214
316 217
316 219
316 221
316 222
316 223
316 224
316 228
316 231
316 232
316 236
316 243
316 244
316 245
316 248
316 249
316 250
316 251
316 252
316 254
316 258
316 260
316 263
316 264
316 270
316 271
316 272
316 273
316 275
316 277
316 280
316 282
316 289
316 290
316 291
316 297
316 298
316 299
316 301
316 303
316 314
316 315
2 354
2 331
2 365
2 408
2 338
2 371
2 340
2 341
2 344
2 378
2 350
2 405
354 3
354 7
354 9
354 12
354 17
354 19
354 25
354 26
354 28
354 30
354 40
354 43
354 51
354 52
354 56
354 57
354 61
354 65
354 66
354 74
354 78
354 79
354 85
354 90
354 91
354 97
354 100
354 101
354 107
354 118
354 120
354 121
354 122
354 123
354 126
354 128
354 131
354 138
354 155
354 156
354 157
354 159
354 164
354 168
354 169
354 176
354 179
354 182
354 186
354 187
354 196
354 197
354 203
354 204
354 206
354 217
354 218
354 230
354 236
354 247
354 248
354 250
354 252
354 254
354 255
354 258
354 260
354 262
354 263
354 265
354 268
354 269
354 272
354 278
354 285
354 287
354 291
354 294
354 295
354 299
354 301
354 303
354 314
354 315
331 3
331 4
331 6
331 11
331 12
331 14
331 17
331 19
331 25
331 26
331 27
331 31
331 34
331 36
331 39
331 40
331 44
331 45
331 48
331 49
331 52
331 53
331 56
331 60
331 61
331 62
331 63
331 64
331 66
331 67
331 71
331 75
331 76
331 77
331 82
331 88
331 89
331 90
331 91
331 97
331 98
331 100
331 102
331 103
331 104
331 106
331 108
331 109
331 110
331 117
331 119
331 121
331 122
331 128
331 131
331 138
331 143
331 144
331 146
331 148
331 152
331 155
331 156
331 157
331 159
331 160
331 163
331 164
331 167
331 168
331 169
331 171
331 176
331 178
331 179
331 182
331 184
331 185
331 186
331 187
331 188
331 191
331 192
331 193
331 194
331 195
331 196
331 197
331 198
331 200
331 203
331 204
331 206
331 208
331 209
331 210
331 211
331 214
331 218
331 219
331 221
331 222
331 226
331 227
331 228
331 232
331 237
331 240
331 243
331 244
331 247
331 248
331 251
331 252
331 253
331 255
331 256
331 257
331 258
331 259
331 260
331 266
331 268
331 272
331 273
331 274
331 276
331 277
331 279
331 283
331 290
331 291
331 294
331 299
331 301
331 302
331 304
331 305
331 307
331 308
331 314
331 315
365 3
365 5
365 9
365 11
365 13
365 17
365 19
365 21
365 24
365 25
365 26
365 27
365 30
365 31
365 50
365 51
365 52
365 56
365 58
365 63
365 65
365 66
365 72
365 77
365 78
365 80
365 81
365 82
365 83
365 84
365 86
365 90
365 91
365 93
365 107
365 113
365 118
365 120
365 125
365 128
365 129
365 131
365 135
365 136
365 138
365 141
365 143
365 144
365 145
365 147
365 149
365 163
365 164
365 165
365 167
365 171
365 176
365 179
365 181
365 183
365 185
365 186
365 188
365 195
365 196
365 197
365 199
365 200
365 201
365 204
365 206
365 213
365 214
365 219
365 221
365 222
365 224
365 230
365 232
365 245
365 248
365 249
365 253
365 257
365 260
365 262
365 263
365 265
365 267
365 268
365 269
365 272
365 273
365 277
365 278
365 281
365 284
365 285
365 290
365 291
365 296
365 299
365 301
365 303
365 309
365 310
365 313
408 3
408 4
408 10
408 11
408 16
408 17
408 19
408 23
408 26
408 31
408 33
408 40
408 45
408 52
408 53
408 56
408 61
408 63
408 72
408 75
408 81
408 84
408 86
408 88
408 91
408 93
408 99
408 111
408 113
408 114
408 117
408 120
408 125
408 131
408 133
408 138
408 139
408 143
408 144
408 148
408 156
408 157
408 159
408 161
408 163
408 165
408 168
408 170
408 171
408 175
408 179
408 186
408 188
408 190
408 194
408 195
408 196
408 197
408 200
408 203
408 206
408 214
408 218
408 219
408 226
408 227
408 232
408 237
408 241
408 243
408 245
408 249
408 255
408 256
408 258
408 259
408 260
408 263
408 268
408 269
408 273
408 277
408 278
408 279
408 283
408 285
408 289
408 290
408 291
408 294
408 301
408 302
408 303
408 304
408 305
408 307
408 315
338 3
338 6
338 12
338 17
338 19
338 25
338 26
338 27
338 30
338 31
338 45
338 48
338 51
338 52
338 53
338 57
338 58
338 61
338 63
338 65
338 75
338 91
338 97
338 100
338 107
338 108
338 114
338 117
338 118
338 120
338 125
338 126
338 128
338 129
338 135
338 143
338 144
338 149
338 156
338 159
338 163
338 167
338 171
338 175
338 179
338 185
338 187
338 188
338 195
338 196
338 197
338 200
338 204
338 206
338 218
338 219
338 221
338 232
338 237
338 244
338 245
338 247
338 256
338 258
338 260
338 263
338 265
338 269
338 273
338 278
338 290
338 291
338 299
338 303
338 315
371 3
371 4
371 6
371 9
371 10
371 11
371 12
371 14
371 16
371 17
371 18
371 19
371 22
371 23
371 24
371 25
371 26
371 27
371 31
371 34
371 36
371 38
371 40
371 44
371 45
371 46
371 50
371 51
371 52
371 53
371 54
371 56
371 57
371 61
371 63
371 64
371 65
371 66
371 70
371 71
371 72
371 73
371 75
371 76
371 77
371 82
371 84
371 88
371 89
371 90
371 91
371 97
371 100
371 108
371 109
371 110
371 112
371 113
371 115
371 117
371 120
371 122
371 124
371 125
371 126
371 128
371 129
371 131
371 133
371 134
371 135
371 138
371 139
371 140
371 143
371 146
371 148
371 149
371 150
371 153
371 156
371 159
371 163
371 164
371 165
371 167
371 171
371 176
371 179
371 185
371 187
371 189
371 193
371 194
371 196
371 197
371 198
371 199
371 200
371 203
371 204
371 206
371 211
371 212
371 214
371 217
371 220
371 221
371 222
371 223
371 224
371 228
371 229
371 230
371 231
371 232
371 234
371 239
371 242
371 245
371 246
371 247
371 249
371 251
371 252
371 253
371 254
371 256
371 258
371 259
371 261
371 262
371 263
371 265
371 268
371 273
371 275
371 278
371 280
371 283
371 285
371 290
371 291
371 303
371 304
371 305
371 315
340 4
340 11
340 12
340 17
340 18
340 19
340 25
340 26
340 27
340 30
340 31
340 36
340 40
340 45
340 46
340 51
340 53
340 56
340 57
340 61
340 65
340 66
340 72
340 75
340 79
340 81
340 90
340 92
340 97
340 99
340 110
340 114
340 117
340 118
340 120
340 123
340 126
340 128
340 129
340 131
340 133
340 135
340 143
340 144
340 148
340 159
340 163
340 164
340 171
340 174
340 175
340 179
340 181
340 185
340 186
340 187
340 188
340 194
340 195
340 196
340 200
340 204
340 206
340 218
340 219
340 222
340 226
340 228
340 230
340 237
340 241
340 244
340 245
340 253
340 255
340 258
340 260
340 262
340 263
340 264
340 265
340 268
340 269
340 271
340 277
340 278
340 285
340 290
340 291
340 301
340 303
340 307
340 310
340 315
341 4
341 11
341 12
341 19
341 26
341 30
341 33
341 50
341 51
341 52
341 53
341 56
341 60
341 61
341 63
341 75
341 81
341 88
341 90
341 97
341 99
341 100
341 107
341 109
341 111
341 114
341 117
341 118
341 120
341 126
341 131
341 133
341 135
341 138
341 148
341 156
341 159
341 163
341 167
341 171
341 179
341 181
341 186
341 187
341 188
341 190
341 196
341 197
341 206
341 214
341 219
341 226
341 228
341 245
341 246
341 247
341 253
341 255
341 259
341 260
341 263
341 265
341 268
341 269
341 277
341 278
341 279
341 283
341 285
341 290
341 291
341 294
341 301
341 302
341 303
341 305
341 307
341 314
344 4
344 5
344 10
344 11
344 12
344 14
344 16
344 18
344 19
344 21
344 25
344 26
344 27
344 30
344 31
344 32
344 33
344 39
344 45
344 46
344 49
344 50
344 51
344 52
344 53
344 56
344 57
344 58
344 61
344 63
344 65
344 66
344 72
344 75
344 77
344 79
344 81
344 84
344 86
344 88
344 89
344 90
344 91
344 94
344 96
344 97
344 100
344 102
344 105
344 107
344 108
344 109
344 110
344 111
344 114
344 117
344 118
344 120
344 122
344 123
344 125
344 126
344 128
344 129
344 131
344 133
344 135
344 138
344 139
344 143
344 144
344 146
344 148
344 149
344 159
344 161
344 163
344 164
344 167
344 169
344 171
344 174
344 176
344 178
344 179
344 181
344 184
344 185
344 186
344 187
344 188
344 190
344 194
344 195
344 196
344 197
344 200
344 203
344 204
344 206
344 208
344 211
344 213
344 214
344 218
344 219
344 228
344 231
344 237
344 243
344 244
344 246
344 247
344 249
344 252
344 253
344 256
344 259
344 262
344 263
344 265
344 268
344 269
344 273
344 277
344 278
344 279
344 281
344 282
344 283
344 284
344 285
344 290
344 291
344 294
344 298
344 299
344 301
344 302
344 303
344 304
344 305
344 307
344 310
344 315
378 6
378 12
378 14
378 18
378 26
378 30
378 36
378 44
378 50
378 64
378 66
378 71
378 75
378 79
378 90
378 91
378 97
378 106
378 107
378 111
378 118
378 120
378 124
378 126
378 131
378 133
378 134
378 140
378 155
378 159
378 163
378 164
378 182
378 185
378 187
378 188
378 189
378 197
378 203
378 206
378 214
378 218
378 219
378 221
378 232
378 242
378 248
378 258
378 260
378 263
378 265
378 268
378 274
378 277
378 278
378 290
378 297
378 303
378 315
350 10
350 16
350 17
350 21
350 30
350 31
350 34
350 40
350 45
350 50
350 51
350 52
350 53
350 56
350 61
350 66
350 71
350 74
350 75
350 77
350 89
350 90
350 91
350 93
350 96
350 97
350 100
350 107
350 109
350 110
350 112
350 113
350 118
350 120
350 126
350 128
350 131
350 140
350 143
350 147
350 153
350 156
350 159
350 162
350 163
350 164
350 168
350 179
350 182
350 185
350 186
350 187
350 188
350 190
350 194
350 196
350 197
350 198
350 206
350 211
350 219
350 237
350 243
350 247
350 253
350 255
350 256
350 258
350 263
350 265
350 267
350 268
350 269
350 272
350 274
350 275
350 277
350 278
350 284
350 290
350 291
350 307
350 314
405 4
405 5
405 9
405 12
405 17
405 23
405 25
405 26
405 30
405 31
405 40
405 45
405 51
405 56
405 61
405 63
405 72
405 77
405 81
405 84
405 86
405 90
405 91
405 98
405 99
405 117
405 118
405 128
405 129
405 131
405 133
405 135
405 139
405 140
405 143
405 144
405 146
405 156
405 159
405 161
405 165
405 167
405 170
405 171
405 176
405 179
405 186
405 188
405 194
405 196
405 203
405 206
405 208
405 219
405 232
405 237
405 241
405 243
405 249
405 258
405 269
405 273
405 277
405 278
405 279
405 282
405 285
405 290
405 291
405 294
405 301
405 302
405 305
405 307
405 314
405 315
3 409
3 414
3 317
3 320
3 326
3 332
3 352
3 368
3 379
3 381
409 12
409 19
409 22
409 31
409 44
409 48
409 53
409 66
409 70
409 75
409 79
409 82
409 97
409 120
409 122
409 128
409 134
409 164
409 171
409 174
409 185
409 186
409 187
409 188
409 196
409 198
409 206
409 214
409 219
409 222
409 233
409 244
409 247
409 250
409 253
409 258
409 260
409 263
409 268
409 271
409 273
409 277
409 280
409 290
409 303
409 304
414 12
414 17
414 18
414 19
414 26
414 27
414 30
414 36
414 38
414 40
414 44
414 48
414 50
414 52
414 53
414 59
414 60
414 61
414 64
414 66
414 68
414 70
414 73
414 75
414 79
414 83
414 86
414 90
414 93
414 97
414 104
414 110
414 115
414 117
414 120
414 122
414 124
414 126
414 128
414 134
414 148
414 159
414 163
414 164
414 169
414 171
414 179
414 185
414 187
414 188
414 195
414 196
414 197
414 198
414 199
414 204
414 207
414 213
414 215
414 217
414 219
414 222
414 223
414 224
414 230
414 232
414 233
414 242
414 243
414 244
414 247
414 250
414 253
414 262
414 263
414 264
414 265
414 268
414 271
414 277
414 278
414 280
414 290
414 291
414 295
414 298
414 299
414 301
414 304
414 305
317 6
317 8
317 10
317 12
317 13
317 14
317 15
317 17
317 18
317 19
317 21
317 22
317 23
317 24
317 25
317 28
317 29
317 30
317 31
317 34
317 35
317 36
317 37
317 38
317 40
317 41
317 44
317 45
317 48
317 49
317 53
317 56
317 60
317 61
317 63
317 65
317 66
317 68
317 69
317 70
317 71
317 73
317 75
317 76
317 80
317 82
317 83
317 89
317 90
317 92
317 93
317 94
317 97
317 100
317 103
317 104
317 106
317 107
317 108
317 109
317 110
317 111
317 115
317 120
317 122
317 124
317 126
317 128
317 129
317 130
317 131
317 134
317 138
317 143
317 144
317 145
317 147
317 150
317 151
317 152
317 153
317 156
317 159
317 163
317 164
317 169
317 171
317 174
317 183
317 184
317 185
317 187
317 188
317 189
317 193
317 195
317 196
317 197
317 199
317 202
317 204
317 205
317 206
317 207
317 210
317 212
317 213
317 214
317 215
317 218
317 219
317 220
317 221
317 222
317 223
317 224
317 230
317 231
317 234
317 237
317 242
317 243
317 244
317 245
317 246
317 247
317 248
317 249
317 250
317 251
317 252
317 253
317 254
317 257
317 260
317 262
317 263
317 264
317 265
317 267
317 268
317 269
317 271
317 272
317 273
317 274
317 276
317 277
317 279
317 280
317 281
317 285
317 291
317 299
317 301
317 302
317 303
317 304
317 305
317 308
317 314
317 315
320 6
320 12
320 14
320 16
320 17
320 18
320 19
320 21
320 25
320 26
320 27
320 28
320 31
320 32
320 36
320 39
320 40
320 45
320 48
320 50
320 53
320 56
320 60
320 61
320 63
320 64
320 66
320 67
320 71
320 73
320 75
320 78
320 80
320 83
320 84
320 87
320 90
320 91
320 93
320 97
320 100
320 104
320 108
320 110
320 111
320 113
320 118
320 119
320 120
320 122
320 123
320 124
320 125
320 126
320 128
320 129
320 143
320 144
320 146
320 148
320 149
320 151
320 156
320 157
320 159
320 161
320 163
320 164
320 169
320 171
320 174
320 175
320 176
320 178
320 179
320 182
320 184
320 185
320 187
320 188
320 193
320 194
320 195
320 196
320 198
320 200
320 202
320 203
320 204
320 206
320 208
320 214
320 218
320 219
320 220
320 221
320 226
320 227
320 231
320 232
320 237
320 244
320 245
320 247
320 248
320 253
320 254
320 257
320 258
320 260
320 261
320 263
320 265
320 268
320 269
320 271
320 272
320 273
320 275
320 276
320 277
320 278
320 279
320 283
320 285
320 287
320 290
320 291
320 293
320 294
320 301
320 303
320 305
320 314
320 315
326 6
326 7
326 12
326 16
326 17
326 19
326 25
326 26
326 27
326 28
326 30
326 31
326 32
326 34
326 36
326 38
326 40
326 43
326 48
326 49
326 50
326 51
326 52
326 53
326 54
326 56
326 57
326 59
326 61
326 64
326 66
326 73
326 75
326 79
326 84
326 88
326 90
326 91
326 92
326 93
326 95
326 97
326 100
326 104
326 105
326 106
326 108
326 109
326 110
326 119
326 122
326 125
326 126
326 128
326 131
326 134
326 135
326 143
326 149
326 150
326 152
326 153
326 155
326 156
326 157
326 159
326 162
326 163
326 164
326 168
326 169
326 171
326 178
326 182
326 185
326 186
326 188
326 189
326 193
326 194
326 195
326 196
326 198
326 203
326 204
326 206
326 212
326 215
326 219
326 221
326 223
326 224
326 226
326 230
326 232
326 233
326 242
326 244
326 246
326 248
326 252
326 256
326 259
326 260
326 262
326 263
326 265
326 268
326 271
326 273
326 274
326 275
326 277
326 278
326 280
326 286
326 290
326 291
326 298
326 299
326 301
326 303
326 304
326 306
326 308
326 313
326 315
332 7
332 8
332 9
332 11
332 14
332 17
332 19
332 27
332 28
332 31
332 36
332 38
332 42
332 43
332 50
332 53
332 56
332 62
332 63
332 65
332 66
332 71
332 75
332 77
332 86
332 89
332 90
332 91
332 93
332 94
332 97
332 110
332 112
332 117
332 126
332 129
332 137
332 144
332 146
332 155
332 156
332 159
332 162
332 163
332 164
332 168
332 169
332 171
332 172
332 176
332 180
332 182
332 188
332 197
332 198
332 204
332 206
332 208
332 211
332 214
332 218
332 219
332 226
332 232
332 243
332 245
332 247
332 249
332 255
332 257
332 265
332 269
332 272
332 273
332 275
332 277
332 285
332 290
332 293
332 294
332 297
332 301
332 303
332 311
332 315
352 10
352 12
352 14
352 17
352 18
352 19
352 22
352 25
352 26
352 27
352 36
352 38
352 40
352 42
352 43
352 44
352 50
352 51
352 52
352 53
352 56
352 57
352 61
352 65
352 66
352 71
352 72
352 79
352 83
352 87
352 89
352 91
352 94
352 96
352 97
352 100
352 107
352 110
352 112
352 113
352 118
352 120
352 122
352 125
352 126
352 128
352 131
352 138
352 143
352 147
352 148
352 149
352 159
352 163
352 164
352 168
352 169
352 171
352 172
352 176
352 179
352 180
352 182
352 187
352 188
352 194
352 195
352 196
352 197
352 199
352 202
352 204
352 211
352 213
352 214
352 221
352 222
352 226
352 232
352 244
352 247
352 248
352 252
352 253
352 258
352 262
352 263
352 264
352 265
352 268
352 271
352 273
352 274
352 275
352 277
352 281
352 284
352 290
352 291
352 292
352 295
352 298
352 300
352 301
352 303
352 304
352 314
368 12
368 19
368 24
368 26
368 27
368 30
368 36
368 39
368 40
368 44
368 50
368 53
368 56
368 57
368 61
368 65
368 66
368 78
368 84
368 93
368 97
368 107
368 113
368 118
368 120
368 122
368 126
368 128
368 131
368 136
368 141
368 143
368 145
368 147
368 159
368 163
368 164
368 168
368 171
368 176
368 179
368 185
368 186
368 187
368 188
368 189
368 195
368 196
368 197
368 199
368 200
368 201
368 204
368 206
368 213
368 218
368 219
368 230
368 234
368 244
368 253
368 258
368 260
368 262
368 263
368 265
368 267
368 277
368 278
368 284
368 290
368 291
368 299
368 301
368 304
368 315
379 18
379 26
379 27
379 28
379 30
379 32
379 34
379 37
379 38
379 39
379 43
379 44
379 48
379 50
379 51
379 54
379 58
379 60
379 66
379 67
379 68
379 79
379 90
379 91
379 92
379 93
379 94
379 101
379 103
379 105
379 114
379 119
379 120
379 122
379 124
379 128
379 129
379 131
379 144
379 151
379 152
379 155
379 159
379 163
379 164
379 168
379 169
379 171
379 173
379 176
379 178
379 179
379 182
379 188
379 195
379 202
379 206
379 207
379 208
379 210
379 213
379 215
379 216
379 219
379 220
379 221
379 222
379 224
379 230
379 236
379 244
379 245
379 246
379 247
379 249
379 253
379 260
379 262
379 264
379 268
379 270
379 271
379 274
379 278
379 290
379 291
379 298
379 299
379 300
379 305
379 308
379 315
381 6
381 12
381 19
381 22
381 26
381 27
381 40
381 44
381 48
381 53
381 54
381 58
381 61
381 64
381 66
381 68
381 75
381 79
381 82
381 90
381 91
381 101
381 111
381 113
381 115
381 118
381 119
381 120
381 122
381 134
381 135
381 139
381 143
381 159
381 163
381 164
381 171
381 179
381 184
381 185
381 188
381 189
381 194
381 195
381 203
381 208
381 215
381 219
381 221
381 222
381 224
381 236
381 242
381 249
381 253
381 258
381 260
381 262
381 265
381 273
381 277
381 280
381 290
381 305
381 308
4 322
4 345
322 12
322 14
322 17
322 18
322 19
322 22
322 26
322 30
322 31
322 40
322 44
322 45
322 50
322 51
322 52
322 53
322 55
322 56
322 61
322 63
322 66
322 68
322 72
322 75
322 79
322 82
322 83
322 86
322 90
322 91
322 99
322 108
322 109
322 110
322 111
322 117
322 118
322 120
322 121
322 122
322 126
322 128
322 129
322 131
322 134
322 138
322 139
322 143
322 144
322 146
322 152
322 159
322 161
322 163
322 164
322 167
322 168
322 171
322 175
322 179
322 181
322 185
322 186
322 187
322 188
322 189
322 194
322 195
322 196
322 197
322 203
322 204
322 206
322 208
322 212
322 214
322 218
322 219
322 222
322 226
322 230
322 232
322 241
322 253
322 254
322 255
322 256
322 258
322 259
322 260
322 262
322 263
322 268
322 269
322 271
322 273
322 278
322 280
322 285
322 290
322 291
322 294
322 299
322 303
322 304
322 307
322 314
342 5
342 7
342 12
342 15
342 17
342 18
342 19
342 25
342 26
342 27
342 30
342 31
342 33
342 35
342 45
342 46
342 50
342 51
342 52
342 53
342 56
342 57
342 58
342 60
342 63
342 65
342 66
342 72
342 75
342 77
342 79
342 81
342 83
342 84
342 90
342 91
342 92
342 93
342 97
342 107
342 109
342 117
342 118
342 120
342 121
342 123
342 125
342 126
342 128
342 129
342 135
342 139
342 143
342 144
342 148
342 149
342 161
342 163
342 164
342 167
342 171
342 175
342 176
342 179
342 181
342 185
342 186
342 187
342 188
342 194
342 195
342 196
342 197
342 200
342 204
342 208
342 214
342 218
342 219
342 228
342 230
342 231
342 232
342 237
342 243
342 244
342 247
342 255
342 256
342 258
342 259
342 260
342 262
342 263
342 265
342 268
342 269
342 273
342 277
342 278
342 279
342 285
342 290
342 291
342 294
342 301
342 302
342 303
342 304
342 305
342 307
342 314
342 315
345 11
345 12
345 16
345 17
345 19
345 25
345 27
345 30
345 31
345 33
345 40
345 41
345 44
345 50
345 52
345 53
345 57
345 60
345 61
345 63
345 65
345 66
345 70
345 72
345 75
345 79
345 80
345 81
345 83
345 84
345 90
345 107
345 108
345 109
345 110
345 113
345 114
345 117
345 118
345 120
345 122
345 126
345 129
345 131
345 133
345 134
345 135
345 138
345 139
345 143
345 144
345 146
345 148
345 150
345 156
345 159
345 161
345 162
345 163
345 164
345 171
345 174
345 178
345 181
345 185
345 186
345 188
345 194
345 195
345 196
345 197
345 200
345 204
345 206
345 215
345 218
345 222
345 223
345 230
345 232
345 237
345 243
345 245
345 247
345 250
345 252
345 253
345 254
345 256
345 258
345 259
345 260
345 262
345 265
345 268
345 277
345 278
345 283
345 285
345 290
345 291
345 299
345 301
345 302
345 303
345 304
345 314
6 319
6 329
6 335
6 343
318 7
318 18
318 26
318 27
318 40
318 44
318 48
318 65
318 66
318 75
318 90
318 106
318 111
318 117
318 151
318 163
318 164
318 171
318 179
318 182
318 185
318 186
318 187
318 188
318 193
318 206
318 214
318 218
318 219
318 221
318 223
318 226
318 237
318 244
318 247
318 252
318 253
318 256
318 260
318 262
318 268
318 271
318 272
318 273
318 277
318 279
318 290
318 291
318 299
318 300
318 301
318 304
319 11
319 16
319 18
319 19
319 22
319 27
319 31
319 36
319 41
319 44
319 45
319 48
319 52
319 53
319 56
319 60
319 61
319 64
319 67
319 68
319 73
319 84
319 89
319 90
319 91
319 97
319 115
319 120
319 143
319 144
319 153
319 157
319 160
319 163
319 164
319 178
319 182
319 186
319 187
319 188
319 194
319 195
319 196
319 198
319 203
319 206
319 210
319 211
319 214
319 218
319 219
319 221
319 222
319 224
319 227
319 232
319 237
319 247
319 253
319 254
319 255
319 256
319 268
319 271
319 273
319 275
319 277
319 278
319 280
319 290
319 291
319 295
319 301
319 306
319 315
329 12
329 15
329 18
329 19
329 25
329 26
329 27
329 32
329 34
329 38
329 39
329 40
329 44
329 46
329 48
329 49
329 50
329 52
329 57
329 60
329 61
329 67
329 70
329 72
329 75
329 76
329 79
329 83
329 84
329 89
329 90
329 91
329 92
329 93
329 94
329 101
329 103
329 110
329 111
329 120
329 128
329 129
329 131
329 143
329 156
329 157
329 159
329 160
329 164
329 169
329 171
329 177
329 178
329 179
329 184
329 185
329 186
329 187
329 188
329 193
329 195
329 196
329 197
329 198
329 203
329 204
329 206
329 208
329 209
329 214
329 219
329 221
329 222
329 224
329 232
329 233
329 237
329 238
329 240
329 241
329 243
329 244
329 245
329 246
329 247
329 248
329 249
329 252
329 255
329 258
329 260
329 262
329 263
329 264
329 265
329 267
329 268
329 269
329 271
329 273
329 274
329 275
329 276
329 277
329 278
329 285
329 286
329 288
329 290
329 291
329 298
329 299
329 301
329 302
329 303
329 304
329 305
329 315
330 11
330 12
330 16
330 22
330 26
330 27
330 30
330 31
330 40
330 44
330 48
330 49
330 52
330 53
330 56
330 58
330 59
330 60
330 61
330 63
330 66
330 70
330 75
330 80
330 91
330 92
330 93
330 104
330 120
330 126
330 128
330 131
330 144
330 146
330 149
330 159
330 164
330 168
330 179
330 186
330 187
330 194
330 196
330 197
330 206
330 208
330 214
330 219
330 221
330 226
330 232
330 245
330 253
330 258
330 260
330 263
330 265
330 268
330 273
330 277
330 278
330 285
330 290
330 291
330 294
330 295
330 303
334 12
334 17
334 19
334 25
334 27
334 30
334 50
334 52
334 53
334 61
334 65
334 66
334 71
334 75
334 83
334 97
334 107
334 108
334 110
334 114
334 117
334 120
334 126
334 131
334 143
334 159
334 171
334 179
334 185
334 186
334 187
334 188
334 197
334 204
334 206
334 214
334 219
334 232
334 244
334 246
334 247
334 260
334 265
334 268
334 273
334 277
334 278
334 285
334 290
334 301
334 315
335 12
335 14
335 18
335 19
335 27
335 39
335 40
335 44
335 48
335 50
335 58
335 59
335 61
335 62
335 66
335 67
335 68
335 70
335 82
335 91
335 93
335 94
335 97
335 110
335 119
335 120
335 124
335 128
335 134
335 152
335 155
335 156
335 163
335 164
335 171
335 178
335 185
335 186
335 187
335 188
335 189
335 195
335 198
335 207
335 210
335 215
335 217
335 219
335 221
335 222
335 223
335 230
335 247
335 252
335 253
335 254
335 260
335 268
335 271
335 274
335 277
335 290
335 291
335 299
335 301
335 304
335 305
343 12
343 14
343 17
343 18
343 19
343 26
343 27
343 31
343 33
343 36
343 39
343 40
343 42
343 45
343 48
343 50
343 51
343 52
343 53
343 56
343 57
343 60
343 61
343 66
343 71
343 75
343 83
343 90
343 91
343 93
343 108
343 109
343 110
343 117
343 120
343 122
343 123
343 125
343 126
343 128
343 129
343 131
343 138
343 143
343 144
343 156
343 159
343 161
343 163
343 164
343 171
343 175
343 179
343 184
343 185
343 186
343 187
343 188
343 189
343 194
343 195
343 196
343 198
343 204
343 211
343 214
343 218
343 219
343 221
343 232
343 237
343 247
343 253
343 255
343 256
343 258
343 259
343 260
343 263
343 265
343 268
343 269
343 273
343 275
343 277
343 278
343 279
343 283
343 286
343 289
343 290
343 291
343 299
343 301
343 302
343 303
343 305
343 314
343 315
10 321
10 355
10 398
10 385
10 351
321 11
321 12
321 16
321 17
321 26
321 30
321 31
321 40
321 45
321 50
321 51
321 53
321 56
321 61
321 63
321 66
321 75
321 77
321 86
321 90
321 91
321 97
321 99
321 108
321 114
321 117
321 120
321 126
321 128
321 131
321 135
321 143
321 144
321 146
321 148
321 156
321 159
321 163
321 168
321 170
321 171
321 181
321 188
321 194
321 196
321 200
321 203
321 206
321 208
321 214
321 218
321 232
321 237
321 243
321 245
321 249
321 258
321 260
321 263
321 265
321 267
321 268
321 269
321 273
321 276
321 277
321 278
321 279
321 285
321 290
321 291
321 294
321 301
321 303
321 305
321 307
321 315
355 12
355 14
355 16
355 17
355 18
355 19
355 22
355 24
355 27
355 28
355 30
355 31
355 36
355 37
355 38
355 40
355 43
355 44
355 50
355 51
355 52
355 54
355 56
355 57
355 63
355 65
355 66
355 71
355 72
355 75
355 79
355 82
355 83
355 87
355 91
355 93
355 97
355 100
355 107
355 109
355 110
355 120
355 122
355 124
355 125
355 126
355 128
355 129
355 131
355 134
355 143
355 149
355 154
355 155
355 163
355 164
355 168
355 169
355 171
355 176
355 177
355 179
355 182
355 185
355 186
355 187
355 188
355 189
355 191
355 195
355 198
355 200
355 204
355 214
355 217
355 218
355 219
355 224
355 226
355 237
355 238
355 245
355 246
355 247
355 248
355 253
355 260
355 262
355 263
355 265
355 267
355 268
355 271
355 272
355 273
355 274
355 275
355 277
355 286
355 287
355 290
355 291
355 297
355 299
355 301
355 304
355 305
355 307
355 310
355 315
359 12
359 14
359 16
359 17
359 19
359 25
359 26
359 28
359 30
359 31
359 36
359 40
359 50
359 53
359 61
359 64
359 66
359 71
359 78
359 82
359 90
359 97
359 100
359 109
359 110
359 113
359 116
359 117
359 118
359 120
359 126
359 128
359 131
359 143
359 151
359 156
359 163
359 164
359 171
359 176
359 179
359 185
359 188
359 189
359 197
359 204
359 206
359 219
359 226
359 230
359 232
359 237
359 244
359 248
359 253
359 258
359 260
359 263
359 265
359 267
359 268
359 269
359 271
359 277
359 278
359 285
359 290
359 297
359 301
359 304
359 306
359 309
359 315
392 13
392 26
392 36
392 45
392 50
392 89
392 93
392 110
392 113
392 117
392 118
392 120
392 129
392 131
392 163
392 164
392 186
392 187
392 196
392 197
392 206
392 217
392 219
392 232
392 245
392 263
392 268
392 273
392 278
392 290
392 303
392 304
398 14
398 26
398 36
398 50
398 52
398 82
398 97
398 120
398 128
398 163
398 164
398 186
398 188
398 195
398 196
398 198
398 206
398 217
398 219
398 232
398 253
398 254
398 268
398 272
398 273
398 277
398 290
385 12
385 21
385 26
385 27
385 30
385 36
385 40
385 46
385 50
385 52
385 53
385 56
385 61
385 66
385 69
385 93
385 97
385 100
385 106
385 113
385 118
385 120
385 122
385 128
385 138
385 176
385 179
385 185
385 186
385 187
385 188
385 193
385 196
385 198
385 206
385 232
385 245
385 252
385 260
385 268
385 272
385 273
385 277
385 278
385 288
385 290
385 298
385 304
385 315
351 12
351 14
351 18
351 26
351 27
351 30
351 31
351 36
351 42
351 45
351 50
351 51
351 52
351 53
351 56
351 63
351 66
351 75
351 87
351 89
351 91
351 96
351 97
351 100
351 110
351 112
351 120
351 126
351 128
351 131
351 138
351 147
351 153
351 163
351 164
351 168
351 171
351 172
351 176
351 180
351 185
351 186
351 190
351 196
351 197
351 198
351 211
351 219
351 232
351 249
351 260
351 263
351 265
351 268
351 275
351 277
351 278
351 284
351 290
351 303
351 314
351 315
12 386
12 388
12 389
12 391
12 399
12 401
12 404
12 407
12 410
12 411
12 412
12 336
12 337
12 339
12 346
12 347
12 348
12 349
12 353
12 356
12 357
12 362
12 366
12 369
12 372
12 376
386 26
386 27
386 30
386 50
386 52
386 90
386 97
386 120
386 153
386 163
386 168
386 171
386 188
386 196
386 198
386 206
386 219
386 232
386 260
386 265
386 268
386 290
386 303
386 304
388 18
388 30
388 36
388 45
388 50
388 71
388 93
388 97
388 110
388 113
388 118
388 153
388 163
388 188
388 196
388 198
388 206
388 219
388 232
388 247
388 265
388 268
388 290
388 301
389 26
389 45
389 50
389 52
389 90
389 97
389 120
389 163
389 168
389 171
389 188
389 196
389 206
389 219
389 232
389 268
389 290
389 303
391 14
391 18
391 26
391 36
391 45
391 50
391 52
391 71
391 97
391 104
391 120
391 153
391 168
391 171
391 174
391 188
391 196
391 206
391 219
391 232
391 247
391 260
391 265
391 268
391 272
391 273
391 286
391 290
391 304
399 18
399 37
399 44
399 50
399 58
399 59
399 60
399 66
399 68
399 70
399 79
399 82
399 83
399 97
399 115
399 120
399 122
399 124
399 143
399 159
399 163
399 164
399 171
399 185
399 186
399 187
399 188
399 189
399 195
399 206
399 219
399 222
399 223
399 224
399 244
399 247
399 248
399 252
399 253
399 260
399 262
399 263
399 268
399 271
399 273
399 277
399 290
399 291
399 299
399 304
401 18
401 19
401 26
401 27
401 30
401 39
401 40
401 44
401 50
401 53
401 64
401 66
401 72
401 73
401 79
401 82
401 83
401 91
401 93
401 114
401 120
401 122
401 128
401 143
401 159
401 164
401 171
401 179
401 185
401 186
401 187
401 188
401 189
401 195
401 197
401 198
401 204
401 206
401 215
401 219
401 222
401 223
401 230
401 242
401 247
401 248
401 253
401 254
401 260
401 262
401 263
401 265
401 268
401 271
401 273
401 277
401 278
401 290
401 291
401 299
401 304
401 305
401 315
404 19
404 25
404 26
404 30
404 44
404 50
404 52
404 53
404 58
404 61
404 66
404 68
404 70
404 79
404 82
404 83
404 91
404 120
404 128
404 143
404 161
404 163
404 164
404 171
404 179
404 185
404 186
404 189
404 195
404 197
404 204
404 206
404 222
404 232
404 248
404 253
404 258
404 259
404 260
404 263
404 265
404 268
404 271
404 277
404 280
404 290
404 291
404 297
404 299
404 301
404 304
404 305
404 315
407 19
407 26
407 36
407 44
407 50
407 52
407 53
407 66
407 75
407 79
407 93
407 97
407 110
407 117
407 120
407 128
407 159
407 163
407 171
407 185
407 186
407 193
407 196
407 197
407 198
407 206
407 214
407 219
407 253
407 260
407 263
407 268
407 273
407 275
407 277
407 290
407 291
407 301
407 303
407 304
407 315
410 18
410 27
410 30
410 36
410 44
410 50
410 52
410 53
410 61
410 66
410 70
410 75
410 83
410 93
410 97
410 117
410 120
410 126
410 128
410 131
410 143
410 159
410 163
410 164
410 171
410 185
410 186
410 187
410 188
410 196
410 198
410 204
410 206
410 214
410 215
410 219
410 232
410 247
410 253
410 254
410 260
410 265
410 268
410 273
410 275
410 277
410 290
410 291
410 301
410 303
410 304
410 305
410 315
411 18
411 19
411 26
411 27
411 30
411 36
411 40
411 44
411 50
411 52
411 61
411 66
411 70
411 71
411 75
411 79
411 83
411 90
411 91
411 93
411 97
411 104
411 110
411 117
411 122
411 126
411 128
411 131
411 143
411 159
411 163
411 164
411 171
411 179
411 185
411 186
411 187
411 188
411 189
411 193
411 195
411 196
411 197
411 198
411 204
411 206
411 213
411 217
411 219
411 232
411 244
411 247
411 253
411 258
411 260
411 263
411 265
411 268
411 273
411 275
411 278
411 290
411 291
411 303
411 304
411 315
412 18
412 30
412 66
412 79
412 120
412 131
412 163
412 164
412 171
412 185
412 186
412 188
412 198
412 206
412 219
412 247
412 253
412 260
412 263
412 268
412 273
412 277
412 290
412 291
412 300
336 26
336 30
336 93
336 97
336 107
336 110
336 118
336 143
336 145
336 163
336 179
336 185
336 198
336 199
336 204
336 206
336 213
336 219
336 252
336 260
336 263
336 278
337 19
337 25
337 26
337 50
337 66
337 94
337 97
337 107
337 110
337 120
337 130
337 143
337 153
337 159
337 163
337 171
337 179
337 188
337 195
337 196
337 197
337 198
337 206
337 219
337 244
337 263
337 268
337 273
337 275
337 277
337 278
337 290
337 291
337 304
337 315
339 16
339 17
339 26
339 27
339 30
339 31
339 38
339 40
339 50
339 51
339 52
339 53
339 56
339 61
339 63
339 66
339 75
339 90
339 91
339 93
339 97
339 110
339 113
339 117
339 118
339 120
339 126
339 128
339 135
339 138
339 144
339 148
339 159
339 161
339 163
339 164
339 171
339 179
339 185
339 186
339 188
339 194
339 195
339 196
339 197
339 200
339 206
339 208
339 214
339 219
339 232
339 253
339 257
339 258
339 259
339 268
339 269
339 272
339 273
339 278
339 285
339 290
339 291
339 294
339 295
339 303
339 315
346 25
346 30
346 57
346 65
346 66
346 94
346 107
346 110
346 117
346 120
346 128
346 129
346 159
346 169
346 198
346 204
346 206
346 219
346 243
346 253
346 254
346 263
346 265
346 273
346 277
346 278
346 291
346 303
346 315
347 18
347 19
347 44
347 49
347 50
347 53
347 58
347 66
347 79
347 122
347 131
347 163
347 164
347 171
347 185
347 186
347 195
347 206
347 219
347 222
347 223
347 253
347 260
347 277
347 291
347 295
348 26
348 30
348 97
348 107
348 118
348 120
348 128
348 163
348 164
348 171
348 199
348 206
348 213
348 219
348 263
348 265
348 268
348 278
348 290
349 26
349 30
349 34
349 36
349 40
349 50
349 52
349 53
349 61
349 66
349 75
349 87
349 90
349 91
349 93
349 97
349 110
349 117
349 120
349 122
349 126
349 131
349 138
349 153
349 163
349 164
349 168
349 171
349 172
349 186
349 188
349 194
349 196
349 197
349 198
349 206
349 213
349 219
349 232
349 244
349 247
349 258
349 260
349 263
349 265
349 268
349 272
349 277
349 278
349 290
349 291
349 303
349 315
353 17
353 18
353 22
353 26
353 27
353 30
353 31
353 36
353 40
353 44
353 50
353 53
353 54
353 56
353 61
353 66
353 68
353 70
353 73
353 83
353 94
353 97
353 115
353 121
353 122
353 124
353 126
353 128
353 134
353 143
353 147
353 148
353 150
353 163
353 164
353 168
353 171
353 176
353 185
353 186
353 187
353 188
353 189
353 193
353 196
353 197
353 203
353 205
353 206
353 212
353 213
353 214
353 217
353 218
353 219
353 222
353 223
353 224
353 230
353 242
353 244
353 246
353 247
353 252
353 254
353 260
353 262
353 263
353 265
353 268
353 271
353 277
353 278
353 280
353 281
353 287
353 290
353 291
353 298
353 303
353 304
353 306
356 18
356 19
356 22
356 26
356 30
356 44
356 52
356 53
356 56
356 97
356 100
356 117
356 122
356 126
356 128
356 131
356 138
356 143
356 147
356 163
356 164
356 171
356 179
356 185
356 186
356 188
356 197
356 206
356 217
356 219
356 222
356 232
356 249
356 253
356 260
356 263
356 265
356 268
356 278
356 290
356 291
356 304
356 315
357 14
357 19
357 27
357 30
357 52
357 66
357 79
357 91
357 94
357 97
357 110
357 118
357 120
357 126
357 128
357 131
357 138
357 143
357 147
357 163
357 171
357 186
357 188
357 196
357 197
357 204
357 206
357 219
357 253
357 258
357 265
357 268
357 277
357 278
357 286
357 290
357 297
357 303
357 304
361 26
361 30
361 40
361 78
361 93
361 107
361 113
361 120
361 122
361 128
361 141
361 143
361 145
361 147
361 163
361 164
361 168
361 179
361 186
361 197
361 199
361 201
361 204
361 213
361 219
361 260
361 265
361 267
361 268
361 277
361 278
361 284
361 290
361 291
361 309
361 310
361 313
361 315
362 17
362 30
362 36
362 45
362 49
362 52
362 53
362 71
362 87
362 91
362 93
362 96
362 97
362 110
362 112
362 120
362 142
362 153
362 158
362 159
362 163
362 168
362 171
362 172
362 180
362 186
362 188
362 196
362 197
362 198
362 206
362 211
362 219
362 232
362 243
362 248
362 260
362 263
362 265
362 268
362 269
362 275
362 284
362 286
362 290
362 297
362 301
362 302
362 303
362 315
366 26
366 30
366 59
366 66
366 78
366 93
366 107
366 118
366 120
366 122
366 128
366 136
366 143
366 147
366 163
366 164
366 176
366 179
366 185
366 186
366 199
366 204
366 213
366 250
366 253
366 254
366 260
366 267
366 268
366 277
366 278
366 290
366 291
366 310
366 313
366 315
369 26
369 30
369 53
369 61
369 66
369 78
369 93
369 97
369 107
369 118
369 120
369 128
369 136
369 141
369 143
369 145
369 147
369 163
369 164
369 168
369 176
369 179
369 185
369 186
369 197
369 199
369 206
369 213
369 218
369 219
369 260
369 263
369 265
369 268
369 278
369 290
369 291
369 309
369 310
372 14
372 17
372 19
372 23
372 26
372 27
372 30
372 31
372 36
372 37
372 51
372 52
372 53
372 56
372 71
372 75
372 90
372 91
372 97
372 100
372 105
372 107
372 110
372 118
372 120
372 126
372 128
372 131
372 135
372 143
372 151
372 159
372 164
372 168
372 171
372 179
372 186
372 188
372 197
372 198
372 219
372 232
372 244
372 248
372 253
372 258
372 260
372 263
372 265
372 272
372 273
372 274
372 275
372 277
372 278
372 290
372 291
372 292
372 294
372 301
372 303
372 307
372 314
372 315
376 27
376 38
376 53
376 54
376 64
376 66
376 68
376 70
376 71
376 73
376 79
376 82
376 83
376 106
376 115
376 120
376 121
376 122
376 131
376 134
376 150
376 154
376 164
376 171
376 187
376 189
376 205
376 206
376 212
376 217
376 222
376 223
376 224
376 230
376 242
376 246
376 248
376 250
376 252
376 253
376 254
376 260
376 262
376 268
376 271
376 280
376 291
376 299
376 304
376 306
14 374
374 22
374 26
374 27
374 30
374 34
374 39
374 40
374 41
374 43
374 44
374 49
374 50
374 53
374 58
374 61
374 64
374 68
374 70
374 75
374 76
374 79
374 82
374 83
374 91
374 93
374 97
374 103
374 110
374 115
374 120
374 122
374 124
374 134
374 150
374 152
374 163
374 164
374 169
374 171
374 178
374 184
374 187
374 188
374 189
374 193
374 198
374 204
374 206
374 219
374 221
374 222
374 223
374 224
374 230
374 231
374 240
374 244
374 246
374 247
374 250
374 252
374 253
374 260
374 262
374 263
374 265
374 267
374 268
374 271
374 273
374 274
374 277
374 278
374 280
374 290
374 291
374 299
374 304
374 315
17 382
382 18
382 31
382 44
382 50
382 58
382 66
382 91
382 97
382 111
382 114
382 116
382 120
382 122
382 131
382 139
382 163
382 164
382 186
382 188
382 195
382 203
382 206
382 219
382 228
382 246
382 248
382 253
382 268
382 277
382 290
382 299
382 305
382 313
382 315
18 387
18 413
18 367
18 380
387 66
387 70
387 73
387 79
387 97
387 100
387 120
387 164
387 171
387 206
387 224
387 245
387 265
387 277
387 278
387 290
413 27
413 58
413 66
413 97
413 117
413 131
413 163
413 188
413 189
413 195
413 248
413 253
413 273
413 277
413 291
413 304
367 26
367 30
367 44
367 50
367 53
367 58
367 61
367 66
367 79
367 82
367 97
367 100
367 103
367 122
367 126
367 128
367 131
367 147
367 156
367 163
367 171
367 179
367 185
367 186
367 187
367 188
367 195
367 196
367 197
367 203
367 206
367 217
367 219
367 222
367 232
367 244
367 263
367 265
367 268
367 277
367 278
367 291
367 303
367 304
367 310
367 315
380 40
380 44
380 53
380 61
380 66
380 82
380 91
380 95
380 111
380 120
380 163
380 164
380 186
380 195
380 199
380 206
380 252
380 260
380 290
380 291
380 299
380 308
325 39
325 44
325 49
325 66
325 70
325 115
325 122
325 128
325 129
325 156
325 178
325 185
325 188
325 189
325 195
325 196
325 203
325 206
325 246
325 253
325 260
325 271
325 273
325 277
325 291
325 299
325 301
325 304
26 363
26 375
363 30
363 36
363 42
363 52
363 71
363 87
363 93
363 96
363 97
363 110
363 112
363 120
363 128
363 131
363 161
363 163
363 168
363 180
363 186
363 188
363 196
363 198
363 206
363 211
363 232
363 263
363 265
363 268
363 275
363 290
363 291
363 301
363 303
363 313
364 66
364 78
364 93
364 107
364 120
364 126
364 128
364 143
364 147
364 163
364 164
364 168
364 176
364 179
364 197
364 204
364 206
364 252
364 253
364 254
364 260
364 263
364 265
364 268
364 278
364 281
364 287
364 315
375 66
375 82
375 91
375 97
375 113
375 118
375 120
375 128
375 143
375 163
375 179
375 186
375 193
375 197
375 204
375 206
375 219
375 268
375 278
375 290
27 403
27 415
403 37
403 39
403 44
403 45
403 49
403 58
403 71
403 75
403 82
403 103
403 115
403 122
403 163
403 164
403 171
403 188
403 206
403 210
403 214
403 215
403 219
403 225
403 236
403 248
403 253
403 262
403 268
403 273
403 277
403 291
403 297
403 301
403 304
415 36
415 44
415 50
415 51
415 71
415 75
415 104
415 117
415 131
415 159
415 163
415 169
415 174
415 188
415 198
415 206
415 214
415 219
415 268
415 272
415 273
415 290
415 297
415 301
415 303
28 358
358 36
358 37
358 56
358 66
358 79
358 91
358 97
358 100
358 111
358 115
358 120
358 122
358 144
358 151
358 163
358 164
358 168
358 171
358 176
358 185
358 187
358 188
358 206
358 218
358 219
358 226
358 244
358 253
358 268
358 273
358 277
358 278
358 290
358 304
358 315
30 394
30 395
30 396
30 406
394 50
394 53
394 82
394 120
394 163
394 164
394 206
394 217
394 252
394 268
394 290
394 304
395 36
395 50
395 52
395 66
395 93
395 97
395 110
395 118
395 120
395 163
395 196
395 198
395 206
395 232
395 268
395 290
395 301
395 303
395 304
396 50
396 66
396 97
396 120
396 122
396 163
396 164
396 196
396 206
396 217
396 253
396 268
396 277
396 290
396 291
396 304
396 306
406 44
406 53
406 66
406 70
406 79
406 97
406 120
406 159
406 163
406 171
406 186
406 188
406 195
406 198
406 206
406 219
406 224
406 253
406 304
406 315
373 36
373 40
373 75
373 91
373 104
373 117
373 120
373 163
373 168
373 171
373 174
373 186
373 187
373 188
373 206
373 208
373 214
373 219
373 248
373 265
373 270
373 273
373 290
373 301
373 303
373 315
44 383
383 66
383 120
383 131
383 163
383 196
383 206
383 217
383 252
383 253
383 268
383 290
383 304
50 384
50 390
384 97
384 163
384 187
384 206
384 222
384 224
384 304
390 120
390 163
390 164
390 189
390 206
390 246
390 262
390 290
390 299
390 304
66 397
397 79
397 120
397 163
397 164
397 206
397 262
397 265
397 268
397 290
397 304
