#C:\Anaconda3\lib\site-packages\ipykernel_launcher.py -f C:\Users\CRM\AppData\Roaming\jupyter\runtime\kernel-c928d1b2-22d6-4b12-84cc-8c5e05def514.json
# GMT Fri Apr 12 11:51:14 2019
# 
1 323 324 327 328 393 333 402 400 360 370 377 316
323 3 6 11 12 16 17 18 19 26 27 30 31 32 34 36 39 40 48 50 51 53 56 61 66 67 75 76 78 79 80 82 86 90 91 100 103 104 106 111 117 119 120 121 122 126 128 131 134 143 144 148 149 152 156 159 163 164 171 173 176 179 185 186 187 188 194 195 196 197 198 200 203 206 208 209 210 214 217 218 220 221 222 226 231 232 237 239 240 244 248 249 255 256 258 259 260 263 267 268 270 273 275 276 277 278 283 290 291 294 299 301 305 314 315
324 2 3 4 6 8 11 12 14 15 16 17 18 19 21 22 23 24 25 26 27 28 29 31 32 33 34 35 36 37 38 39 40 41 43 44 45 48 50 51 52 53 54 57 58 59 60 61 62 64 65 66 67 69 70 71 72 73 75 76 79 81 82 83 89 90 91 92 93 95 96 97 98 99 100 101 102 103 104 105 106 107 108 109 110 111 112 113 114 115 117 118 119 121 122 125 126 128 130 133 134 138 139 141 142 143 144 145 146 147 148 149 150 151 152 153 155 156 157 159 160 161 163 164 165 167 168 169 170 171 172 174 175 176 178 179 181 182 183 184 185 186 187 188 189 193 194 195 196 197 198 199 202 203 204 206 207 208 209 210 211 212 213 214 215 217 218 219 220 221 222 224 225 226 227 229 230 231 232 234 236 237 238 241 242 244 246 248 249 250 251 253 254 255 256 258 260 262 263 264 265 266 267 268 269 270 271 272 273 274 275 276 277 278 280 281 283 284 285 288 289 290 291 292 295 297 298 299 301 302 303 304 305 306 307 308 313 314 315
327 4 6 7 11 12 14 16 17 18 19 22 25 26 27 30 31 32 35 36 38 40 43 44 50 53 56 57 58 60 61 63 64 65 66 67 68 70 71 73 75 79 82 86 89 90 92 93 94 95 97 99 100 103 106 108 109 110 111 119 122 123 124 126 127 128 129 131 134 135 143 146 148 155 156 157 159 163 164 167 168 169 171 174 178 179 182 186 187 188 189 193 194 196 197 198 200 203 204 206 207 208 209 212 213 214 218 219 220 221 224 230 233 237 242 244 245 247 248 253 258 260 261 262 263 264 265 266 267 268 270 271 273 275 277 278 280 284 285 286 288 290 294 297 298 299 301 302 303 304 308 313 315
328 2 3 4 5 6 7 12 14 18 22 25 26 27 30 31 35 36 40 41 43 44 46 48 49 50 51 52 53 56 59 60 61 63 66 67 68 72 75 81 82 84 88 89 90 91 92 93 94 95 97 103 106 110 111 114 116 117 120 122 124 125 126 128 129 131 135 143 148 149 152 159 160 163 168 169 176 178 182 185 186 188 189 193 195 196 198 205 206 207 208 214 215 219 221 226 227 231 232 240 242 244 245 247 248 251 253 255 258 260 262 265 268 274 275 278 280 288 290 291 294 298 299 301 303 304 315
393 10 12 21 30 36 49 50 51 52 60 89 93 97 110 120 131 138 153 163 190 196 198 232 268 272 275 281 291 297 301 303 304 315
333 2 3 4 5 8 10 11 12 13 14 15 16 18 19 21 22 25 27 28 30 31 32 33 34 35 36 37 38 39 41 42 43 44 45 46 48 49 51 52 53 54 55 56 57 58 59 61 62 64 65 66 67 69 70 71 72 73 75 76 77 78 79 81 82 83 84 86 87 88 89 90 91 92 93 94 95 96 97 99 100 101 102 103 104 105 106 108 109 111 112 113 115 117 118 119 120 121 122 123 124 125 126 129 131 133 134 137 138 139 141 143 144 145 146 147 148 149 150 151 153 154 155 157 158 159 160 161 163 164 165 167 168 169 170 172 175 176 178 181 182 184 185 186 187 188 189 191 193 194 195 196 197 198 200 202 203 204 205 206 208 209 210 211 212 213 214 216 217 218 219 221 222 223 224 225 226 227 230 231 232 233 236 237 238 240 241 242 243 245 246 247 248 250 251 252 254 255 258 260 264 265 266 267 268 269 270 271 272 273 275 277 278 279 280 283 284 285 286 288 290 291 294 295 298 299 301 302 303 304 305 307 308 310 311 313 314 315
402 12 18 27 30 37 38 39 40 43 49 50 53 57 61 71 75 91 93 100 104 105 110 120 131 143 155 159 160 163 169 171 172 174 178 182 188 198 202 210 216 219 247 258 260 264 268 273 274 278 291 295
400 12 14 25 30 42 49 50 79 82 91 97 120 122 128 143 163 168 178 185 188 199 204 206 214 219 224 232 245 248 253 260 273 277 290 291
360 3 4 6 12 17 18 19 26 27 30 36 39 40 44 48 49 50 53 56 58 61 62 66 90 91 93 94 95 97 99 100 103 111 113 114 118 120 126 128 131 133 143 147 152 159 160 164 167 168 171 178 179 185 187 188 191 195 196 197 198 203 204 206 207 209 210 219 221 225 226 232 253 256 260 263 265 266 268 270 277 278 290 291 299 303 308 315
370 2 4 6 7 10 11 12 17 19 25 26 27 30 31 32 34 36 38 39 48 49 50 53 54 56 57 58 60 61 63 65 66 67 72 76 78 82 84 86 90 91 93 94 95 97 100 103 107 110 111 118 120 122 123 125 126 133 135 143 147 149 152 157 160 163 164 165 167 168 170 171 173 176 178 179 181 185 186 187 188 189 193 194 195 196 197 198 200 201 203 207 208 209 210 215 218 219 221 222 223 226 230 231 232 244 245 246 247 251 253 258 260 262 263 265 266 268 270 273 275 277 284 287 290 291 298 299 303 305 307 308 309 312 315
377 2 4 5 6 9 10 11 12 14 16 17 18 19 20 22 23 26 27 28 30 31 32 33 35 36 38 39 40 41 42 43 44 47 50 51 52 53 55 56 57 58 60 61 63 65 66 67 70 72 75 77 79 81 83 85 88 90 91 92 93 95 97 98 101 102 103 104 107 108 109 110 111 112 116 117 118 120 122 128 129 131 132 133 134 137 139 140 143 144 148 151 152 153 156 157 159 161 163 164 165 167 168 169 171 172 174 175 177 179 181 182 185 186 187 191 194 195 196 197 198 200 202 204 205 206 208 211 214 216 218 219 220 221 222 226 228 231 232 234 237 240 241 244 245 247 248 253 258 259 260 261 262 263 264 265 266 268 269 270 272 273 274 275 276 277 278 279 280 281 284 287 289 290 291 292 294 295 299 300 301 303 305 306 307 308 313 314 315
316 2 3 6 10 11 12 14 15 18 19 21 22 23 25 27 28 31 32 34 37 38 39 44 45 48 49 50 52 53 54 55 56 57 58 59 60 62 64 65 66 67 68 69 70 73 75 76 77 82 83 86 88 90 91 94 95 100 103 106 111 113 114 115 118 121 123 124 129 131 134 144 151 158 159 160 161 165 171 176 178 179 185 187 189 193 194 195 196 197 200 205 206 207 210 214 217 219 221 222 223 224 228 231 232 236 243 244 245 248 249 250 251 252 254 258 260 263 264 270 271 272 273 275 277 280 282 289 290 291 297 298 299 301 303 314 315
2 354 331 365 408 338 371 340 341 344 378 350 405
354 3 7 9 12 17 19 25 26 28 30 40 43 51 52 56 57 61 65 66 74 78 79 85 90 91 97 100 101 107 118 120 121 122 123 126 128 131 138 155 156 157 159 164 168 169 176 179 182 186 187 196 197 203 204 206 217 218 230 236 247 248 250 252 254 255 258 260 262 263 265 268 269 272 278 285 287 291 294 295 299 301 303 314 315
331 3 4 6 11 12 14 17 19 25 26 27 31 34 36 39 40 44 45 48 49 52 53 56 60 61 62 63 64 66 67 71 75 76 77 82 88 89 90 91 97 98 100 102 103 104 106 108 109 110 117 119 121 122 128 131 138 143 144 146 148 152 155 156 157 159 160 163 164 167 168 169 171 176 178 179 182 184 185 186 187 188 191 192 193 194 195 196 197 198 200 203 204 206 208 209 210 211 214 218 219 221 222 226 227 228 232 237 240 243 244 247 248 251 252 253 255 256 257 258 259 260 266 268 272 273 274 276 277 279 283 290 291 294 299 301 302 304 305 307 308 314 315
365 3 5 9 11 13 17 19 21 24 25 26 27 30 31 50 51 52 56 58 63 65 66 72 77 78 80 81 82 83 84 86 90 91 93 107 113 118 120 125 128 129 131 135 136 138 141 143 144 145 147 149 163 164 165 167 171 176 179 181 183 185 186 188 195 196 197 199 200 201 204 206 213 214 219 221 222 224 230 232 245 248 249 253 257 260 262 263 265 267 268 269 272 273 277 278 281 284 285 290 291 296 299 301 303 309 310 313
408 3 4 10 11 16 17 19 23 26 31 33 40 45 52 53 56 61 63 72 75 81 84 86 88 91 93 99 111 113 114 117 120 125 131 133 138 139 143 144 148 156 157 159 161 163 165 168 170 171 175 179 186 188 190 194 195 196 197 200 203 206 214 218 219 226 227 232 237 241 243 245 249 255 256 258 259 260 263 268 269 273 277 278 279 283 285 289 290 291 294 301 302 303 304 305 307 315
338 3 6 12 17 19 25 26 27 30 31 45 48 51 52 53 57 58 61 63 65 75 91 97 100 107 108 114 117 118 120 125 126 128 129 135 143 144 149 156 159 163 167 171 175 179 185 187 188 195 196 197 200 204 206 218 219 221 232 237 244 245 247 256 258 260 263 265 269 273 278 290 291 299 303 315
371 3 4 6 9 10 11 12 14 16 17 18 19 22 23 24 25 26 27 31 34 36 38 40 44 45 46 50 51 52 53 54 56 57 61 63 64 65 66 70 71 72 73 75 76 77 82 84 88 89 90 91 97 100 108 109 110 112 113 115 117 120 122 124 125 126 128 129 131 133 134 135 138 139 140 143 146 148 149 150 153 156 159 163 164 165 167 171 176 179 185 187 189 193 194 196 197 198 199 200 203 204 206 211 212 214 217 220 221 222 223 224 228 229 230 231 232 234 239 242 245 246 247 249 251 252 253 254 256 258 259 261 262 263 265 268 273 275 278 280 283 285 290 291 303 304 305 315
340 4 11 12 17 18 19 25 26 27 30 31 36 40 45 46 51 53 56 57 61 65 66 72 75 79 81 90 92 97 99 110 114 117 118 120 123 126 128 129 131 133 135 143 144 148 159 163 164 171 174 175 179 181 185 186 187 188 194 195 196 200 204 206 218 219 222 226 228 230 237 241 244 245 253 255 258 260 262 263 264 265 268 269 271 277 278 285 290 291 301 303 307 310 315
341 4 11 12 19 26 30 33 50 51 52 53 56 60 61 63 75 81 88 90 97 99 100 107 109 111 114 117 118 120 126 131 133 135 138 148 156 159 163 167 171 179 181 186 187 188 190 196 197 206 214 219 226 228 245 246 247 253 255 259 260 263 265 268 269 277 278 279 283 285 290 291 294 301 302 303 305 307 314
344 4 5 10 11 12 14 16 18 19 21 25 26 27 30 31 32 33 39 45 46 49 50 51 52 53 56 57 58 61 63 65 66 72 75 77 79 81 84 86 88 89 90 91 94 96 97 100 102 105 107 108 109 110 111 114 117 118 120 122 123 125 126 128 129 131 133 135 138 139 143 144 146 148 149 159 161 163 164 167 169 171 174 176 178 179 181 184 185 186 187 188 190 194 195 196 197 200 203 204 206 208 211 213 214 218 219 228 231 237 243 244 246 247 249 252 253 256 259 262 263 265 268 269 273 277 278 279 281 282 283 284 285 290 291 294 298 299 301 302 303 304 305 307 310 315
378 6 12 14 18 26 30 36 44 50 64 66 71 75 79 90 91 97 106 107 111 118 120 124 126 131 133 134 140 155 159 163 164 182 185 187 188 189 197 203 206 214 218 219 221 232 242 248 258 260 263 265 268 274 277 278 290 297 303 315
350 10 16 17 21 30 31 34 40 45 50 51 52 53 56 61 66 71 74 75 77 89 90 91 93 96 97 100 107 109 110 112 113 118 120 126 128 131 140 143 147 153 156 159 162 163 164 168 179 182 185 186 187 188 190 194 196 197 198 206 211 219 237 243 247 253 255 256 258 263 265 267 268 269 272 274 275 277 278 284 290 291 307 314
405 4 5 9 12 17 23 25 26 30 31 40 45 51 56 61 63 72 77 81 84 86 90 91 98 99 117 118 128 129 131 133 135 139 140 143 144 146 156 159 161 165 167 170 171 176 179 186 188 194 196 203 206 208 219 232 237 241 243 249 258 269 273 277 278 279 282 285 290 291 294 301 302 305 307 314 315
3 409 414 317 320 326 332 352 368 379 381
409 12 19 22 31 44 48 53 66 70 75 79 82 97 120 122 128 134 164 171 174 185 186 187 188 196 198 206 214 219 222 233 244 247 250 253 258 260 263 268 271 273 277 280 290 303 304
414 12 17 18 19 26 27 30 36 38 40 44 48 50 52 53 59 60 61 64 66 68 70 73 75 79 83 86 90 93 97 104 110 115 117 120 122 124 126 128 134 148 159 163 164 169 171 179 185 187 188 195 196 197 198 199 204 207 213 215 217 219 222 223 224 230 232 233 242 243 244 247 250 253 262 263 264 265 268 271 277 278 280 290 291 295 298 299 301 304 305
317 6 8 10 12 13 14 15 17 18 19 21 22 23 24 25 28 29 30 31 34 35 36 37 38 40 41 44 45 48 49 53 56 60 61 63 65 66 68 69 70 71 73 75 76 80 82 83 89 90 92 93 94 97 100 103 104 106 107 108 109 110 111 115 120 122 124 126 128 129 130 131 134 138 143 144 145 147 150 151 152 153 156 159 163 164 169 171 174 183 184 185 187 188 189 193 195 196 197 199 202 204 205 206 207 210 212 213 214 215 218 219 220 221 222 223 224 230 231 234 237 242 243 244 245 246 247 248 249 250 251 252 253 254 257 260 262 263 264 265 267 268 269 271 272 273 274 276 277 279 280 281 285 291 299 301 302 303 304 305 308 314 315
320 6 12 14 16 17 18 19 21 25 26 27 28 31 32 36 39 40 45 48 50 53 56 60 61 63 64 66 67 71 73 75 78 80 83 84 87 90 91 93 97 100 104 108 110 111 113 118 119 120 122 123 124 125 126 128 129 143 144 146 148 149 151 156 157 159 161 163 164 169 171 174 175 176 178 179 182 184 185 187 188 193 194 195 196 198 200 202 203 204 206 208 214 218 219 220 221 226 227 231 232 237 244 245 247 248 253 254 257 258 260 261 263 265 268 269 271 272 273 275 276 277 278 279 283 285 287 290 291 293 294 301 303 305 314 315
326 6 7 12 16 17 19 25 26 27 28 30 31 32 34 36 38 40 43 48 49 50 51 52 53 54 56 57 59 61 64 66 73 75 79 84 88 90 91 92 93 95 97 100 104 105 106 108 109 110 119 122 125 126 128 131 134 135 143 149 150 152 153 155 156 157 159 162 163 164 168 169 171 178 182 185 186 188 189 193 194 195 196 198 203 204 206 212 215 219 221 223 224 226 230 232 233 242 244 246 248 252 256 259 260 262 263 265 268 271 273 274 275 277 278 280 286 290 291 298 299 301 303 304 306 308 313 315
332 7 8 9 11 14 17 19 27 28 31 36 38 42 43 50 53 56 62 63 65 66 71 75 77 86 89 90 91 93 94 97 110 112 117 126 129 137 144 146 155 156 159 162 163 164 168 169 171 172 176 180 182 188 197 198 204 206 208 211 214 218 219 226 232 243 245 247 249 255 257 265 269 272 273 275 277 285 290 293 294 297 301 303 311 315
352 10 12 14 17 18 19 22 25 26 27 36 38 40 42 43 44 50 51 52 53 56 57 61 65 66 71 72 79 83 87 89 91 94 96 97 100 107 110 112 113 118 120 122 125 126 128 131 138 143 147 148 149 159 163 164 168 169 171 172 176 179 180 182 187 188 194 195 196 197 199 202 204 211 213 214 221 222 226 232 244 247 248 252 253 258 262 263 264 265 268 271 273 274 275 277 281 284 290 291 292 295 298 300 301 303 304 314
368 12 19 24 26 27 30 36 39 40 44 50 53 56 57 61 65 66 78 84 93 97 107 113 118 120 122 126 128 131 136 141 143 145 147 159 163 164 168 171 176 179 185 186 187 188 189 195 196 197 199 200 201 204 206 213 218 219 230 234 244 253 258 260 262 263 265 267 277 278 284 290 291 299 301 304 315
379 18 26 27 28 30 32 34 37 38 39 43 44 48 50 51 54 58 60 66 67 68 79 90 91 92 93 94 101 103 105 114 119 120 122 124 128 129 131 144 151 152 155 159 163 164 168 169 171 173 176 178 179 182 188 195 202 206 207 208 210 213 215 216 219 220 221 222 224 230 236 244 245 246 247 249 253 260 262 264 268 270 271 274 278 290 291 298 299 300 305 308 315
381 6 12 19 22 26 27 40 44 48 53 54 58 61 64 66 68 75 79 82 90 91 101 111 113 115 118 119 120 122 134 135 139 143 159 163 164 171 179 184 185 188 189 194 195 203 208 215 219 221 222 224 236 242 249 253 258 260 262 265 273 277 280 290 305 308
4 322 345
322 12 14 17 18 19 22 26 30 31 40 44 45 50 51 52 53 55 56 61 63 66 68 72 75 79 82 83 86 90 91 99 108 109 110 111 117 118 120 121 122 126 128 129 131 134 138 139 143 144 146 152 159 161 163 164 167 168 171 175 179 181 185 186 187 188 189 194 195 196 197 203 204 206 208 212 214 218 219 222 226 230 232 241 253 254 255 256 258 259 260 262 263 268 269 271 273 278 280 285 290 291 294 299 303 304 307 314
342 5 7 12 15 17 18 19 25 26 27 30 31 33 35 45 46 50 51 52 53 56 57 58 60 63 65 66 72 75 77 79 81 83 84 90 91 92 93 97 107 109 117 118 120 121 123 125 126 128 129 135 139 143 144 148 149 161 163 164 167 171 175 176 179 181 185 186 187 188 194 195 196 197 200 204 208 214 218 219 228 230 231 232 237 243 244 247 255 256 258 259 260 262 263 265 268 269 273 277 278 279 285 290 291 294 301 302 303 304 305 307 314 315
345 11 12 16 17 19 25 27 30 31 33 40 41 44 50 52 53 57 60 61 63 65 66 70 72 75 79 80 81 83 84 90 107 108 109 110 113 114 117 118 120 122 126 129 131 133 134 135 138 139 143 144 146 148 150 156 159 161 162 163 164 171 174 178 181 185 186 188 194 195 196 197 200 204 206 215 218 222 223 230 232 237 243 245 247 250 252 253 254 256 258 259 260 262 265 268 277 278 283 285 290 291 299 301 302 303 304 314
5
6 319 329 335 343
318 7 18 26 27 40 44 48 65 66 75 90 106 111 117 151 163 164 171 179 182 185 186 187 188 193 206 214 218 219 221 223 226 237 244 247 252 253 256 260 262 268 271 272 273 277 279 290 291 299 300 301 304
319 11 16 18 19 22 27 31 36 41 44 45 48 52 53 56 60 61 64 67 68 73 84 89 90 91 97 115 120 143 144 153 157 160 163 164 178 182 186 187 188 194 195 196 198 203 206 210 211 214 218 219 221 222 224 227 232 237 247 253 254 255 256 268 271 273 275 277 278 280 290 291 295 301 306 315
329 12 15 18 19 25 26 27 32 34 38 39 40 44 46 48 49 50 52 57 60 61 67 70 72 75 76 79 83 84 89 90 91 92 93 94 101 103 110 111 120 128 129 131 143 156 157 159 160 164 169 171 177 178 179 184 185 186 187 188 193 195 196 197 198 203 204 206 208 209 214 219 221 222 224 232 233 237 238 240 241 243 244 245 246 247 248 249 252 255 258 260 262 263 264 265 267 268 269 271 273 274 275 276 277 278 285 286 288 290 291 298 299 301 302 303 304 305 315
330 11 12 16 22 26 27 30 31 40 44 48 49 52 53 56 58 59 60 61 63 66 70 75 80 91 92 93 104 120 126 128 131 144 146 149 159 164 168 179 186 187 194 196 197 206 208 214 219 221 226 232 245 253 258 260 263 265 268 273 277 278 285 290 291 294 295 303
334 12 17 19 25 27 30 50 52 53 61 65 66 71 75 83 97 107 108 110 114 117 120 126 131 143 159 171 179 185 186 187 188 197 204 206 214 219 232 244 246 247 260 265 268 273 277 278 285 290 301 315
335 12 14 18 19 27 39 40 44 48 50 58 59 61 62 66 67 68 70 82 91 93 94 97 110 119 120 124 128 134 152 155 156 163 164 171 178 185 186 187 188 189 195 198 207 210 215 217 219 221 222 223 230 247 252 253 254 260 268 271 274 277 290 291 299 301 304 305
343 12 14 17 18 19 26 27 31 33 36 39 40 42 45 48 50 51 52 53 56 57 60 61 66 71 75 83 90 91 93 108 109 110 117 120 122 123 125 126 128 129 131 138 143 144 156 159 161 163 164 171 175 179 184 185 186 187 188 189 194 195 196 198 204 211 214 218 219 221 232 237 247 253 255 256 258 259 260 263 265 268 269 273 275 277 278 279 283 286 289 290 291 299 301 302 303 305 314 315
7
8
9
10 321 355 398 385 351
321 11 12 16 17 26 30 31 40 45 50 51 53 56 61 63 66 75 77 86 90 91 97 99 108 114 117 120 126 128 131 135 143 144 146 148 156 159 163 168 170 171 181 188 194 196 200 203 206 208 214 218 232 237 243 245 249 258 260 263 265 267 268 269 273 276 277 278 279 285 290 291 294 301 303 305 307 315
355 12 14 16 17 18 19 22 24 27 28 30 31 36 37 38 40 43 44 50 51 52 54 56 57 63 65 66 71 72 75 79 82 83 87 91 93 97 100 107 109 110 120 122 124 125 126 128 129 131 134 143 149 154 155 163 164 168 169 171 176 177 179 182 185 186 187 188 189 191 195 198 200 204 214 217 218 219 224 226 237 238 245 246 247 248 253 260 262 263 265 267 268 271 272 273 274 275 277 286 287 290 291 297 299 301 304 305 307 310 315
359 12 14 16 17 19 25 26 28 30 31 36 40 50 53 61 64 66 71 78 82 90 97 100 109 110 113 116 117 118 120 126 128 131 143 151 156 163 164 171 176 179 185 188 189 197 204 206 219 226 230 232 237 244 248 253 258 260 263 265 267 268 269 271 277 278 285 290 297 301 304 306 309 315
392 13 26 36 45 50 89 93 110 113 117 118 120 129 131 163 164 186 187 196 197 206 217 219 232 245 263 268 273 278 290 303 304
398 14 26 36 50 52 82 97 120 128 163 164 186 188 195 196 198 206 217 219 232 253 254 268 272 273 277 290
385 12 21 26 27 30 36 40 46 50 52 53 56 61 66 69 93 97 100 106 113 118 120 122 128 138 176 179 185 186 187 188 193 196 198 206 232 245 252 260 268 272 273 277 278 288 290 298 304 315
351 12 14 18 26 27 30 31 36 42 45 50 51 52 53 56 63 66 75 87 89 91 96 97 100 110 112 120 126 128 131 138 147 153 163 164 168 171 172 176 180 185 186 190 196 197 198 211 219 232 249 260 263 265 268 275 277 278 284 290 303 314 315
11
12 386 388 389 391 399 401 404 407 410 411 412 336 337 339 346 347 348 349 353 356 357 362 366 369 372 376
386 26 27 30 50 52 90 97 120 153 163 168 171 188 196 198 206 219 232 260 265 268 290 303 304
388 18 30 36 45 50 71 93 97 110 113 118 153 163 188 196 198 206 219 232 247 265 268 290 301
389 26 45 50 52 90 97 120 163 168 171 188 196 206 219 232 268 290 303
391 14 18 26 36 45 50 52 71 97 104 120 153 168 171 174 188 196 206 219 232 247 260 265 268 272 273 286 290 304
399 18 37 44 50 58 59 60 66 68 70 79 82 83 97 115 120 122 124 143 159 163 164 171 185 186 187 188 189 195 206 219 222 223 224 244 247 248 252 253 260 262 263 268 271 273 277 290 291 299 304
401 18 19 26 27 30 39 40 44 50 53 64 66 72 73 79 82 83 91 93 114 120 122 128 143 159 164 171 179 185 186 187 188 189 195 197 198 204 206 215 219 222 223 230 242 247 248 253 254 260 262 263 265 268 271 273 277 278 290 291 299 304 305 315
404 19 25 26 30 44 50 52 53 58 61 66 68 70 79 82 83 91 120 128 143 161 163 164 171 179 185 186 189 195 197 204 206 222 232 248 253 258 259 260 263 265 268 271 277 280 290 291 297 299 301 304 305 315
407 19 26 36 44 50 52 53 66 75 79 93 97 110 117 120 128 159 163 171 185 186 193 196 197 198 206 214 219 253 260 263 268 273 275 277 290 291 301 303 304 315
410 18 27 30 36 44 50 52 53 61 66 70 75 83 93 97 117 120 126 128 131 143 159 163 164 171 185 186 187 188 196 198 204 206 214 215 219 232 247 253 254 260 265 268 273 275 277 290 291 301 303 304 305 315
411 18 19 26 27 30 36 40 44 50 52 61 66 70 71 75 79 83 90 91 93 97 104 110 117 122 126 128 131 143 159 163 164 171 179 185 186 187 188 189 193 195 196 197 198 204 206 213 217 219 232 244 247 253 258 260 263 265 268 273 275 278 290 291 303 304 315
412 18 30 66 79 120 131 163 164 171 185 186 188 198 206 219 247 253 260 263 268 273 277 290 291 300
336 26 30 93 97 107 110 118 143 145 163 179 185 198 199 204 206 213 219 252 260 263 278
337 19 25 26 50 66 94 97 107 110 120 130 143 153 159 163 171 179 188 195 196 197 198 206 219 244 263 268 273 275 277 278 290 291 304 315
339 16 17 26 27 30 31 38 40 50 51 52 53 56 61 63 66 75 90 91 93 97 110 113 117 118 120 126 128 135 138 144 148 159 161 163 164 171 179 185 186 188 194 195 196 197 200 206 208 214 219 232 253 257 258 259 268 269 272 273 278 285 290 291 294 295 303 315
346 25 30 57 65 66 94 107 110 117 120 128 129 159 169 198 204 206 219 243 253 254 263 265 273 277 278 291 303 315
347 18 19 44 49 50 53 58 66 79 122 131 163 164 171 185 186 195 206 219 222 223 253 260 277 291 295
348 26 30 97 107 118 120 128 163 164 171 199 206 213 219 263 265 268 278 290
349 26 30 34 36 40 50 52 53 61 66 75 87 90 91 93 97 110 117 120 122 126 131 138 153 163 164 168 171 172 186 188 194 196 197 198 206 213 219 232 244 247 258 260 263 265 268 272 277 278 290 291 303 315
353 17 18 22 26 27 30 31 36 40 44 50 53 54 56 61 66 68 70 73 83 94 97 115 121 122 124 126 128 134 143 147 148 150 163 164 168 171 176 185 186 187 188 189 193 196 197 203 205 206 212 213 214 217 218 219 222 223 224 230 242 244 246 247 252 254 260 262 263 265 268 271 277 278 280 281 287 290 291 298 303 304 306
356 18 19 22 26 30 44 52 53 56 97 100 117 122 126 128 131 138 143 147 163 164 171 179 185 186 188 197 206 217 219 222 232 249 253 260 263 265 268 278 290 291 304 315
357 14 19 27 30 52 66 79 91 94 97 110 118 120 126 128 131 138 143 147 163 171 186 188 196 197 204 206 219 253 258 265 268 277 278 286 290 297 303 304
361 26 30 40 78 93 107 113 120 122 128 141 143 145 147 163 164 168 179 186 197 199 201 204 213 219 260 265 267 268 277 278 284 290 291 309 310 313 315
362 17 30 36 45 49 52 53 71 87 91 93 96 97 110 112 120 142 153 158 159 163 168 171 172 180 186 188 196 197 198 206 211 219 232 243 248 260 263 265 268 269 275 284 286 290 297 301 302 303 315
366 26 30 59 66 78 93 107 118 120 122 128 136 143 147 163 164 176 179 185 186 199 204 213 250 253 254 260 267 268 277 278 290 291 310 313 315
369 26 30 53 61 66 78 93 97 107 118 120 128 136 141 143 145 147 163 164 168 176 179 185 186 197 199 206 213 218 219 260 263 265 268 278 290 291 309 310
372 14 17 19 23 26 27 30 31 36 37 51 52 53 56 71 75 90 91 97 100 105 107 110 118 120 126 128 131 135 143 151 159 164 168 171 179 186 188 197 198 219 232 244 248 253 258 260 263 265 272 273 274 275 277 278 290 291 292 294 301 303 307 314 315
376 27 38 53 54 64 66 68 70 71 73 79 82 83 106 115 120 121 122 131 134 150 154 164 171 187 189 205 206 212 217 222 223 224 230 242 246 248 250 252 253 254 260 262 268 271 280 291 299 304 306
13
14 374
374 22 26 27 30 34 39 40 41 43 44 49 50 53 58 61 64 68 70 75 76 79 82 83 91 93 97 103 110 115 120 122 124 134 150 152 163 164 169 171 178 184 187 188 189 193 198 204 206 219 221 222 223 224 230 231 240 244 246 247 250 252 253 260 262 263 265 267 268 271 273 274 277 278 280 290 291 299 304 315
15
16
17 382
382 18 31 44 50 58 66 91 97 111 114 116 120 122 131 139 163 164 186 188 195 203 206 219 228 246 248 253 268 277 290 299 305 313 315
18 387 413 367 380
387 66 70 73 79 97 100 120 164 171 206 224 245 265 277 278 290
413 27 58 66 97 117 131 163 188 189 195 248 253 273 277 291 304
367 26 30 44 50 53 58 61 66 79 82 97 100 103 122 126 128 131 147 156 163 171 179 185 186 187 188 195 196 197 203 206 217 219 222 232 244 263 265 268 277 278 291 303 304 310 315
380 40 44 53 61 66 82 91 95 111 120 163 164 186 195 199 206 252 260 290 291 299 308
19
325 39 44 49 66 70 115 122 128 129 156 178 185 188 189 195 196 203 206 246 253 260 271 273 277 291 299 301 304
20
21
22
23
24
25
26 363 375
363 30 36 42 52 71 87 93 96 97 110 112 120 128 131 161 163 168 180 186 188 196 198 206 211 232 263 265 268 275 290 291 301 303 313
364 66 78 93 107 120 126 128 143 147 163 164 168 176 179 197 204 206 252 253 254 260 263 265 268 278 281 287 315
375 66 82 91 97 113 118 120 128 143 163 179 186 193 197 204 206 219 268 278 290
27 403 415
403 37 39 44 45 49 58 71 75 82 103 115 122 163 164 171 188 206 210 214 215 219 225 236 248 253 262 268 273 277 291 297 301 304
415 36 44 50 51 71 75 104 117 131 159 163 169 174 188 198 206 214 219 268 272 273 290 297 301 303
28 358
358 36 37 56 66 79 91 97 100 111 115 120 122 144 151 163 164 168 171 176 185 187 188 206 218 219 226 244 253 268 273 277 278 290 304 315
29
30 394 395 396 406
394 50 53 82 120 163 164 206 217 252 268 290 304
395 36 50 52 66 93 97 110 118 120 163 196 198 206 232 268 290 301 303 304
396 50 66 97 120 122 163 164 196 206 217 253 268 277 290 291 304 306
406 44 53 66 70 79 97 120 159 163 171 186 188 195 198 206 219 224 253 304 315
31
32
33
34
35
373 36 40 75 91 104 117 120 163 168 171 174 186 187 188 206 208 214 219 248 265 270 273 290 301 303 315
36
37
38
39
40
41
42
43
44 383
383 66 120 131 163 196 206 217 252 253 268 290 304
45
46
47
48
49
50 384 390
384 97 163 187 206 222 224 304
390 120 163 164 189 206 246 262 290 299 304
51
52
53
54
55
56
57
58
59
60
61
62
63
64
65
66 397
397 79 120 163 164 206 262 265 268 290 304
67
68
69
70
71
72
73
74
75
76
77
78
79
80
81
82
83
84
85
86
87
88
89
90
91
92
93
94
95
96
97
98
99
100
101
102
103
104
105
106
107
108
109
110
111
112
113
114
115
116
117
118
119
120
121
122
123
124
125
126
127
128
129
130
131
132
133
134
135
136
137
138
139
140
141
142
143
144
145
146
147
148
149
150
151
152
153
154
155
156
157
158
159
160
161
162
163
164
165
167
168
169
170
171
172
173
174
175
176
177
178
179
180
181
182
183
184
185
186
187
188
189
190
191
192
193
194
195
196
197
198
199
200
201
202
203
204
205
206
207
208
209
210
211
212
213
214
215
216
217
218
219
220
221
222
223
224
225
226
227
228
229
230
231
232
233
234
236
237
238
239
240
241
242
243
244
245
246
247
248
249
250
251
252
253
254
255
256
257
258
259
260
261
262
263
264
265
266
267
268
269
270
271
272
273
274
275
276
277
278
279
280
281
282
283
284
285
286
287
288
289
290
291
292
293
294
295
296
297
298
299
300
301
302
303
304
305
306
307
308
309
310
311
312
313
314
315
