1 323
1 324
1 327
1 328
1 393
1 333
1 402
1 400
1 360
1 370
1 377
1 316
2 354
2 324
2 328
2 331
2 333
2 365
2 408
2 338
2 371
2 340
2 341
2 377
2 344
2 370
2 378
2 316
2 350
2 405
3 408
3 409
3 414
3 316
3 317
3 320
3 323
3 324
3 326
3 328
3 331
3 332
3 333
3 338
3 352
3 354
3 360
3 365
3 368
3 371
3 379
3 381
4 322
4 324
4 327
4 328
4 331
4 333
4 360
4 370
4 371
4 340
4 341
4 342
4 377
4 344
4 345
4 408
4 405
5 328
5 333
5 365
5 405
5 342
5 344
5 377
6 316
6 317
6 318
6 319
6 320
6 323
6 324
6 326
6 327
6 328
6 329
6 330
6 331
6 333
6 334
6 335
6 338
6 343
6 360
6 370
6 371
6 377
6 378
6 379
6 381
7 354
7 326
7 327
7 328
7 332
7 370
7 342
7 318
8 332
8 377
8 324
8 317
8 333
9 354
9 332
9 365
9 371
9 405
9 377
10 352
10 321
10 355
10 324
10 359
10 392
10 393
10 333
10 398
10 365
10 385
10 408
10 370
10 371
10 342
10 344
10 377
10 316
10 317
10 350
10 351
11 321
11 323
11 324
11 327
11 405
11 330
11 331
11 332
11 333
11 365
11 408
11 370
11 371
11 340
11 341
11 377
11 344
11 345
11 316
11 319
12 385
12 386
12 388
12 389
12 391
12 393
12 399
12 400
12 401
12 402
12 404
12 405
12 407
12 409
12 410
12 411
12 412
12 414
12 316
12 317
12 320
12 321
12 322
12 323
12 324
12 326
12 327
12 328
12 329
12 330
12 331
12 332
12 333
12 334
12 335
12 336
12 337
12 338
12 339
12 340
12 341
12 342
12 343
12 344
12 345
12 346
12 347
12 348
12 349
12 351
12 352
12 353
12 354
12 355
12 356
12 357
12 359
12 360
12 361
12 362
12 366
12 368
12 369
12 370
12 371
12 372
12 376
12 377
12 378
12 381
13 392
13 365
13 317
13 333
13 327
14 391
14 398
14 400
14 411
14 316
14 317
14 320
14 322
14 324
14 327
14 328
14 331
14 332
14 333
14 335
14 343
14 344
14 351
14 352
14 355
14 357
14 359
14 371
14 372
14 374
14 377
14 378
15 324
15 329
15 333
15 342
15 316
15 317
16 320
16 321
16 323
16 324
16 326
16 327
16 330
16 355
16 333
16 359
16 408
16 339
16 371
16 405
16 343
16 344
16 345
16 377
16 350
16 319
17 405
17 408
17 414
17 317
17 320
17 321
17 322
17 323
17 324
17 326
17 327
17 329
17 331
17 332
17 333
17 334
17 338
17 339
17 340
17 342
17 343
17 344
17 345
17 350
17 352
17 353
17 354
17 355
17 359
17 360
17 362
17 365
17 370
17 371
17 372
17 377
17 382
18 387
18 388
18 391
18 399
18 401
18 402
18 404
18 407
18 409
18 410
18 411
18 412
18 413
18 414
18 316
18 317
18 318
18 319
18 320
18 322
18 323
18 324
18 326
18 327
18 328
18 329
18 331
18 333
18 335
18 340
18 342
18 343
18 344
18 345
18 347
18 351
18 352
18 353
18 355
18 356
18 357
18 359
18 360
18 365
18 367
18 368
18 371
18 374
18 377
18 378
18 379
18 380
18 382
19 401
19 404
19 407
19 408
19 409
19 411
19 414
19 316
19 317
19 319
19 320
19 322
19 323
19 324
19 325
19 326
19 327
19 328
19 329
19 331
19 332
19 333
19 334
19 335
19 337
19 338
19 340
19 341
19 342
19 343
19 344
19 345
19 347
19 352
19 354
19 355
19 356
19 357
19 359
19 360
19 365
19 368
19 370
19 371
19 372
19 377
19 379
19 381
20 377
21 320
21 385
21 324
21 393
21 333
21 365
21 370
21 344
21 316
21 317
21 350
22 352
22 353
22 322
22 355
22 324
22 409
22 327
22 328
22 330
22 333
22 381
22 371
22 374
22 377
22 376
22 356
22 316
22 317
22 319
23 324
23 333
23 370
23 371
23 372
23 405
23 408
23 377
23 316
23 317
24 355
24 324
24 365
24 368
24 371
24 317
25 400
25 404
25 405
25 316
25 317
25 320
25 324
25 326
25 327
25 328
25 329
25 331
25 333
25 334
25 337
25 338
25 340
25 342
25 343
25 344
25 345
25 346
25 352
25 354
25 359
25 365
25 370
25 371
26 385
26 386
26 389
26 391
26 392
26 398
26 401
26 404
26 405
26 407
26 408
26 409
26 411
26 414
26 318
26 320
26 321
26 322
26 323
26 324
26 326
26 327
26 328
26 329
26 330
26 331
26 333
26 336
26 337
26 338
26 339
26 340
26 341
26 342
26 343
26 344
26 348
26 349
26 351
26 352
26 353
26 354
26 356
26 357
26 359
26 360
26 361
26 363
26 364
26 365
26 366
26 367
26 368
26 369
26 370
26 371
26 372
26 374
26 375
26 377
26 378
26 379
26 381
27 385
27 386
27 388
27 401
27 402
27 403
27 410
27 411
27 413
27 414
27 415
27 316
27 317
27 318
27 319
27 320
27 323
27 324
27 326
27 327
27 328
27 329
27 330
27 331
27 332
27 333
27 334
27 335
27 338
27 339
27 340
27 342
27 343
27 344
27 345
27 351
27 352
27 353
27 355
27 357
27 360
27 365
27 368
27 370
27 371
27 372
27 374
27 376
27 377
27 379
27 381
28 320
28 354
28 355
28 324
28 358
28 326
28 359
28 332
28 333
28 377
28 379
28 316
28 317
29 324
29 317
30 385
30 386
30 388
30 389
30 393
30 394
30 395
30 396
30 400
30 401
30 402
30 404
30 405
30 406
30 410
30 411
30 412
30 414
30 317
30 321
30 322
30 323
30 324
30 326
30 327
30 328
30 329
30 330
30 333
30 334
30 336
30 338
30 339
30 340
30 341
30 342
30 343
30 344
30 345
30 346
30 348
30 349
30 350
30 351
30 352
30 353
30 354
30 355
30 356
30 357
30 359
30 360
30 361
30 362
30 363
30 364
30 365
30 366
30 367
30 368
30 369
30 370
30 372
30 374
30 377
30 378
30 379
31 405
31 408
31 409
31 316
31 317
31 319
31 320
31 321
31 322
31 323
31 324
31 326
31 327
31 328
31 330
31 331
31 332
31 333
31 338
31 339
31 340
31 341
31 342
31 343
31 344
31 345
31 350
31 351
31 353
31 355
31 359
31 365
31 370
31 371
31 372
31 377
31 382
32 320
32 323
32 324
32 326
32 327
32 360
32 329
32 333
32 370
32 344
32 377
32 379
32 316
33 324
33 333
33 408
33 341
33 342
33 343
33 344
33 345
33 377
34 323
34 324
34 326
34 329
34 331
34 333
34 349
34 370
34 371
34 374
34 379
34 316
34 317
34 350
35 324
35 327
35 328
35 333
35 373
35 342
35 377
35 317
36 385
36 386
36 388
36 391
36 392
36 393
36 395
36 398
36 407
36 410
36 411
36 414
36 415
36 317
36 319
36 320
36 323
36 324
36 326
36 327
36 328
36 331
36 332
36 333
36 340
36 343
36 346
36 349
36 350
36 351
36 352
36 353
36 355
36 358
36 359
36 360
36 362
36 363
36 368
36 370
36 371
36 372
36 373
36 377
36 378
37 355
37 324
37 358
37 333
37 399
37 402
37 403
37 372
37 379
37 316
37 317
38 352
38 353
38 355
38 324
38 326
38 327
38 329
38 371
38 332
38 333
38 402
38 370
38 339
38 376
38 377
38 379
38 316
38 317
38 414
39 401
39 402
39 403
39 316
39 317
39 320
39 323
39 324
39 325
39 326
39 328
39 329
39 331
39 333
39 335
39 343
39 344
39 360
39 368
39 370
39 374
39 377
39 379
40 385
40 401
40 402
40 405
40 408
40 409
40 411
40 414
40 317
40 318
40 320
40 321
40 322
40 323
40 324
40 326
40 327
40 328
40 329
40 330
40 331
40 333
40 335
40 339
40 340
40 342
40 343
40 344
40 345
40 349
40 350
40 352
40 353
40 354
40 355
40 359
40 360
40 361
40 368
40 371
40 373
40 374
40 377
40 380
40 381
41 324
41 328
41 333
41 374
41 377
41 345
41 379
41 317
41 319
42 352
42 363
42 332
42 333
42 400
42 371
42 343
42 377
42 350
42 351
43 352
43 354
43 355
43 324
43 326
43 327
43 328
43 332
43 333
43 402
43 374
43 377
43 378
43 379
44 396
44 399
44 401
44 403
44 404
44 406
44 407
44 409
44 410
44 411
44 412
44 414
44 415
44 316
44 317
44 318
44 319
44 322
44 324
44 325
44 327
44 328
44 329
44 330
44 331
44 333
44 335
44 345
44 347
44 352
44 353
44 355
44 356
44 360
44 367
44 368
44 371
44 374
44 376
44 377
44 378
44 379
44 380
44 381
44 382
44 383
45 388
45 389
45 391
45 392
45 393
45 403
45 405
45 408
45 414
45 316
45 317
45 319
45 320
45 321
45 322
45 324
45 331
45 333
45 338
45 340
45 342
45 343
45 344
45 350
45 351
45 362
45 371
45 372
46 385
46 356
46 328
46 329
46 371
46 333
46 339
46 340
46 342
46 344
47 377
48 409
48 414
48 316
48 317
48 318
48 319
48 320
48 323
48 324
48 326
48 327
48 328
48 329
48 330
48 331
48 333
48 335
48 338
48 343
48 344
48 356
48 360
48 365
48 366
48 370
48 371
48 377
48 379
48 381
49 393
49 399
49 400
49 402
49 403
49 316
49 317
49 324
49 325
49 326
49 328
49 329
49 330
49 331
49 333
49 335
49 344
49 347
49 360
49 362
49 370
49 374
50 384
50 385
50 386
50 387
50 388
50 389
50 390
50 391
50 392
50 393
50 394
50 395
50 396
50 398
50 399
50 400
50 401
50 402
50 404
50 405
50 407
50 408
50 410
50 411
50 412
50 414
50 415
50 316
50 317
50 320
50 321
50 322
50 323
50 324
50 326
50 327
50 328
50 329
50 332
50 333
50 334
50 335
50 337
50 338
50 339
50 340
50 341
50 342
50 343
50 344
50 345
50 347
50 349
50 350
50 351
50 352
50 353
50 354
50 355
50 359
50 360
50 364
50 365
50 366
50 367
50 368
50 370
50 371
50 372
50 374
50 377
50 378
50 379
50 381
50 382
51 393
51 405
51 408
51 415
51 321
51 322
51 323
51 324
51 326
51 328
51 329
51 333
51 338
51 339
51 340
51 341
51 342
51 343
51 344
51 345
51 350
51 351
51 352
51 354
51 355
51 365
51 371
51 372
51 377
51 379
52 385
52 386
52 388
52 389
52 391
52 392
52 393
52 395
52 398
52 404
52 405
52 407
52 408
52 410
52 411
52 414
52 316
52 317
52 319
52 320
52 322
52 323
52 324
52 326
52 328
52 329
52 330
52 331
52 333
52 334
52 338
52 339
52 340
52 341
52 342
52 343
52 344
52 345
52 349
52 350
52 351
52 352
52 354
52 355
52 356
52 357
52 360
52 362
52 363
52 365
52 371
52 372
52 377
53 385
53 394
53 399
53 401
53 402
53 404
53 405
53 406
53 407
53 408
53 409
53 410
53 411
53 414
53 316
53 317
53 319
53 320
53 321
53 322
53 323
53 324
53 326
53 327
53 328
53 329
53 330
53 331
53 332
53 333
53 334
53 335
53 338
53 339
53 340
53 341
53 342
53 343
53 344
53 345
53 347
53 349
53 350
53 351
53 352
53 353
53 356
53 357
53 359
53 360
53 362
53 367
53 368
53 369
53 370
53 371
53 372
53 374
53 376
53 377
53 380
53 381
54 353
54 355
54 324
54 326
54 333
54 370
54 371
54 374
54 376
54 379
54 316
54 381
55 322
55 324
55 360
55 333
55 377
55 316
56 385
56 405
56 408
56 316
56 317
56 319
56 320
56 321
56 322
56 323
56 324
56 325
56 326
56 327
56 328
56 330
56 331
56 332
56 333
56 338
56 339
56 340
56 341
56 342
56 343
56 344
56 345
56 350
56 351
56 352
56 353
56 354
56 355
56 356
56 358
56 360
56 365
56 368
56 370
56 371
56 372
56 377
57 402
57 316
57 320
57 321
57 324
57 326
57 327
57 329
57 333
57 338
57 340
57 342
57 343
57 344
57 345
57 346
57 352
57 354
57 355
57 365
57 368
57 370
57 371
57 377
58 399
58 401
58 403
58 404
58 413
58 316
58 317
58 323
58 324
58 327
58 330
58 333
58 335
58 338
58 342
58 343
58 344
58 347
58 360
58 365
58 367
58 370
58 374
58 377
58 379
58 381
58 382
59 320
59 324
59 326
59 327
59 328
59 330
59 333
59 366
59 335
59 399
59 316
59 414
60 393
60 399
60 414
60 316
60 317
60 319
60 320
60 323
60 324
60 326
60 327
60 328
60 329
60 330
60 331
60 333
60 340
60 341
60 342
60 343
60 345
60 370
60 377
60 379
61 385
61 402
61 404
61 405
61 408
61 409
61 410
61 411
61 414
61 317
61 319
61 320
61 321
61 322
61 323
61 324
61 326
61 327
61 328
61 329
61 330
61 331
61 333
61 334
61 335
61 338
61 339
61 340
61 341
61 343
61 344
61 345
61 349
61 350
61 352
61 353
61 354
61 359
61 360
61 367
61 368
61 369
61 370
61 371
61 372
61 374
61 377
61 380
61 381
62 324
62 360
62 331
62 332
62 333
62 335
62 316
63 405
63 408
63 317
63 320
63 321
63 322
63 327
63 328
63 330
63 331
63 332
63 333
63 338
63 339
63 341
63 342
63 344
63 345
63 351
63 355
63 365
63 370
63 371
63 377
64 399
64 401
64 404
64 411
64 414
64 316
64 317
64 319
64 320
64 323
64 324
64 326
64 327
64 331
64 333
64 353
64 359
64 371
64 374
64 376
64 378
64 381
65 316
65 317
65 318
65 324
65 327
65 328
65 332
65 333
65 334
65 338
65 340
65 342
65 343
65 344
65 345
65 346
65 352
65 354
65 355
65 365
65 368
65 370
65 371
65 377
66 385
66 387
66 395
66 396
66 397
66 399
66 401
66 404
66 406
66 407
66 409
66 410
66 411
66 412
66 413
66 414
66 316
66 317
66 318
66 319
66 320
66 321
66 322
66 323
66 324
66 325
66 326
66 327
66 328
66 330
66 331
66 332
66 333
66 334
66 335
66 337
66 339
66 340
66 342
66 343
66 344
66 345
66 346
66 347
66 349
66 350
66 351
66 352
66 353
66 354
66 355
66 356
66 357
66 358
66 359
66 360
66 361
66 364
66 365
66 366
66 367
66 368
66 369
66 370
66 371
66 374
66 375
66 376
66 377
66 378
66 379
66 380
66 381
66 382
66 383
67 320
67 323
67 324
67 327
67 328
67 329
67 331
67 333
67 335
67 370
67 377
67 379
67 316
67 319
68 353
68 322
68 324
68 327
68 328
68 333
68 335
68 371
68 399
68 374
68 381
68 376
68 404
68 379
68 316
68 317
68 414
68 319
69 385
69 324
69 327
69 333
69 316
69 317
70 387
70 399
70 401
70 404
70 406
70 409
70 410
70 411
70 414
70 316
70 317
70 322
70 324
70 325
70 327
70 329
70 330
70 333
70 335
70 340
70 345
70 353
70 371
70 374
70 376
70 377
71 388
71 391
71 399
71 402
71 403
71 411
71 415
71 317
71 320
71 324
71 327
71 328
71 331
71 332
71 333
71 334
71 343
71 349
71 350
71 351
71 352
71 355
71 359
71 362
71 363
71 371
71 372
71 376
71 377
71 378
72 352
72 322
72 355
72 324
72 328
72 329
72 330
72 408
72 333
72 365
72 401
72 370
72 371
72 340
72 405
72 342
72 377
72 344
72 345
73 320
73 353
73 355
73 324
73 326
73 327
73 387
73 333
73 401
73 371
73 376
73 316
73 317
73 414
73 319
74 377
74 354
74 350
75 402
75 403
75 407
75 408
75 409
75 410
75 411
75 414
75 415
75 316
75 317
75 318
75 319
75 320
75 321
75 322
75 323
75 324
75 326
75 327
75 328
75 329
75 330
75 331
75 332
75 333
75 334
75 338
75 339
75 340
75 341
75 342
75 343
75 344
75 345
75 346
75 349
75 350
75 351
75 355
75 371
75 372
75 373
75 374
75 377
75 378
75 381
75 382
76 323
76 324
76 328
76 329
76 331
76 333
76 370
76 371
76 374
76 316
76 317
77 321
77 331
77 332
77 333
77 365
77 371
77 405
77 342
77 344
77 377
77 316
77 350
78 320
78 354
78 323
78 359
78 361
78 364
78 333
78 366
78 365
78 368
78 369
78 370
79 385
79 387
79 397
79 399
79 400
79 401
79 404
79 406
79 407
79 409
79 410
79 411
79 412
79 414
79 317
79 322
79 323
79 324
79 326
79 327
79 329
79 333
79 335
79 340
79 342
79 344
79 345
79 347
79 352
79 353
79 354
79 355
79 357
79 358
79 367
79 368
79 370
79 371
79 374
79 376
79 377
79 378
79 379
79 381
80 320
80 323
80 330
80 332
80 365
80 408
80 345
80 317
81 324
81 328
81 333
81 365
81 408
81 371
81 340
81 341
81 342
81 377
81 344
81 345
81 405
82 390
82 394
82 398
82 399
82 400
82 401
82 403
82 404
82 409
82 414
82 316
82 317
82 322
82 323
82 324
82 327
82 328
82 331
82 333
82 335
82 340
82 345
82 353
82 355
82 359
82 365
82 367
82 370
82 371
82 374
82 375
82 376
82 380
82 381
83 399
83 401
83 404
83 410
83 411
83 414
83 316
83 317
83 320
83 322
83 324
83 327
83 329
83 333
83 334
83 339
83 340
83 342
83 343
83 345
83 347
83 352
83 353
83 355
83 365
83 374
83 376
83 377
84 320
84 324
84 326
84 328
84 329
84 333
84 365
84 368
84 408
84 370
84 371
84 405
84 342
84 344
84 345
84 319
85 377
85 354
86 321
86 322
86 323
86 324
86 327
86 328
86 332
86 333
86 365
86 408
86 370
86 405
86 344
86 316
86 414
87 320
87 352
87 355
87 362
87 363
87 333
87 349
87 350
87 351
88 326
88 328
88 331
88 333
88 408
88 371
88 341
88 344
88 377
88 316
89 352
89 395
89 324
89 327
89 328
89 329
89 362
89 331
89 332
89 333
89 392
89 371
89 393
89 344
89 351
89 317
89 350
89 319
90 386
90 389
90 400
90 405
90 411
90 414
90 316
90 317
90 318
90 319
90 320
90 321
90 322
90 323
90 324
90 326
90 327
90 328
90 329
90 330
90 331
90 332
90 333
90 338
90 339
90 340
90 341
90 342
90 343
90 344
90 345
90 349
90 350
90 354
90 359
90 360
90 365
90 370
90 371
90 372
90 377
90 378
90 379
90 381
91 400
91 401
91 402
91 404
91 405
91 408
91 411
91 414
91 316
91 317
91 319
91 320
91 321
91 322
91 323
91 324
91 326
91 328
91 329
91 330
91 331
91 332
91 333
91 335
91 338
91 339
91 342
91 343
91 344
91 345
91 349
91 350
91 351
91 352
91 353
91 354
91 355
91 357
91 358
91 360
91 362
91 365
91 370
91 371
91 372
91 373
91 374
91 375
91 377
91 378
91 379
91 380
91 381
91 382
92 324
92 326
92 327
92 328
92 329
92 330
92 331
92 333
92 340
92 342
92 377
92 379
92 316
92 317
93 385
93 386
93 388
93 392
93 393
93 395
93 401
93 402
93 407
93 408
93 409
93 410
93 411
93 414
93 317
93 320
93 324
93 326
93 327
93 328
93 329
93 330
93 332
93 333
93 335
93 336
93 339
93 342
93 343
93 349
93 350
93 351
93 352
93 355
93 360
93 361
93 362
93 363
93 364
93 365
93 366
93 368
93 369
93 370
93 371
93 374
93 377
93 379
94 352
94 353
94 324
94 357
94 360
94 327
94 328
94 329
94 331
94 332
94 333
94 335
94 400
94 337
94 370
94 344
94 346
94 379
94 316
94 317
95 324
95 326
95 327
95 328
95 380
95 333
95 360
95 370
95 377
95 379
95 316
95 381
96 352
96 324
96 362
96 363
96 333
96 371
96 344
96 349
96 350
96 351
97 384
97 385
97 386
97 387
97 388
97 389
97 391
97 392
97 393
97 395
97 396
97 398
97 399
97 400
97 401
97 406
97 407
97 409
97 410
97 411
97 413
97 414
97 317
97 319
97 320
97 321
97 324
97 326
97 327
97 328
97 331
97 332
97 333
97 334
97 335
97 336
97 337
97 338
97 339
97 340
97 341
97 342
97 344
97 345
97 348
97 349
97 350
97 351
97 352
97 353
97 354
97 355
97 356
97 357
97 358
97 359
97 360
97 362
97 363
97 367
97 368
97 369
97 370
97 371
97 372
97 374
97 375
97 377
97 378
97 382
98 377
98 331
98 324
98 405
99 321
99 322
99 324
99 327
99 360
99 331
99 333
99 340
99 341
99 408
99 405
100 385
100 387
100 399
100 402
100 411
100 316
100 317
100 320
100 322
100 323
100 324
100 326
100 327
100 328
100 329
100 331
100 332
100 333
100 338
100 341
100 344
100 350
100 351
100 352
100 353
100 354
100 355
100 356
100 358
100 359
100 360
100 367
100 370
100 371
100 372
100 379
101 354
101 324
101 329
101 333
101 377
101 379
101 381
102 322
102 324
102 331
102 333
102 344
102 377
103 323
103 324
103 327
103 328
103 329
103 331
103 333
103 379
103 335
103 360
103 370
103 403
103 374
103 344
103 377
103 367
103 316
103 317
104 320
104 323
104 324
104 326
104 391
104 330
104 331
104 332
104 333
104 402
104 340
104 373
104 409
104 377
104 411
104 317
104 414
104 415
105 324
105 326
105 333
105 402
105 372
105 344
105 379
106 385
106 323
106 324
106 326
106 327
106 328
106 331
106 333
106 375
106 376
106 378
106 316
106 317
106 318
107 317
107 324
107 333
107 334
107 336
107 337
107 338
107 340
107 341
107 342
107 344
107 345
107 346
107 348
107 350
107 352
107 354
107 355
107 359
107 361
107 364
107 365
107 366
107 368
107 369
107 370
107 372
107 377
107 378
108 320
108 321
108 322
108 324
108 326
108 327
108 331
108 333
108 334
108 338
108 371
108 340
108 341
108 342
108 343
108 344
108 345
108 317
108 377
109 320
109 322
109 355
109 324
109 326
109 327
109 331
109 333
109 359
109 338
109 339
109 371
109 341
109 342
109 343
109 344
109 345
109 317
109 350
109 377
110 388
110 392
110 393
110 395
110 402
110 407
110 411
110 414
110 317
110 320
110 322
110 323
110 324
110 326
110 327
110 328
110 329
110 331
110 332
110 333
110 334
110 335
110 336
110 337
110 339
110 340
110 343
110 344
110 345
110 346
110 349
110 350
110 351
110 352
110 355
110 357
110 359
110 360
110 362
110 363
110 368
110 370
110 371
110 372
110 374
110 377
111 408
111 316
111 317
111 318
111 320
111 322
111 323
111 324
111 327
111 328
111 329
111 331
111 333
111 341
111 344
111 358
111 360
111 370
111 372
111 377
111 378
111 379
111 380
111 381
111 382
112 352
112 324
112 362
112 363
112 332
112 333
112 371
112 377
112 317
112 350
112 351
113 385
113 388
113 392
113 408
113 316
113 320
113 324
113 333
113 339
113 345
113 350
113 352
113 354
113 359
113 360
113 361
113 362
113 365
113 368
113 371
113 372
113 375
113 377
113 381
114 321
114 370
114 324
114 401
114 328
114 408
114 333
114 334
114 365
114 360
114 338
114 340
114 341
114 342
114 377
114 344
114 345
114 379
114 316
114 382
114 405
115 353
115 324
115 325
115 358
115 403
115 333
115 381
115 371
115 414
115 374
115 376
115 399
115 316
115 317
115 318
115 319
116 328
116 377
116 382
116 359
117 392
117 405
117 407
117 408
117 409
117 410
117 411
117 413
117 414
117 415
117 316
117 317
117 318
117 321
117 322
117 323
117 324
117 327
117 328
117 329
117 331
117 332
117 333
117 334
117 338
117 339
117 340
117 341
117 342
117 343
117 344
117 345
117 346
117 349
117 356
117 359
117 371
117 373
117 377
118 385
118 388
118 392
118 395
118 405
118 316
118 317
118 320
118 322
118 324
118 333
118 336
118 338
118 339
118 340
118 341
118 342
118 344
118 345
118 348
118 350
118 352
118 354
118 357
118 359
118 360
118 365
118 366
118 368
118 369
118 370
118 372
118 375
118 377
118 378
118 381
119 320
119 323
119 324
119 326
119 327
119 328
119 331
119 333
119 335
119 343
119 379
119 381
120 317
120 319
120 320
120 321
120 322
120 323
120 324
120 326
120 327
120 328
120 329
120 330
120 331
120 332
120 333
120 334
120 335
120 336
120 337
120 338
120 339
120 340
120 341
120 342
120 343
120 344
120 345
120 346
120 348
120 349
120 350
120 351
120 352
120 353
120 354
120 355
120 356
120 357
120 358
120 359
120 360
120 361
120 362
120 363
120 364
120 365
120 366
120 367
120 368
120 369
120 370
120 371
120 372
120 373
120 374
120 375
120 376
120 377
120 378
120 379
120 380
120 381
120 382
120 383
120 385
120 386
120 387
120 388
120 389
120 390
120 391
120 392
120 393
120 394
120 395
120 396
120 397
120 398
120 399
120 400
120 401
120 402
120 404
120 405
120 406
120 407
120 408
120 409
120 410
120 411
120 412
120 414
121 353
121 322
121 323
121 324
121 401
121 331
121 333
121 376
121 342
121 354
121 377
121 316
121 317
122 385
122 396
122 399
122 400
122 401
122 403
122 409
122 411
122 414
122 317
122 320
122 322
122 323
122 324
122 325
122 326
122 327
122 328
122 331
122 333
122 343
122 344
122 345
122 347
122 349
122 352
122 353
122 354
122 355
122 356
122 358
122 361
122 365
122 366
122 367
122 368
122 370
122 371
122 374
122 376
122 377
122 379
122 381
122 382
123 320
123 354
123 327
123 333
123 370
123 340
123 342
123 343
123 344
123 316
124 320
124 353
124 355
124 324
124 326
124 327
124 328
124 333
124 335
124 371
124 399
124 374
124 376
124 378
124 379
124 316
124 317
124 414
125 320
125 352
125 370
125 355
125 324
125 326
125 328
125 333
125 365
125 408
125 338
125 371
125 342
125 343
125 344
126 392
126 405
126 408
126 410
126 411
126 414
126 317
126 318
126 320
126 321
126 322
126 323
126 324
126 326
126 327
126 328
126 329
126 330
126 332
126 333
126 334
126 338
126 339
126 340
126 341
126 342
126 343
126 344
126 345
126 349
126 350
126 351
126 352
126 353
126 354
126 355
126 356
126 357
126 359
126 360
126 364
126 365
126 367
126 368
126 370
126 371
126 372
126 377
126 378
127 328
127 327
128 385
128 398
128 400
128 401
128 404
128 405
128 407
128 408
128 409
128 410
128 411
128 414
128 317
128 320
128 321
128 322
128 323
128 324
128 325
128 326
128 327
128 328
128 329
128 330
128 331
128 333
128 335
128 338
128 339
128 340
128 342
128 343
128 344
128 345
128 346
128 348
128 349
128 350
128 351
128 352
128 353
128 354
128 355
128 356
128 357
128 359
128 360
128 361
128 363
128 364
128 365
128 366
128 367
128 368
128 369
128 370
128 371
128 372
128 375
128 377
128 379
129 392
129 405
129 316
129 317
129 320
129 322
129 323
129 324
129 325
129 327
129 328
129 329
129 332
129 333
129 338
129 339
129 340
129 342
129 343
129 344
129 345
129 346
129 355
129 365
129 371
129 377
129 379
129 381
130 328
130 337
130 324
130 317
131 392
131 393
131 402
131 405
131 408
131 410
131 411
131 412
131 413
131 414
131 415
131 316
131 317
131 321
131 322
131 323
131 326
131 327
131 328
131 329
131 330
131 331
131 333
131 334
131 339
131 340
131 341
131 342
131 343
131 344
131 345
131 347
131 349
131 350
131 351
131 352
131 354
131 355
131 356
131 357
131 359
131 360
131 362
131 363
131 365
131 367
131 368
131 371
131 372
131 376
131 377
131 378
131 379
131 382
131 383
132 377
133 408
133 324
133 328
133 333
133 360
133 370
133 371
133 340
133 341
133 342
133 377
133 344
133 345
133 378
133 405
134 409
134 353
134 322
134 323
134 324
134 326
134 327
134 371
134 333
134 335
134 355
134 381
134 374
134 377
134 376
134 345
134 378
134 316
134 317
134 414
135 405
135 320
135 321
135 322
135 324
135 326
135 327
135 328
135 333
135 338
135 339
135 340
135 341
135 342
135 343
135 344
135 345
135 352
135 355
135 365
135 368
135 370
135 371
135 372
135 377
135 379
135 381
136 368
136 361
136 365
136 366
136 369
137 377
137 332
137 333
138 385
138 393
138 408
138 316
138 317
138 320
138 322
138 324
138 329
138 331
138 333
138 339
138 341
138 342
138 343
138 344
138 345
138 349
138 351
138 352
138 354
138 356
138 357
138 359
138 365
138 371
139 322
139 324
139 408
139 331
139 333
139 401
139 371
139 340
139 405
139 342
139 377
139 344
139 345
139 381
139 382
140 333
140 371
140 405
140 377
140 378
140 350
141 324
141 361
141 333
141 366
141 365
141 368
141 369
141 377
142 362
142 324
142 378
143 399
143 400
143 401
143 402
143 404
143 405
143 407
143 408
143 410
143 411
143 414
143 317
143 319
143 320
143 321
143 322
143 323
143 324
143 326
143 327
143 328
143 329
143 331
143 333
143 334
143 336
143 337
143 338
143 339
143 340
143 342
143 343
143 344
143 345
143 348
143 350
143 352
143 353
143 355
143 356
143 357
143 359
143 360
143 361
143 364
143 365
143 366
143 368
143 369
143 370
143 371
143 372
143 375
143 377
143 379
143 381
144 405
144 408
144 316
144 317
144 319
144 320
144 321
144 322
144 323
144 324
144 330
144 331
144 332
144 333
144 338
144 339
144 340
144 342
144 343
144 344
144 345
144 358
144 365
144 377
144 379
145 368
145 324
145 361
145 365
145 366
145 333
145 336
145 369
145 317
146 320
146 321
146 322
146 324
146 327
146 330
146 331
146 332
146 333
146 371
146 405
146 377
146 344
146 345
146 350
147 352
147 353
147 354
147 324
147 357
147 360
147 361
147 363
147 364
147 333
147 366
147 365
147 368
147 369
147 370
147 356
147 367
147 317
147 350
147 351
148 320
148 321
148 408
148 323
148 324
148 327
148 328
148 331
148 414
148 333
148 353
148 352
148 339
148 340
148 341
148 342
148 377
148 344
148 345
148 316
148 371
149 320
149 352
149 370
149 323
149 324
149 326
149 328
149 330
149 371
149 333
149 365
149 338
149 355
149 342
149 344
149 345
150 353
150 354
150 323
150 324
150 326
150 333
150 371
150 374
150 376
150 345
150 317
151 320
151 324
151 358
151 359
151 333
151 372
151 377
151 379
151 316
151 317
151 318
152 322
152 323
152 324
152 326
152 327
152 328
152 331
152 333
152 335
152 360
152 370
152 374
152 377
152 379
152 316
152 317
153 320
153 388
153 386
153 324
153 326
153 391
153 393
153 362
153 331
153 333
153 349
153 337
153 371
153 377
153 351
153 317
153 350
153 319
154 376
154 355
154 333
155 354
155 355
155 324
155 326
155 327
155 328
155 331
155 332
155 333
155 335
155 402
155 377
155 378
155 379
156 405
156 408
156 409
156 317
156 320
156 321
156 322
156 323
156 324
156 325
156 326
156 327
156 329
156 331
156 332
156 333
156 335
156 338
156 340
156 341
156 343
156 344
156 345
156 350
156 354
156 359
156 367
156 371
156 377
157 320
157 354
157 324
157 326
157 327
157 329
157 331
157 333
157 370
157 377
157 408
157 356
157 319
158 324
158 362
158 316
158 333
159 399
159 401
159 402
159 404
159 405
159 406
159 407
159 408
159 410
159 411
159 414
159 415
159 316
159 317
159 320
159 321
159 322
159 323
159 324
159 326
159 327
159 328
159 329
159 330
159 331
159 332
159 333
159 334
159 337
159 338
159 339
159 340
159 341
159 343
159 344
159 345
159 346
159 350
159 352
159 353
159 354
159 355
159 360
159 362
159 368
159 371
159 372
159 377
159 378
159 379
159 381
160 324
160 328
160 329
160 331
160 333
160 402
160 360
160 370
160 379
160 316
160 319
161 320
161 322
161 324
161 405
161 363
161 333
161 408
161 339
161 404
161 341
161 342
161 343
161 344
161 345
161 316
161 377
162 345
162 332
162 350
162 326
163 316
163 317
163 318
163 319
163 320
163 321
163 322
163 323
163 324
163 325
163 326
163 327
163 328
163 329
163 330
163 331
163 332
163 333
163 334
163 335
163 336
163 337
163 338
163 339
163 340
163 341
163 342
163 343
163 344
163 345
163 346
163 347
163 348
163 349
163 350
163 351
163 352
163 353
163 354
163 355
163 356
163 357
163 358
163 359
163 360
163 361
163 362
163 363
163 364
163 365
163 366
163 367
163 368
163 369
163 370
163 371
163 372
163 373
163 374
163 375
163 376
163 377
163 378
163 379
163 380
163 381
163 382
163 383
163 384
163 385
163 386
163 387
163 388
163 389
163 390
163 391
163 392
163 393
163 394
163 395
163 396
163 397
163 398
163 399
163 400
163 401
163 402
163 403
163 404
163 406
163 407
163 408
163 409
163 410
163 411
163 412
163 413
163 414
163 415
164 384
164 387
164 390
164 392
164 394
164 396
164 397
164 398
164 399
164 401
164 403
164 404
164 407
164 409
164 410
164 411
164 412
164 414
164 316
164 317
164 318
164 319
164 320
164 322
164 323
164 324
164 326
164 327
164 328
164 329
164 330
164 331
164 332
164 333
164 335
164 339
164 340
164 341
164 342
164 343
164 344
164 345
164 347
164 348
164 349
164 350
164 351
164 352
164 353
164 354
164 355
164 356
164 358
164 359
164 360
164 361
164 364
164 365
164 366
164 367
164 368
164 369
164 370
164 371
164 372
164 374
164 376
164 377
164 378
164 379
164 380
164 381
164 382
164 383
165 324
165 333
165 365
165 370
165 371
165 405
165 408
165 377
165 316
167 322
167 324
167 327
167 360
167 331
167 333
167 365
167 408
167 338
167 371
167 340
167 341
167 342
167 377
167 344
167 370
167 405
168 386
168 389
168 391
168 400
168 408
168 317
168 320
168 321
168 322
168 324
168 326
168 327
168 328
168 329
168 330
168 331
168 332
168 333
168 349
168 350
168 351
168 352
168 353
168 354
168 355
168 358
168 360
168 361
168 362
168 363
168 364
168 368
168 369
168 370
168 371
168 372
168 373
168 377
168 378
168 379
169 320
169 352
169 354
169 355
169 324
169 326
169 327
169 328
169 329
169 331
169 332
169 333
169 402
169 374
169 344
169 377
169 346
169 379
169 317
169 414
169 415
170 320
170 321
170 354
170 324
170 333
170 370
170 405
170 408
171 386
171 387
171 388
171 389
171 391
171 399
171 401
171 402
171 403
171 404
171 405
171 406
171 407
171 408
171 409
171 410
171 411
171 412
171 414
171 415
171 316
171 317
171 318
171 320
171 321
171 322
171 323
171 324
171 326
171 327
171 328
171 329
171 331
171 332
171 333
171 334
171 335
171 337
171 338
171 339
171 340
171 341
171 342
171 343
171 344
171 345
171 347
171 348
171 349
171 350
171 351
171 352
171 353
171 354
171 355
171 356
171 357
171 358
171 359
171 360
171 362
171 365
171 367
171 368
171 370
171 371
171 372
171 373
171 374
171 376
171 377
171 379
171 381
172 352
172 324
172 362
172 332
172 333
172 402
172 377
172 349
172 351
173 379
173 370
173 323
174 320
174 409
174 323
174 324
174 327
174 391
174 331
174 402
174 340
174 373
174 377
174 344
174 345
174 317
174 415
175 320
175 322
175 324
175 333
175 338
175 340
175 342
175 343
175 408
175 345
175 377
176 385
176 405
176 408
176 316
176 320
176 323
176 324
176 328
176 331
176 332
176 333
176 342
176 344
176 351
176 352
176 353
176 354
176 355
176 358
176 359
176 361
176 364
176 365
176 366
176 368
176 369
176 370
176 371
176 379
177 329
177 355
177 377
178 400
178 402
178 414
178 316
178 317
178 319
178 320
178 323
178 324
178 325
178 326
178 327
178 328
178 329
178 331
178 333
178 335
178 344
178 345
178 356
178 360
178 370
178 374
178 377
178 379
179 385
179 401
179 404
179 405
179 408
179 411
179 414
179 316
179 317
179 318
179 320
179 321
179 322
179 323
179 324
179 326
179 327
179 329
179 330
179 331
179 333
179 334
179 336
179 337
179 338
179 339
179 340
179 341
179 342
179 343
179 344
179 345
179 350
179 352
179 353
179 354
179 355
179 356
179 359
179 360
179 361
179 364
179 365
179 366
179 367
179 368
179 369
179 370
179 371
179 372
179 375
179 377
179 379
179 381
180 352
180 324
180 362
180 363
180 332
180 350
180 351
181 321
181 322
181 324
181 333
181 365
181 408
181 370
181 340
181 341
181 342
181 377
181 344
181 345
182 320
182 352
182 354
182 355
182 324
182 326
182 327
182 328
182 331
182 332
182 333
182 335
182 402
182 350
182 377
182 378
182 379
182 318
182 319
183 379
183 324
183 317
183 365
184 320
184 355
184 324
184 329
184 331
184 333
184 381
184 374
184 343
184 344
184 317
185 385
185 399
185 400
185 401
185 404
185 407
185 409
185 410
185 411
185 412
185 414
185 316
185 317
185 318
185 320
185 322
185 323
185 324
185 325
185 326
185 327
185 328
185 329
185 330
185 331
185 333
185 334
185 335
185 336
185 338
185 339
185 340
185 342
185 343
185 344
185 345
185 347
185 350
185 351
185 353
185 355
185 356
185 358
185 359
185 360
185 365
185 366
185 367
185 368
185 369
185 370
185 371
185 374
185 377
185 378
185 379
185 381
186 385
186 392
186 398
186 399
186 401
186 404
186 405
186 406
186 407
186 408
186 409
186 410
186 411
186 412
186 316
186 317
186 318
186 319
186 320
186 321
186 322
186 323
186 324
186 326
186 327
186 328
186 329
186 330
186 331
186 333
186 334
186 335
186 339
186 340
186 341
186 342
186 343
186 344
186 345
186 347
186 349
186 350
186 351
186 353
186 354
186 355
186 356
186 357
186 360
186 361
186 362
186 363
186 365
186 366
186 367
186 368
186 369
186 370
186 371
186 372
186 373
186 374
186 375
186 377
186 380
186 382
187 384
187 385
187 392
187 399
187 401
187 409
187 410
187 411
187 414
187 316
187 317
187 318
187 319
187 320
187 322
187 323
187 324
187 326
187 327
187 329
187 330
187 331
187 333
187 334
187 335
187 338
187 340
187 341
187 342
187 343
187 344
187 345
187 350
187 352
187 353
187 354
187 355
187 358
187 360
187 367
187 368
187 370
187 371
187 373
187 374
187 376
187 377
187 378
188 385
188 386
188 388
188 389
188 391
188 398
188 399
188 400
188 401
188 402
188 403
188 404
188 405
188 406
188 407
188 408
188 409
188 410
188 411
188 412
188 413
188 414
188 415
188 317
188 318
188 319
188 320
188 321
188 322
188 323
188 324
188 325
188 326
188 327
188 328
188 329
188 331
188 332
188 333
188 334
188 335
188 337
188 338
188 339
188 340
188 341
188 342
188 343
188 344
188 345
188 349
188 350
188 351
188 352
188 353
188 354
188 355
188 356
188 357
188 358
188 359
188 360
188 362
188 363
188 365
188 367
188 368
188 370
188 371
188 372
188 373
188 374
188 377
188 378
188 379
188 381
188 382
189 390
189 399
189 401
189 404
189 411
189 413
189 414
189 316
189 317
189 319
189 322
189 324
189 325
189 326
189 327
189 328
189 333
189 335
189 343
189 347
189 353
189 355
189 359
189 368
189 370
189 371
189 372
189 374
189 376
189 378
189 381
190 393
190 408
190 341
190 344
190 350
190 351
191 355
191 360
191 331
191 333
191 377
192 377
192 331
192 405
193 320
193 353
193 323
193 324
193 326
193 327
193 328
193 329
193 331
193 333
193 385
193 370
193 371
193 407
193 374
193 375
193 411
193 316
193 317
193 318
194 405
194 408
194 316
194 319
194 320
194 321
194 322
194 323
194 324
194 326
194 327
194 328
194 330
194 331
194 333
194 338
194 339
194 340
194 342
194 343
194 344
194 345
194 349
194 350
194 352
194 354
194 359
194 370
194 371
194 377
194 381
195 398
195 399
195 401
195 403
195 404
195 406
195 408
195 411
195 413
195 414
195 316
195 317
195 318
195 319
195 320
195 322
195 323
195 324
195 325
195 326
195 328
195 329
195 331
195 333
195 335
195 337
195 338
195 339
195 340
195 342
195 343
195 344
195 345
195 347
195 352
195 354
195 355
195 356
195 360
195 365
195 367
195 368
195 370
195 374
195 377
195 379
195 380
195 381
195 382
196 385
196 386
196 388
196 389
196 391
196 392
196 393
196 395
196 396
196 398
196 405
196 407
196 408
196 409
196 410
196 411
196 412
196 414
196 316
196 317
196 319
196 320
196 321
196 322
196 323
196 324
196 325
196 326
196 327
196 328
196 329
196 330
196 331
196 332
196 333
196 337
196 338
196 339
196 340
196 341
196 342
196 343
196 344
196 345
196 349
196 350
196 351
196 352
196 353
196 354
196 355
196 357
196 360
196 362
196 363
196 365
196 367
196 368
196 370
196 371
196 377
196 383
197 392
197 401
197 404
197 407
197 408
197 411
197 414
197 316
197 317
197 318
197 320
197 322
197 323
197 324
197 326
197 327
197 328
197 329
197 330
197 331
197 332
197 333
197 334
197 337
197 338
197 339
197 340
197 341
197 342
197 343
197 344
197 345
197 346
197 347
197 349
197 350
197 351
197 352
197 353
197 354
197 355
197 356
197 357
197 359
197 360
197 361
197 362
197 364
197 365
197 367
197 368
197 369
197 370
197 371
197 372
197 375
197 377
197 378
198 385
198 386
198 388
198 391
198 393
198 395
198 398
198 401
198 402
198 406
198 407
198 409
198 410
198 411
198 412
198 414
198 415
198 317
198 319
198 320
198 323
198 324
198 326
198 327
198 328
198 329
198 331
198 332
198 333
198 335
198 336
198 337
198 343
198 346
198 349
198 350
198 351
198 352
198 355
198 360
198 362
198 363
198 368
198 370
198 371
198 372
198 374
198 377
199 352
199 368
199 324
199 361
199 365
199 366
199 336
199 369
199 400
199 371
199 380
199 348
199 317
199 414
200 408
200 316
200 320
200 321
200 323
200 324
200 327
200 330
200 331
200 333
200 338
200 339
200 340
200 341
200 342
200 344
200 345
200 355
200 360
200 365
200 368
200 370
200 371
200 377
201 368
201 361
201 370
201 365
202 320
202 352
202 324
202 333
202 402
202 377
202 379
202 317
203 405
203 408
203 319
203 320
203 321
203 322
203 323
203 324
203 325
203 326
203 327
203 329
203 331
203 333
203 344
203 353
203 354
203 356
203 360
203 367
203 370
203 371
203 378
203 381
203 382
204 400
204 401
204 404
204 410
204 411
204 414
204 316
204 317
204 320
204 322
204 324
204 326
204 327
204 328
204 329
204 331
204 332
204 333
204 334
204 336
204 337
204 338
204 340
204 342
204 343
204 344
204 345
204 346
204 352
204 354
204 355
204 357
204 359
204 360
204 361
204 364
204 365
204 366
204 368
204 370
204 371
204 374
204 375
204 377
204 381
205 353
205 324
205 328
205 333
205 376
205 377
205 379
205 316
205 317
205 318
206 316
206 317
206 318
206 319
206 320
206 321
206 322
206 323
206 324
206 325
206 326
206 327
206 328
206 329
206 330
206 331
206 332
206 333
206 334
206 335
206 336
206 337
206 338
206 339
206 340
206 341
206 342
206 343
206 344
206 345
206 346
206 347
206 348
206 349
206 350
206 351
206 352
206 353
206 354
206 355
206 356
206 357
206 358
206 359
206 360
206 361
206 362
206 363
206 364
206 365
206 366
206 367
206 368
206 369
206 370
206 371
206 373
206 374
206 375
206 376
206 377
206 378
206 379
206 380
206 381
206 382
206 383
206 384
206 385
206 386
206 387
206 388
206 389
206 390
206 391
206 392
206 394
206 395
206 396
206 397
206 398
206 399
206 400
206 401
206 403
206 404
206 405
206 406
206 407
206 408
206 409
206 410
206 411
206 412
206 413
206 414
206 415
207 324
207 327
207 328
207 333
207 335
207 360
207 370
207 379
207 316
207 317
207 414
208 405
208 320
208 321
208 322
208 323
208 324
208 327
208 328
208 329
208 330
208 331
208 332
208 333
208 339
208 342
208 343
208 344
208 370
208 372
208 373
208 377
208 379
208 381
209 323
209 324
209 327
209 360
209 329
209 331
209 333
209 370
210 323
210 324
210 360
210 329
210 331
210 333
210 402
210 335
210 370
210 403
210 379
210 316
210 317
210 319
211 352
211 363
211 324
211 362
211 331
211 332
211 333
211 371
211 343
211 344
211 377
211 351
211 350
211 319
212 353
212 322
212 324
212 326
212 327
212 333
212 371
212 376
212 317
213 352
213 353
213 411
213 324
213 326
213 327
213 361
213 369
213 333
213 366
213 349
213 336
213 368
213 370
213 371
213 365
213 344
213 379
213 348
213 317
213 414
214 400
214 403
214 407
214 408
214 409
214 410
214 415
214 316
214 317
214 318
214 319
214 320
214 321
214 322
214 323
214 324
214 327
214 328
214 329
214 330
214 331
214 332
214 333
214 334
214 339
214 341
214 342
214 343
214 344
214 347
214 352
214 353
214 355
214 365
214 371
214 372
214 373
214 377
214 378
215 324
215 326
215 328
215 333
215 335
215 401
215 370
215 403
215 381
215 345
215 410
215 379
215 317
215 414
216 377
216 402
216 379
216 324
216 333
217 353
217 354
217 323
217 324
217 385
217 392
217 394
217 371
217 396
217 333
217 398
217 335
217 355
217 414
217 376
217 356
217 367
217 316
217 411
217 383
218 408
218 317
218 318
218 319
218 320
218 321
218 322
218 323
218 324
218 327
218 331
218 332
218 333
218 338
218 339
218 340
218 342
218 343
218 344
218 345
218 353
218 354
218 355
218 358
218 368
218 369
218 370
218 371
218 377
218 378
219 316
219 317
219 318
219 319
219 320
219 321
219 322
219 323
219 324
219 326
219 327
219 328
219 329
219 330
219 331
219 332
219 333
219 334
219 335
219 336
219 337
219 338
219 339
219 340
219 341
219 342
219 343
219 344
219 346
219 347
219 348
219 349
219 350
219 351
219 352
219 353
219 354
219 355
219 356
219 357
219 358
219 359
219 360
219 361
219 362
219 363
219 365
219 367
219 368
219 369
219 370
219 371
219 372
219 373
219 374
219 375
219 377
219 378
219 379
219 381
219 382
219 385
219 386
219 387
219 388
219 389
219 391
219 392
219 395
219 396
219 398
219 399
219 400
219 401
219 402
219 403
219 404
219 405
219 406
219 407
219 408
219 409
219 410
219 411
219 412
219 413
219 414
219 415
220 320
220 323
220 324
220 327
220 371
220 377
220 379
220 317
221 316
221 317
221 318
221 319
221 320
221 323
221 324
221 326
221 327
221 328
221 329
221 330
221 331
221 333
221 335
221 338
221 343
221 352
221 360
221 365
221 370
221 371
221 374
221 377
221 378
221 379
221 381
222 384
222 399
222 401
222 404
222 409
222 414
222 316
222 317
222 319
222 322
222 323
222 324
222 329
222 331
222 333
222 335
222 340
222 345
222 347
222 352
222 353
222 354
222 356
222 365
222 367
222 370
222 371
222 374
222 376
222 377
222 379
222 381
223 353
223 324
223 326
223 328
223 331
223 333
223 335
223 401
223 370
223 371
223 399
223 414
223 374
223 376
223 345
223 347
223 316
223 317
223 318
224 384
224 387
224 399
224 400
224 404
224 406
224 409
224 411
224 414
224 316
224 317
224 319
224 324
224 326
224 327
224 329
224 333
224 353
224 355
224 365
224 371
224 374
224 376
224 379
224 381
225 324
225 360
225 333
225 370
225 403
225 377
226 408
226 318
226 320
226 322
226 323
226 324
226 326
226 327
226 328
226 329
226 330
226 331
226 332
226 333
226 340
226 341
226 342
226 352
226 355
226 358
226 359
226 360
226 370
226 377
227 320
227 324
227 328
227 331
227 333
227 408
227 319
228 324
228 331
228 371
228 340
228 341
228 342
228 377
228 344
228 345
228 316
228 382
229 377
229 371
229 324
230 401
230 414
230 317
230 322
230 324
230 326
230 327
230 333
230 335
230 340
230 342
230 345
230 353
230 354
230 359
230 365
230 368
230 370
230 371
230 374
230 376
230 379
231 320
231 323
231 324
231 374
231 328
231 333
231 370
231 371
231 342
231 344
231 377
231 379
231 316
231 317
232 385
232 386
232 388
232 389
232 391
232 392
232 393
232 395
232 398
232 400
232 404
232 405
232 408
232 410
232 411
232 414
232 316
232 317
232 319
232 320
232 321
232 322
232 323
232 324
232 326
232 328
232 329
232 330
232 331
232 332
232 333
232 334
232 338
232 339
232 340
232 342
232 343
232 344
232 345
232 349
232 350
232 351
232 352
232 354
232 355
232 356
232 359
232 360
232 362
232 363
232 365
232 367
232 370
232 371
232 372
232 377
232 378
232 379
233 324
233 326
233 327
233 329
233 331
233 333
233 409
233 414
234 324
234 368
234 371
234 377
234 316
234 317
236 354
236 324
236 333
236 403
236 377
236 379
236 316
236 381
237 405
237 408
237 317
237 318
237 319
237 320
237 321
237 323
237 324
237 327
237 329
237 331
237 333
237 338
237 340
237 342
237 343
237 344
237 345
237 350
237 355
237 359
237 371
237 377
238 329
238 355
238 324
238 333
239 371
239 323
240 323
240 328
240 329
240 331
240 333
240 374
240 377
241 322
241 324
241 329
241 333
241 340
241 405
241 408
241 377
242 353
242 324
242 326
242 327
242 328
242 333
242 381
242 401
242 371
242 376
242 378
242 317
242 414
243 321
243 324
243 329
243 362
243 331
243 332
243 333
243 414
243 408
243 341
243 342
243 344
243 345
243 346
243 316
243 317
243 350
243 405
244 385
244 399
244 409
244 411
244 414
244 316
244 317
244 318
244 320
244 323
244 324
244 326
244 327
244 328
244 329
244 331
244 334
244 337
244 338
244 340
244 342
244 344
244 349
244 351
244 352
244 353
244 355
244 358
244 359
244 367
244 368
244 370
244 372
244 374
244 377
244 379
245 385
245 387
245 392
245 400
245 408
245 414
245 316
245 317
245 320
245 321
245 324
245 327
245 328
245 329
245 330
245 332
245 333
245 338
245 340
245 341
245 345
245 355
245 365
245 370
245 371
245 377
245 379
246 353
246 355
246 324
246 325
246 326
246 329
246 333
246 334
246 376
246 370
246 371
246 341
246 374
246 344
246 379
246 317
246 382
246 390
247 385
247 386
247 388
247 391
247 399
247 401
247 402
247 409
247 410
247 411
247 412
247 414
247 317
247 318
247 319
247 320
247 323
247 324
247 327
247 328
247 329
247 331
247 332
247 333
247 334
247 335
247 338
247 341
247 342
247 343
247 344
247 345
247 349
247 350
247 352
247 353
247 354
247 355
247 367
247 370
247 371
247 374
247 377
247 379
248 391
248 399
248 400
248 401
248 403
248 404
248 408
248 413
248 316
248 317
248 320
248 323
248 324
248 326
248 327
248 328
248 329
248 331
248 333
248 352
248 354
248 355
248 357
248 359
248 362
248 365
248 372
248 373
248 376
248 377
248 378
248 381
248 382
249 320
249 321
249 323
249 324
249 329
249 331
249 332
249 333
249 365
249 408
249 370
249 371
249 405
249 381
249 344
249 356
249 379
249 316
249 317
249 351
250 353
250 354
250 324
250 394
250 333
250 366
250 374
250 409
250 376
250 345
250 316
250 317
250 414
251 324
251 328
251 331
251 333
251 370
251 371
251 316
251 317
252 385
252 394
252 399
252 401
252 403
252 409
252 414
252 316
252 317
252 318
252 320
252 324
252 326
252 329
252 331
252 333
252 335
252 336
252 344
252 345
252 352
252 353
252 354
252 364
252 371
252 374
252 376
252 380
252 383
253 385
253 394
253 396
253 398
253 399
253 400
253 401
253 403
253 404
253 406
253 407
253 409
253 410
253 411
253 412
253 413
253 414
253 316
253 317
253 318
253 319
253 320
253 322
253 324
253 325
253 326
253 327
253 328
253 329
253 330
253 331
253 333
253 334
253 335
253 339
253 340
253 341
253 343
253 344
253 345
253 346
253 347
253 350
253 352
253 353
253 354
253 355
253 356
253 357
253 358
253 359
253 360
253 364
253 365
253 366
253 367
253 368
253 370
253 371
253 372
253 374
253 376
253 377
253 379
253 381
253 382
253 383
254 320
254 353
254 322
254 324
254 354
254 364
254 333
254 366
254 335
254 401
254 371
254 398
254 376
254 345
254 346
254 316
254 317
254 410
254 319
255 322
255 323
255 324
255 328
255 329
255 330
255 331
255 332
255 333
255 408
255 338
255 371
255 340
255 341
255 342
255 343
255 354
255 377
255 350
255 319
256 322
256 323
256 324
256 408
256 326
256 328
256 331
256 360
256 338
256 371
256 340
256 350
256 342
256 343
256 344
256 345
256 318
256 319
257 320
257 331
257 332
257 365
257 339
257 317
258 402
258 404
258 405
258 408
258 409
258 411
258 316
258 320
258 321
258 322
258 323
258 324
258 326
258 327
258 328
258 329
258 330
258 331
258 333
258 334
258 335
258 338
258 339
258 340
258 342
258 343
258 345
258 349
258 350
258 352
258 353
258 354
258 357
258 359
258 360
258 367
258 368
258 370
258 371
258 372
258 374
258 377
258 378
258 381
259 322
259 323
259 324
259 326
259 404
259 331
259 333
259 408
259 339
259 340
259 341
259 342
259 343
259 344
259 345
259 371
259 377
260 385
260 386
260 391
260 392
260 399
260 400
260 401
260 402
260 404
260 405
260 407
260 408
260 409
260 410
260 411
260 412
260 414
260 316
260 317
260 318
260 320
260 321
260 322
260 323
260 324
260 325
260 326
260 327
260 328
260 329
260 330
260 331
260 333
260 334
260 335
260 336
260 338
260 340
260 341
260 342
260 343
260 344
260 345
260 347
260 349
260 351
260 352
260 353
260 354
260 355
260 356
260 357
260 359
260 360
260 361
260 362
260 364
260 365
260 366
260 367
260 368
260 369
260 370
260 371
260 372
260 374
260 376
260 377
260 378
260 379
260 380
260 381
261 320
261 377
261 371
261 327
262 390
262 397
262 399
262 401
262 403
262 414
262 317
262 318
262 322
262 324
262 326
262 327
262 328
262 329
262 333
262 340
262 342
262 344
262 345
262 352
262 353
262 354
262 355
262 365
262 368
262 370
262 371
262 374
262 376
262 377
262 379
262 381
263 392
263 399
263 401
263 404
263 405
263 407
263 408
263 409
263 410
263 411
263 412
263 414
263 316
263 317
263 320
263 321
263 322
263 323
263 324
263 326
263 327
263 328
263 329
263 330
263 336
263 337
263 338
263 339
263 340
263 341
263 342
263 343
263 344
263 345
263 346
263 348
263 349
263 350
263 351
263 352
263 353
263 354
263 355
263 356
263 359
263 360
263 361
263 362
263 363
263 364
263 365
263 366
263 367
263 368
263 369
263 370
263 371
263 372
263 374
263 377
263 378
264 352
264 324
264 327
264 329
264 333
264 402
264 340
264 377
264 379
264 316
264 317
264 414
265 386
265 387
265 388
265 391
265 392
265 397
265 401
265 404
265 407
265 410
265 411
265 414
265 317
265 320
265 321
265 324
265 326
265 327
265 328
265 329
265 330
265 332
265 333
265 334
265 336
265 338
265 340
265 341
265 342
265 343
265 344
265 345
265 346
265 348
265 349
265 350
265 351
265 352
265 353
265 354
265 355
265 356
265 357
265 359
265 360
265 361
265 362
265 363
265 364
265 365
265 366
265 367
265 368
265 369
265 370
265 371
265 372
265 373
265 374
265 377
265 378
265 381
266 324
266 327
266 360
266 331
266 333
266 370
266 377
267 321
267 323
267 324
267 327
267 329
267 359
267 333
267 366
267 365
267 368
267 355
267 374
267 361
267 317
267 350
268 316
268 317
268 318
268 319
268 320
268 321
268 322
268 323
268 324
268 326
268 327
268 328
268 329
268 330
268 331
268 333
268 334
268 335
268 336
268 337
268 338
268 339
268 340
268 341
268 342
268 343
268 344
268 345
268 346
268 348
268 349
268 350
268 351
268 352
268 353
268 354
268 355
268 356
268 357
268 358
268 359
268 360
268 361
268 362
268 363
268 364
268 365
268 366
268 367
268 368
268 369
268 370
268 371
268 372
268 374
268 375
268 376
268 377
268 378
268 379
268 381
268 382
268 383
268 385
268 386
268 388
268 389
268 391
268 392
268 393
268 394
268 395
268 396
268 397
268 398
268 399
268 401
268 402
268 403
268 404
268 405
268 407
268 408
268 409
268 410
268 411
268 412
268 414
268 415
269 405
269 408
269 317
269 320
269 321
269 322
269 324
269 329
269 332
269 333
269 338
269 339
269 340
269 341
269 342
269 343
269 344
269 345
269 350
269 354
269 359
269 362
269 365
269 372
269 377
270 323
270 324
270 327
270 360
270 333
270 370
270 373
270 377
270 379
270 316
271 399
271 401
271 404
271 409
271 414
271 316
271 317
271 318
271 319
271 320
271 322
271 324
271 325
271 326
271 327
271 329
271 333
271 335
271 340
271 345
271 352
271 353
271 355
271 359
271 371
271 374
271 376
271 379
272 385
272 391
272 393
272 398
272 415
272 316
272 317
272 318
272 320
272 324
272 327
272 331
272 332
272 333
272 339
272 349
272 350
272 352
272 354
272 355
272 365
272 372
272 377
273 385
273 391
273 392
273 398
273 399
273 400
273 401
273 402
273 403
273 404
273 405
273 407
273 408
273 409
273 410
273 411
273 412
273 413
273 414
273 415
273 316
273 317
273 318
273 319
273 320
273 321
273 322
273 323
273 324
273 325
273 326
273 327
273 329
273 330
273 331
273 332
273 333
273 334
273 337
273 338
273 339
273 340
273 342
273 343
273 344
273 346
273 350
273 352
273 355
273 358
273 365
273 370
273 371
273 372
273 373
273 374
273 376
273 377
273 381
274 352
274 354
274 355
274 324
274 326
274 328
274 329
274 331
274 335
274 402
274 372
274 374
274 377
274 378
274 379
274 317
274 350
275 393
275 407
275 410
275 411
275 316
275 317
275 319
275 320
275 323
275 324
275 326
275 327
275 328
275 329
275 332
275 333
275 337
275 343
275 350
275 351
275 352
275 355
275 360
275 362
275 363
275 370
275 371
275 372
275 377
276 320
276 321
276 323
276 324
276 329
276 331
276 377
276 317
277 385
277 387
277 396
277 398
277 399
277 400
277 401
277 403
277 404
277 405
277 407
277 408
277 409
277 410
277 411
277 412
277 413
277 414
277 316
277 317
277 318
277 319
277 320
277 321
277 323
277 324
277 325
277 326
277 327
277 328
277 329
277 330
277 331
277 332
277 333
277 334
277 335
277 337
277 338
277 340
277 341
277 342
277 343
277 344
277 345
277 346
277 347
277 349
277 350
277 351
277 352
277 353
277 355
277 357
277 358
277 359
277 360
277 361
277 365
277 366
277 367
277 368
277 369
277 370
277 371
277 372
277 374
277 377
277 378
277 379
277 381
277 382
278 385
278 387
278 392
278 401
278 402
278 405
278 408
278 411
278 414
278 319
278 320
278 321
278 322
278 323
278 324
278 326
278 327
278 328
278 329
278 330
278 331
278 333
278 334
278 336
278 337
278 338
278 339
278 340
278 341
278 342
278 343
278 344
278 345
278 346
278 348
278 349
278 350
278 351
278 352
278 353
278 354
278 356
278 357
278 358
278 359
278 360
278 361
278 364
278 365
278 366
278 367
278 368
278 369
278 370
278 371
278 372
278 374
278 375
278 377
278 378
278 379
278 381
279 320
279 321
279 324
279 405
279 331
279 332
279 333
279 408
279 341
279 342
279 343
279 344
279 345
279 317
279 318
279 377
280 353
280 322
280 324
280 326
280 327
280 328
280 333
280 381
280 371
280 404
280 374
280 409
280 376
280 377
280 399
280 316
280 317
280 414
280 319
281 352
281 353
281 324
281 393
281 364
281 333
281 365
281 344
281 377
281 317
281 351
282 344
282 352
282 316
282 405
283 320
283 323
283 324
283 328
283 331
283 333
283 408
283 371
283 341
283 343
283 344
283 345
284 352
284 324
284 327
284 361
284 362
284 333
284 365
284 368
284 370
284 344
284 377
284 350
284 351
285 405
285 408
285 317
285 320
285 321
285 322
285 324
285 327
285 329
285 330
285 331
285 332
285 333
285 334
285 338
285 339
285 340
285 341
285 342
285 344
285 345
285 354
285 359
285 365
285 371
286 355
286 324
286 357
286 326
286 327
286 329
286 362
286 391
286 333
286 343
286 316
287 320
287 353
287 354
287 355
287 361
287 364
287 365
287 366
287 370
287 377
288 385
288 324
288 326
288 327
288 328
288 329
288 333
288 317
289 408
289 324
289 316
289 377
289 343
290 316
290 317
290 318
290 319
290 320
290 321
290 322
290 323
290 324
290 326
290 327
290 328
290 329
290 330
290 331
290 332
290 333
290 334
290 335
290 336
290 337
290 338
290 339
290 340
290 341
290 342
290 343
290 344
290 345
290 348
290 349
290 350
290 351
290 352
290 353
290 354
290 355
290 356
290 357
290 358
290 359
290 360
290 361
290 362
290 363
290 364
290 365
290 366
290 367
290 368
290 369
290 370
290 371
290 372
290 373
290 374
290 375
290 377
290 378
290 379
290 380
290 381
290 382
290 383
290 384
290 385
290 386
290 387
290 388
290 389
290 390
290 391
290 392
290 394
290 395
290 396
290 397
290 398
290 399
290 400
290 401
290 404
290 405
290 406
290 407
290 408
290 409
290 410
290 411
290 412
290 414
290 415
291 393
291 396
291 399
291 400
291 401
291 402
291 403
291 404
291 405
291 407
291 408
291 410
291 411
291 412
291 413
291 414
291 316
291 317
291 318
291 319
291 320
291 321
291 322
291 323
291 324
291 325
291 326
291 327
291 328
291 329
291 330
291 331
291 333
291 334
291 335
291 337
291 338
291 339
291 340
291 341
291 342
291 343
291 344
291 345
291 346
291 347
291 349
291 350
291 352
291 353
291 354
291 355
291 356
291 357
291 358
291 360
291 361
291 363
291 365
291 366
291 367
291 368
291 369
291 370
291 371
291 372
291 374
291 376
291 377
291 379
291 380
291 382
292 352
292 372
292 324
292 377
293 320
293 377
293 332
293 333
294 320
294 321
294 322
294 323
294 324
294 327
294 328
294 330
294 331
294 332
294 333
294 408
294 339
294 372
294 341
294 342
294 377
294 344
294 354
294 405
295 352
295 354
295 379
295 324
295 330
295 333
295 365
295 402
295 339
295 372
295 377
295 347
295 317
295 414
295 319
296 317
296 365
297 355
297 324
297 357
297 327
297 393
297 362
297 359
297 332
297 333
297 403
297 404
297 378
297 316
297 415
298 352
298 353
298 324
298 326
298 327
298 328
298 329
298 333
298 385
298 370
298 371
298 344
298 379
298 316
298 317
298 414
299 390
299 399
299 401
299 404
299 414
299 316
299 317
299 318
299 319
299 322
299 323
299 324
299 325
299 326
299 327
299 328
299 329
299 330
299 331
299 333
299 335
299 338
299 343
299 344
299 345
299 354
299 355
299 360
299 365
299 366
299 368
299 370
299 374
299 376
299 377
299 379
299 380
299 382
300 352
300 377
300 379
300 412
300 318
301 388
301 393
301 395
301 403
301 404
301 405
301 407
301 408
301 409
301 410
301 411
301 414
301 415
301 316
301 317
301 318
301 319
301 320
301 321
301 322
301 323
301 324
301 325
301 326
301 327
301 328
301 329
301 330
301 331
301 332
301 333
301 334
301 335
301 338
301 339
301 340
301 341
301 342
301 343
301 344
301 345
301 346
301 352
301 354
301 355
301 356
301 359
301 362
301 363
301 365
301 368
301 372
301 373
301 377
301 378
302 324
302 327
302 329
302 362
302 331
302 333
302 408
302 341
302 342
302 343
302 344
302 345
302 317
302 405
303 385
303 386
303 389
303 392
303 393
303 395
303 407
303 408
303 409
303 410
303 411
303 415
303 316
303 317
303 320
303 321
303 322
303 324
303 326
303 327
303 328
303 329
303 330
303 332
303 333
303 334
303 338
303 339
303 340
303 341
303 342
303 343
303 344
303 345
303 346
303 349
303 350
303 351
303 352
303 353
303 354
303 355
303 356
303 357
303 360
303 362
303 363
303 365
303 367
303 370
303 371
303 372
303 373
303 377
303 378
304 384
304 385
304 386
304 387
304 390
304 391
304 392
304 393
304 394
304 395
304 396
304 397
304 398
304 399
304 401
304 403
304 404
304 406
304 407
304 408
304 409
304 410
304 411
304 413
304 414
304 317
304 318
304 320
304 322
304 324
304 325
304 326
304 327
304 328
304 329
304 331
304 333
304 335
304 337
304 342
304 344
304 345
304 352
304 353
304 355
304 356
304 357
304 358
304 359
304 365
304 367
304 368
304 371
304 374
304 376
304 383
305 401
305 404
305 405
305 408
305 410
305 414
305 316
305 317
305 320
305 321
305 323
305 324
305 329
305 331
305 333
305 335
305 341
305 342
305 343
305 344
305 355
305 356
305 357
305 360
305 370
305 371
305 377
305 379
305 381
305 382
306 353
306 324
306 326
306 359
306 396
306 376
306 377
306 319
307 321
307 322
307 355
307 324
307 382
307 331
307 333
307 408
307 370
307 340
307 341
307 342
307 377
307 344
307 372
307 350
307 405
308 324
308 326
308 327
308 360
308 380
308 331
308 333
308 381
308 370
308 377
308 379
308 316
308 317
309 361
309 370
309 369
309 365
309 359
310 355
310 361
310 333
310 366
310 365
310 369
310 340
310 344
310 377
310 367
311 332
311 333
312 370
312 324
313 324
313 326
313 327
313 361
313 363
313 333
313 366
313 365
313 371
313 377
313 382
314 320
314 352
314 322
314 323
314 324
314 377
314 328
314 372
314 331
314 333
314 405
314 354
314 341
314 342
314 343
314 344
314 345
314 316
314 317
314 350
314 351
315 385
315 393
315 399
315 401
315 404
315 405
315 406
315 407
315 408
315 409
315 410
315 411
315 412
315 414
315 316
315 317
315 319
315 320
315 321
315 323
315 324
315 325
315 326
315 327
315 328
315 329
315 331
315 332
315 333
315 334
315 337
315 338
315 339
315 340
315 342
315 343
315 344
315 345
315 346
315 349
315 351
315 352
315 354
315 355
315 356
315 358
315 359
315 360
315 361
315 362
315 363
315 364
315 366
315 367
315 368
315 369
315 370
315 371
315 372
315 373
315 374
315 376
315 377
315 378
315 379
315 382
